6_Funeral_Funeral_6_759
107
692 49 30 42 0.901
267 160 36 50 0.892
651 183 37 49 0.891
69 164 37 52 0.877
898 285 39 54 0.877
497 261 40 46 0.875
170 65 31 45 0.865
380 116 34 41 0.865
716 138 32 39 0.860
363 53 31 43 0.860
109 268 39 58 0.859
318 271 39 53 0.858
336 180 30 39 0.856
123 7 32 46 0.855
326 92 31 37 0.854
452 2 26 33 0.854
958 217 33 42 0.854
127 93 31 40 0.853
744 350 34 43 0.851
461 95 31 38 0.845
566 13 29 37 0.844
777 214 32 42 0.844
604 81 30 37 0.843
798 100 28 35 0.841
195 0 28 38 0.840
950 147 33 42 0.837
442 157 35 49 0.835
683 11 30 36 0.834
850 273 29 39 0.832
727 64 33 39 0.831
655 134 33 43 0.830
17 89 33 45 0.826
634 21 28 39 0.825
315 -1 30 34 0.823
801 26 28 40 0.820
865 120 35 43 0.820
261 113 35 42 0.815
909 45 32 39 0.810
964 98 25 35 0.810
434 71 30 42 0.809
94 74 33 38 0.793
497 29 31 41 0.775
201 159 30 40 0.775
956 64 23 30 0.729
363 10 24 33 0.719
46 141 30 46 0.711
384 14 28 36 0.710
204 91 28 34 0.686
180 156 29 37 0.670
892 2 27 23 0.588
661 99 28 36 0.584
783 11 30 39 0.582
235 62 35 45 0.508
534 50 33 39 0.431
60 310 30 38 0.420
274 66 26 30 0.395
917 1 30 18 0.382
870 101 32 47 0.370
251 86 29 37 0.343
876 91 27 35 0.330
274 299 37 38 0.312
446 79 35 44 0.272
546 174 37 38 0.245
545 34 25 37 0.179
421 144 45 49 0.178
658 117 37 52 0.162
505 2 41 28 0.146
199 89 54 36 0.135
771 16 22 34 0.120
552 17 34 43 0.119
524 5 23 27 0.110
841 264 35 43 0.107
238 56 58 39 0.104
202 23 36 49 0.101
496 5 26 28 0.095
890 58 28 37 0.095
981 332 30 37 0.088
918 -2 22 16 0.080
268 55 29 35 0.077
547 30 20 27 0.058
225 3 21 30 0.057
414 26 18 26 0.056
188 74 36 43 0.056
268 51 23 27 0.039
232 54 30 41 0.036
850 0 30 10 0.034
223 15 22 27 0.028
48 131 30 41 0.027
650 1 24 14 0.024
956 33 24 27 0.023
550 48 23 29 0.021
938 1 26 17 0.020
898 52 24 33 0.020
533 61 23 27 0.019
240 74 24 29 0.019
503 0 31 23 0.016
848 -1 26 16 0.014
807 1 31 27 0.014
271 45 27 29 0.013
825 97 43 46 0.012
418 141 30 33 0.012
415 32 20 27 0.011
801 210 21 35 0.011
491 0 24 22 0.010
214 3 30 36 0.010
288 72 24 29 0.010
50 132 23 26 0.010
