6_Funeral_Funeral_6_696
72
459 170 61 82 0.908
562 64 64 90 0.886
675 118 64 84 0.872
969 169 53 65 0.862
160 192 32 43 0.860
560 205 56 88 0.858
895 129 47 60 0.843
329 177 26 33 0.833
815 146 50 69 0.830
118 187 29 36 0.790
409 90 53 57 0.790
266 154 25 30 0.775
20 202 25 30 0.774
364 176 21 29 0.767
90 159 20 22 0.766
220 174 19 27 0.757
59 196 26 32 0.741
24 163 20 24 0.699
293 163 18 24 0.699
5 175 27 32 0.698
388 158 20 27 0.661
60 174 20 23 0.652
172 165 21 24 0.612
549 146 15 23 0.582
805 162 15 22 0.556
518 159 14 21 0.536
347 160 14 16 0.479
94 184 25 34 0.454
957 159 24 33 0.373
295 48 7 10 0.335
537 172 15 21 0.299
783 158 12 15 0.291
522 162 17 22 0.262
222 160 17 23 0.220
552 147 9 16 0.199
294 57 8 11 0.198
365 166 14 18 0.187
797 161 19 19 0.183
378 159 29 33 0.177
86 184 63 35 0.166
294 52 8 11 0.164
550 132 14 60 0.124
342 169 19 26 0.104
550 154 16 25 0.103
308 46 9 10 0.086
345 163 18 22 0.080
117 172 18 23 0.074
345 161 37 20 0.074
541 166 16 22 0.070
178 168 20 22 0.051
156 173 18 22 0.043
512 160 19 28 0.043
352 164 42 32 0.039
114 181 24 30 0.035
779 157 13 18 0.034
803 157 24 35 0.031
116 168 16 19 0.030
1012 127 12 21 0.029
388 152 17 24 0.027
311 48 8 9 0.020
308 52 9 10 0.020
121 167 15 18 0.020
783 163 12 16 0.016
791 193 18 22 0.015
96 177 21 26 0.015
95 199 21 23 0.015
953 158 20 29 0.011
1007 128 18 35 0.011
390 160 34 32 0.011
670 137 16 23 0.010
173 159 18 18 0.010
0 189 11 23 0.010
