6_Funeral_Funeral_6_177
334
783 157 36 42 0.840
876 154 30 38 0.807
550 213 33 57 0.789
900 193 29 36 0.780
419 259 28 44 0.769
447 259 28 39 0.752
688 171 28 42 0.749
627 184 33 41 0.743
916 154 27 37 0.736
227 231 27 45 0.721
68 215 46 58 0.698
963 159 25 33 0.672
490 261 27 33 0.672
262 181 33 54 0.650
410 175 13 15 0.626
537 261 25 35 0.607
515 190 14 19 0.603
358 189 11 14 0.580
155 579 10 12 0.563
449 186 12 16 0.543
182 576 11 12 0.499
98 598 10 12 0.495
205 572 10 11 0.493
151 413 10 11 0.462
167 471 10 11 0.462
7 200 15 19 0.460
151 462 10 10 0.453
169 518 10 12 0.453
30 553 9 10 0.444
54 548 10 11 0.436
112 532 10 13 0.431
69 483 10 11 0.431
43 612 8 9 0.427
499 186 17 22 0.416
137 402 9 11 0.405
39 489 10 11 0.399
173 455 9 11 0.386
87 541 10 12 0.384
67 608 10 11 0.376
31 505 9 11 0.374
156 534 10 13 0.367
126 587 11 13 0.341
113 408 10 12 0.329
129 419 9 11 0.327
768 197 16 19 0.300
96 475 10 11 0.291
597 184 22 26 0.286
180 528 10 13 0.273
115 350 8 10 0.270
146 479 10 11 0.261
86 417 9 11 0.259
55 422 9 11 0.233
72 557 11 13 0.228
143 655 11 12 0.225
157 398 9 10 0.222
143 526 10 11 0.214
342 425 9 12 0.214
399 192 15 24 0.208
17 555 9 9 0.205
171 591 11 12 0.187
174 524 12 14 0.186
127 537 11 14 0.184
737 182 13 20 0.183
183 560 9 40 0.166
151 408 12 19 0.164
43 565 10 12 0.163
158 583 12 12 0.159
9 229 23 41 0.155
123 470 10 11 0.152
152 581 12 14 0.151
167 201 11 15 0.150
115 603 11 12 0.150
380 186 11 15 0.144
103 549 10 13 0.142
406 198 15 24 0.140
126 468 10 10 0.139
151 192 15 16 0.139
29 499 12 14 0.135
101 358 8 10 0.134
102 425 10 11 0.133
555 184 10 14 0.132
287 423 10 10 0.132
317 541 9 10 0.129
316 424 10 11 0.128
16 626 7 9 0.124
18 489 10 12 0.121
22 612 11 10 0.120
0 572 6 13 0.116
99 492 13 11 0.113
291 541 10 10 0.110
194 512 9 11 0.106
43 437 10 12 0.102
555 184 15 20 0.100
19 612 9 11 0.099
157 531 15 14 0.097
147 346 8 10 0.096
115 352 11 11 0.092
84 491 10 12 0.091
910 164 22 28 0.090
144 471 11 15 0.090
252 443 9 12 0.090
437 237 19 20 0.087
906 180 32 43 0.087
270 410 8 9 0.087
231 223 21 39 0.085
74 431 10 12 0.085
241 197 18 30 0.084
55 536 10 36 0.083
117 658 10 11 0.083
375 166 10 13 0.083
190 575 12 12 0.082
51 499 12 13 0.082
242 209 14 19 0.080
384 187 13 17 0.080
142 593 12 14 0.080
39 555 14 23 0.080
138 526 12 12 0.078
130 361 11 11 0.077
329 439 10 11 0.076
267 538 8 11 0.075
365 187 16 16 0.073
52 424 9 13 0.073
170 653 9 11 0.071
252 196 17 26 0.070
258 594 11 14 0.068
18 567 8 11 0.068
156 394 9 12 0.067
542 240 28 46 0.063
9 205 17 31 0.063
84 416 9 10 0.058
134 347 8 9 0.055
75 560 10 12 0.054
1 524 7 12 0.052
276 553 10 12 0.052
442 237 26 50 0.052
353 172 10 15 0.052
176 454 11 12 0.052
621 180 22 31 0.052
106 354 13 12 0.050
178 576 11 13 0.050
190 513 10 12 0.050
102 479 10 35 0.050
378 177 10 16 0.049
0 572 8 27 0.049
97 419 14 18 0.049
177 489 11 79 0.048
431 240 24 37 0.048
739 188 13 17 0.048
685 176 56 34 0.048
499 173 18 21 0.047
1012 158 12 31 0.046
182 575 32 11 0.045
19 567 12 13 0.045
14 232 17 26 0.045
304 557 10 12 0.045
257 191 21 28 0.045
168 208 12 14 0.044
540 198 13 17 0.043
37 626 8 11 0.043
100 471 10 26 0.043
593 187 25 38 0.043
545 170 24 51 0.042
496 190 16 24 0.042
258 186 28 40 0.041
371 164 12 16 0.041
90 562 9 12 0.041
1 235 28 63 0.040
756 194 17 19 0.040
133 363 9 10 0.039
158 404 10 13 0.039
45 485 12 13 0.039
137 560 33 58 0.038
731 175 17 30 0.038
571 180 13 17 0.038
239 187 13 13 0.038
79 479 10 12 0.037
168 431 11 78 0.035
381 262 22 29 0.034
115 485 10 12 0.034
685 169 16 24 0.033
765 198 14 16 0.033
399 198 18 27 0.033
361 425 9 11 0.033
19 197 10 16 0.032
471 255 36 43 0.032
42 564 15 17 0.032
192 496 10 43 0.031
173 575 21 16 0.031
116 471 12 24 0.031
149 521 19 19 0.030
271 182 42 55 0.030
26 527 10 13 0.029
187 639 9 12 0.029
158 400 9 13 0.029
114 529 15 26 0.028
0 587 7 13 0.028
341 411 8 40 0.028
27 520 12 20 0.028
126 470 13 15 0.028
600 178 16 25 0.028
165 195 13 14 0.028
283 599 10 13 0.028
195 202 10 13 0.028
159 197 20 20 0.028
133 543 13 13 0.027
240 443 9 12 0.027
173 543 12 14 0.027
19 505 10 14 0.027
528 223 13 19 0.027
64 563 10 13 0.027
81 508 16 84 0.027
118 321 12 70 0.027
142 524 33 12 0.025
1 266 26 50 0.025
289 540 9 10 0.025
858 178 17 22 0.025
671 181 14 19 0.025
266 614 10 12 0.024
118 606 12 13 0.024
274 534 10 44 0.024
33 441 10 13 0.023
1 482 10 17 0.023
19 458 10 14 0.023
557 181 27 21 0.023
905 174 22 27 0.023
349 155 12 55 0.023
11 195 14 17 0.023
90 352 15 11 0.022
83 536 15 26 0.022
371 190 14 16 0.022
613 186 23 30 0.022
271 537 9 28 0.022
300 436 10 12 0.022
40 596 45 41 0.022
364 161 17 14 0.022
886 162 24 29 0.021
61 609 13 20 0.021
376 159 11 20 0.021
14 588 10 10 0.021
348 154 12 18 0.020
103 498 9 12 0.020
545 172 12 16 0.020
74 346 13 14 0.020
283 479 10 14 0.019
193 590 11 13 0.019
542 187 13 19 0.019
20 609 16 29 0.019
231 425 10 13 0.019
171 537 11 20 0.019
313 537 11 19 0.019
25 535 30 64 0.019
835 185 19 23 0.019
531 214 13 20 0.019
57 621 11 15 0.019
273 545 12 21 0.019
130 345 10 42 0.018
849 174 30 29 0.018
73 609 13 20 0.018
94 570 41 63 0.018
285 538 13 22 0.018
340 151 10 11 0.018
544 273 19 25 0.017
412 197 13 19 0.017
681 174 17 29 0.017
378 267 17 22 0.017
14 612 7 10 0.017
67 445 27 84 0.017
548 190 15 30 0.017
50 421 10 12 0.017
484 190 19 23 0.016
148 545 42 81 0.016
0 522 7 27 0.016
77 614 13 12 0.016
35 515 12 19 0.016
337 182 14 18 0.015
258 216 15 23 0.015
118 656 15 13 0.015
165 206 12 15 0.015
327 554 9 11 0.015
253 545 10 13 0.015
90 349 10 11 0.015
310 486 10 13 0.015
11 610 9 15 0.015
287 438 9 12 0.014
133 339 7 38 0.014
960 170 20 25 0.014
7 536 10 24 0.014
121 358 12 17 0.014
589 176 16 23 0.014
17 573 8 95 0.014
96 588 11 30 0.014
564 175 14 23 0.014
32 455 9 11 0.014
154 601 11 12 0.014
31 449 13 106 0.014
454 191 13 16 0.014
54 626 9 10 0.014
146 655 13 13 0.013
143 599 12 13 0.013
69 541 11 14 0.013
130 441 38 59 0.013
0 563 6 20 0.013
164 554 10 13 0.013
493 173 16 18 0.013
280 398 11 10 0.013
436 231 17 20 0.013
295 438 16 11 0.013
497 233 17 23 0.013
152 426 10 18 0.013
23 195 11 12 0.013
108 554 14 17 0.012
362 453 11 12 0.012
21 454 14 18 0.012
199 519 10 16 0.012
626 184 23 29 0.012
361 157 17 22 0.012
733 160 15 21 0.012
154 516 11 12 0.012
148 520 33 30 0.012
85 222 36 52 0.011
363 193 18 19 0.011
108 427 12 12 0.011
161 412 11 13 0.011
64 435 16 113 0.011
59 607 23 15 0.011
542 202 21 30 0.011
380 173 10 26 0.011
343 153 16 13 0.011
33 526 12 14 0.010
500 168 15 17 0.010
1 481 13 28 0.010
44 529 21 84 0.010
130 486 11 13 0.010
324 497 8 10 0.010
