6_Funeral_Funeral_6_364
28
470 127 32 41 0.860
558 87 36 52 0.850
169 138 34 39 0.769
0 84 12 46 0.668
628 133 29 39 0.382
565 564 8 10 0.231
517 586 11 12 0.055
450 548 9 11 0.054
514 581 14 15 0.037
661 113 17 22 0.033
1009 689 8 10 0.032
778 706 12 15 0.031
418 549 9 10 0.028
528 567 9 11 0.027
472 543 12 14 0.024
496 645 11 15 0.023
741 123 18 25 0.022
516 591 9 12 0.017
502 580 10 11 0.017
575 534 8 10 0.017
633 124 25 35 0.016
449 546 18 13 0.015
509 542 8 11 0.011
420 548 8 8 0.011
623 594 11 14 0.010
511 558 13 12 0.010
508 549 9 12 0.010
509 557 10 12 0.010
