6_Funeral_Funeral_6_160
48
897 99 60 81 0.849
784 211 49 73 0.849
873 254 62 84 0.846
612 374 36 51 0.844
363 307 43 56 0.824
158 222 59 86 0.819
25 224 59 105 0.808
200 178 65 88 0.769
832 127 51 63 0.760
357 218 35 46 0.758
720 159 38 52 0.735
863 213 50 68 0.704
266 202 47 73 0.698
1 142 44 115 0.680
750 172 48 69 0.596
995 113 24 81 0.502
294 184 38 59 0.480
92 195 36 54 0.415
726 164 51 66 0.319
1004 72 18 63 0.310
1003 78 23 95 0.272
167 205 72 98 0.208
51 85 42 79 0.165
723 207 30 44 0.142
1003 170 23 75 0.134
141 183 32 35 0.113
33 97 52 105 0.091
85 189 87 61 0.071
1008 66 19 50 0.046
2 124 36 88 0.043
132 181 30 33 0.037
579 1390 35 55 0.034
1003 96 22 47 0.033
992 137 32 46 0.033
333 277 21 29 0.024
991 813 33 63 0.022
740 187 48 59 0.020
297 1233 28 30 0.019
4 188 37 88 0.017
4 217 26 65 0.015
720 219 25 35 0.014
518 401 23 30 0.014
1013 189 18 58 0.013
144 191 40 55 0.013
330 260 26 54 0.012
59 100 38 86 0.012
831 141 32 41 0.012
813 138 58 72 0.011
