6_Funeral_Funeral_6_760
46
210 128 102 131 0.845
962 161 16 19 0.793
663 357 30 37 0.749
673 428 18 23 0.702
575 354 11 14 0.681
629 149 25 33 0.662
925 167 10 13 0.602
863 328 12 15 0.506
414 321 24 29 0.275
883 161 12 15 0.205
906 160 12 16 0.198
598 371 11 15 0.164
601 358 11 16 0.143
564 163 18 23 0.083
603 354 10 13 0.081
901 167 14 16 0.068
920 154 11 15 0.059
891 323 14 16 0.052
950 306 11 16 0.047
548 361 11 14 0.047
595 338 12 63 0.043
624 338 17 18 0.039
899 173 12 14 0.039
918 148 11 14 0.037
602 351 10 32 0.032
693 181 16 21 0.031
607 363 12 16 0.028
595 354 16 15 0.027
596 360 14 28 0.027
772 300 12 14 0.026
556 348 13 20 0.022
978 167 11 15 0.022
753 167 15 19 0.021
856 156 18 22 0.019
609 370 12 16 0.018
605 348 17 17 0.018
572 167 20 22 0.017
925 172 11 13 0.016
873 163 18 18 0.016
901 176 12 15 0.015
879 165 20 16 0.015
564 172 17 20 0.014
881 291 14 17 0.014
926 158 11 17 0.013
605 356 12 18 0.013
548 290 12 18 0.012
