6_Funeral_Funeral_6_618
37
541 2025 231 221 0.832
735 467 125 158 0.823
534 1190 92 109 0.749
259 2475 75 100 0.642
915 4313 106 130 0.603
637 3344 129 143 0.582
127 501 72 83 0.395
337 478 68 83 0.357
754 2503 81 92 0.175
58 2465 73 100 0.167
345 3395 219 202 0.144
417 3340 82 102 0.119
358 502 71 89 0.119
58 497 66 79 0.085
647 1158 80 98 0.065
256 481 92 81 0.053
724 2507 79 90 0.049
387 3344 141 136 0.045
863 2554 55 72 0.041
390 546 61 78 0.040
205 2464 96 97 0.034
247 492 72 82 0.034
595 491 72 96 0.031
104 2587 44 58 0.025
176 2446 74 88 0.022
587 4364 93 116 0.022
524 2625 67 76 0.018
120 2557 51 65 0.016
619 1189 85 102 0.016
96 2529 66 103 0.014
109 471 69 76 0.013
703 3422 188 182 0.012
405 4375 92 110 0.011
708 2502 65 83 0.011
318 1144 78 78 0.011
628 3355 224 189 0.010
14 2478 61 96 0.010
