6_Funeral_Funeral_6_733
25
658 152 80 100 0.864
135 211 81 80 0.858
829 118 126 177 0.851
25 280 28 41 0.759
209 289 35 44 0.739
332 301 16 19 0.699
300 307 13 15 0.594
388 306 10 13 0.485
273 300 14 16 0.391
259 307 13 15 0.331
262 303 15 15 0.331
304 308 13 15 0.172
318 307 18 16 0.119
318 311 10 12 0.110
294 302 59 19 0.059
328 299 14 18 0.038
393 305 11 14 0.034
384 307 9 13 0.029
255 308 9 14 0.023
804 534 103 125 0.022
112 285 12 14 0.022
323 300 15 16 0.018
265 307 16 16 0.016
248 69 8 8 0.015
248 305 19 18 0.013
