6_Funeral_Funeral_6_252
34
807 213 57 80 0.877
923 255 52 63 0.876
160 244 60 69 0.860
24 273 59 74 0.858
98 156 43 58 0.845
52 201 52 69 0.844
978 284 48 70 0.828
726 289 67 92 0.827
356 190 105 138 0.826
659 151 120 141 0.804
977 206 48 66 0.789
40 132 38 55 0.787
173 146 46 59 0.785
877 201 55 72 0.756
-2 126 43 64 0.748
204 185 51 63 0.727
539 176 43 57 0.722
232 237 46 63 0.712
570 186 51 65 0.453
184 163 52 67 0.442
740 209 55 76 0.426
468 187 49 68 0.313
755 228 40 51 0.218
439 185 79 95 0.156
889 176 44 53 0.061
412 197 90 123 0.027
1007 223 31 68 0.021
440 221 67 94 0.018
556 193 50 62 0.016
-5 182 27 45 0.015
679 205 84 88 0.014
966 230 51 68 0.013
879 264 34 38 0.013
-2 252 30 70 0.013
