6_Funeral_Funeral_6_77
164
85 355 18 22 0.813
582 361 24 26 0.735
608 353 20 22 0.709
549 361 17 18 0.701
333 341 22 25 0.699
360 353 19 22 0.665
111 367 18 18 0.663
943 507 19 25 0.663
797 374 13 15 0.649
474 374 17 18 0.649
181 368 15 18 0.624
694 383 20 22 0.611
854 358 12 16 0.599
219 367 17 18 0.584
917 357 12 13 0.571
281 376 16 18 0.570
7 373 17 18 0.567
491 352 19 21 0.550
35 374 17 19 0.504
1003 564 20 33 0.504
923 496 18 25 0.468
914 465 14 20 0.431
987 430 12 14 0.416
766 359 13 15 0.406
426 362 17 21 0.403
927 543 16 19 0.370
824 372 12 15 0.358
930 498 20 27 0.341
441 353 16 19 0.316
636 374 15 18 0.310
691 378 19 22 0.302
908 438 14 14 0.271
668 365 12 13 0.268
303 368 16 18 0.257
741 374 15 17 0.248
899 432 11 13 0.215
903 514 21 25 0.211
143 366 18 21 0.204
990 541 21 27 0.201
252 373 18 19 0.182
62 362 17 18 0.180
84 359 40 21 0.177
689 370 14 16 0.172
892 443 9 13 0.161
974 521 17 23 0.160
16 374 38 17 0.158
907 507 21 26 0.150
403 353 12 16 0.147
724 367 15 17 0.132
203 369 15 17 0.125
668 373 11 14 0.119
244 377 16 17 0.116
931 502 30 26 0.115
893 440 12 14 0.111
1006 573 18 36 0.110
481 359 20 23 0.103
181 361 15 17 0.103
1005 422 12 14 0.100
309 368 15 18 0.096
997 550 19 29 0.095
533 377 13 15 0.093
729 369 17 19 0.093
748 375 13 15 0.090
637 368 15 17 0.080
980 394 10 12 0.079
910 427 16 56 0.079
808 371 15 17 0.075
757 365 15 17 0.074
60 368 17 20 0.073
292 367 18 18 0.068
1006 416 12 17 0.064
895 514 19 24 0.061
140 360 17 20 0.060
457 378 15 16 0.059
402 363 14 18 0.059
455 381 11 14 0.056
976 521 21 31 0.054
177 367 14 18 0.054
894 435 10 13 0.054
34 369 15 17 0.054
920 500 27 45 0.052
632 368 15 19 0.051
796 371 19 15 0.051
889 378 11 13 0.049
630 374 16 18 0.049
214 373 21 18 0.048
903 404 9 11 0.045
143 374 17 18 0.045
511 369 16 18 0.041
505 363 19 20 0.041
910 440 17 15 0.041
775 363 17 16 0.041
453 354 16 18 0.041
305 372 17 19 0.040
919 471 22 103 0.038
519 373 30 20 0.037
949 379 12 14 0.036
187 348 13 15 0.036
719 372 16 19 0.035
27 380 16 19 0.033
255 367 16 17 0.033
205 364 13 15 0.032
557 360 16 20 0.032
934 442 14 15 0.030
900 402 11 12 0.030
675 364 12 12 0.030
54 369 17 18 0.029
471 357 18 18 0.029
0 392 10 18 0.028
662 365 15 15 0.027
187 370 18 19 0.027
648 374 16 17 0.027
958 512 20 23 0.026
450 376 15 17 0.025
221 371 20 21 0.024
270 374 17 18 0.024
946 380 10 12 0.024
773 362 13 15 0.023
633 357 14 17 0.023
524 369 14 18 0.023
1001 430 17 27 0.022
7 379 19 19 0.022
253 380 18 18 0.021
304 362 17 18 0.021
893 445 11 15 0.020
735 371 20 23 0.020
901 520 17 21 0.019
47 375 26 18 0.018
188 347 10 11 0.018
398 368 15 17 0.018
439 349 15 19 0.018
149 373 16 19 0.017
893 506 17 24 0.017
1001 385 17 15 0.017
126 368 18 18 0.017
1005 452 12 16 0.017
974 538 18 25 0.016
737 380 15 19 0.015
406 368 14 17 0.015
939 444 10 12 0.015
363 348 19 21 0.015
29 372 19 20 0.015
978 390 9 12 0.014
458 356 19 19 0.014
1004 445 12 16 0.014
949 381 34 15 0.014
914 432 16 74 0.014
640 375 21 16 0.014
845 379 10 15 0.013
905 402 10 11 0.013
453 379 31 14 0.013
781 371 15 16 0.013
888 384 11 13 0.013
987 517 17 23 0.012
290 380 17 17 0.012
916 499 17 23 0.012
903 419 11 18 0.012
983 395 11 12 0.012
458 351 14 15 0.011
615 354 21 20 0.011
128 345 12 15 0.010
385 364 17 18 0.010
128 351 15 26 0.010
728 363 16 17 0.010
