6_Funeral_Funeral_6_531
85
134 324 20 24 0.788
81 332 20 26 0.774
43 338 21 23 0.759
163 319 16 20 0.754
384 268 11 13 0.695
228 327 13 18 0.679
412 265 11 13 0.646
196 316 12 16 0.632
434 253 10 12 0.630
352 279 11 14 0.615
262 291 12 18 0.560
537 233 12 13 0.482
322 279 13 17 0.477
459 259 9 11 0.453
522 232 11 12 0.447
337 279 11 14 0.414
478 243 9 11 0.376
445 249 10 12 0.374
115 327 10 14 0.337
222 309 10 13 0.319
110 328 12 15 0.258
511 245 10 12 0.244
247 307 11 15 0.241
290 300 11 15 0.228
259 290 24 17 0.207
487 261 8 11 0.201
334 279 27 14 0.177
171 319 15 19 0.176
246 295 11 16 0.176
375 270 24 14 0.165
162 319 36 18 0.161
512 228 10 11 0.139
270 283 12 14 0.136
151 320 31 21 0.122
97 327 15 18 0.119
115 318 10 17 0.110
400 261 10 11 0.109
400 263 15 13 0.100
288 293 11 15 0.096
408 261 22 17 0.092
183 316 14 18 0.092
277 288 14 15 0.090
519 229 12 19 0.087
177 320 12 16 0.081
317 282 12 15 0.071
115 315 11 14 0.057
290 307 11 15 0.050
525 233 22 13 0.048
115 313 10 10 0.047
509 239 10 13 0.045
417 256 10 13 0.044
514 220 32 39 0.042
225 278 14 105 0.040
583 233 8 10 0.038
458 214 13 93 0.037
247 291 11 14 0.035
557 225 9 12 0.034
391 268 12 13 0.030
194 310 14 15 0.025
166 315 15 19 0.022
220 329 15 19 0.022
482 198 11 106 0.022
118 315 12 15 0.021
599 227 10 12 0.019
119 313 18 22 0.018
322 269 11 15 0.016
491 263 10 12 0.015
438 243 12 15 0.014
486 255 11 16 0.014
488 266 8 9 0.013
394 265 18 13 0.013
976 202 11 13 0.013
93 318 13 16 0.012
930 262 10 11 0.012
604 244 8 11 0.012
549 257 9 13 0.012
900 206 11 14 0.012
644 403 15 17 0.012
841 384 7 8 0.012
178 327 11 14 0.012
482 229 13 43 0.011
108 324 18 25 0.011
581 226 12 27 0.011
960 223 14 14 0.010
441 245 11 15 0.010
