6_Funeral_Funeral_6_109
61
717 294 22 27 0.848
120 214 33 42 0.844
659 297 21 25 0.840
194 215 31 38 0.838
914 219 20 24 0.837
777 228 18 21 0.832
593 301 24 30 0.829
644 218 22 25 0.828
387 310 27 36 0.828
802 252 20 24 0.819
587 227 22 24 0.817
354 225 25 31 0.814
519 231 20 25 0.813
368 204 21 27 0.812
453 301 23 27 0.810
459 225 22 26 0.810
423 238 23 28 0.806
302 227 26 31 0.801
617 219 19 24 0.795
302 198 22 26 0.789
740 251 18 21 0.781
412 205 20 24 0.776
880 236 18 20 0.774
568 212 19 21 0.761
571 324 22 27 0.742
548 220 18 22 0.742
486 215 20 23 0.742
697 246 18 22 0.740
717 253 15 18 0.688
248 219 27 34 0.661
498 231 18 23 0.545
835 242 18 20 0.433
271 222 23 34 0.374
489 222 22 24 0.361
489 239 20 24 0.289
486 248 19 23 0.254
561 238 16 19 0.252
709 238 13 18 0.222
719 250 21 21 0.194
671 234 13 17 0.150
861 255 11 15 0.087
838 246 22 20 0.082
330 221 20 27 0.076
261 222 24 30 0.047
839 239 16 18 0.043
897 263 16 19 0.042
626 253 16 20 0.038
162 225 18 22 0.038
562 244 16 19 0.035
451 226 20 23 0.034
692 242 18 22 0.032
695 228 45 62 0.027
985 219 12 14 0.021
324 220 20 25 0.018
676 245 19 23 0.017
653 222 19 22 0.017
481 260 21 26 0.015
764 258 14 19 0.015
668 237 17 20 0.014
704 232 16 21 0.014
829 257 17 26 0.012
