32_Worker_Laborer_Worker_Laborer_32_516
47
965 56 59 80 0.889
48 26 68 86 0.877
256 114 35 42 0.864
757 101 42 50 0.862
298 122 42 51 0.851
845 119 29 32 0.850
420 126 28 35 0.830
370 149 15 19 0.817
673 320 48 48 0.812
520 102 39 47 0.804
228 132 24 29 0.801
764 332 56 51 0.801
483 343 31 30 0.783
343 311 48 44 0.776
881 146 33 41 0.775
727 143 26 30 0.751
677 159 19 25 0.711
575 356 41 35 0.649
211 151 15 19 0.580
594 121 26 28 0.519
278 313 45 43 0.363
498 126 18 23 0.320
188 141 17 23 0.116
499 123 24 30 0.091
186 136 16 20 0.069
873 137 35 42 0.058
813 137 19 22 0.058
214 164 16 18 0.048
341 106 16 28 0.046
113 91 20 29 0.042
199 144 14 19 0.036
816 145 16 20 0.035
811 131 40 25 0.035
849 125 36 43 0.027
223 140 26 31 0.027
1 42 14 40 0.026
816 151 15 20 0.022
226 167 19 21 0.018
180 135 19 26 0.018
805 130 20 26 0.018
363 134 15 18 0.016
192 149 17 20 0.015
804 126 17 22 0.012
562 126 15 18 0.012
114 84 16 22 0.012
594 114 35 41 0.011
297 316 60 48 0.011
