32_Worker_Laborer_Worker_Laborer_32_932
23
281 852 67 100 0.907
106 776 59 79 0.855
955 780 53 71 0.853
518 811 54 73 0.852
806 801 66 83 0.847
683 777 52 64 0.843
361 823 57 77 0.839
272 91 82 110 0.814
245 786 52 62 0.797
859 779 44 68 0.787
368 768 49 57 0.748
91 900 64 93 0.736
76 873 68 93 0.334
646 927 58 68 0.166
-29 788 36 102 0.058
563 747 32 52 0.048
74 852 65 81 0.046
8 725 41 60 0.037
827 795 62 80 0.034
689 968 76 95 0.019
-18 813 33 75 0.012
151 920 50 109 0.011
20 952 78 113 0.011
