42_Car_Racing_Nascar_42_823
65
990 220 18 23 0.788
894 235 17 21 0.739
192 282 9 12 0.737
411 229 19 32 0.731
0 275 10 17 0.727
147 262 8 10 0.720
340 253 11 14 0.539
635 242 7 9 0.493
372 257 10 12 0.473
124 261 8 10 0.471
253 256 10 12 0.442
620 252 7 9 0.205
622 247 9 11 0.187
661 239 8 11 0.169
715 299 11 15 0.128
663 235 8 10 0.105
659 244 7 8 0.098
338 250 10 13 0.096
849 242 11 13 0.086
221 286 7 10 0.082
183 336 17 17 0.075
222 283 7 11 0.067
665 243 7 9 0.063
638 243 8 9 0.061
496 154 7 9 0.054
177 310 10 10 0.051
305 263 7 8 0.051
458 241 15 20 0.043
364 256 16 14 0.041
116 265 7 11 0.038
542 170 6 9 0.036
220 257 7 9 0.035
617 247 22 12 0.035
121 267 9 12 0.031
127 276 9 12 0.030
222 279 8 11 0.026
542 173 7 10 0.026
221 255 7 19 0.025
222 256 8 9 0.024
177 313 8 10 0.023
298 260 14 16 0.023
304 259 11 15 0.022
712 293 10 14 0.022
755 278 8 10 0.020
215 286 13 13 0.020
849 245 12 14 0.020
130 281 8 10 0.019
960 249 9 9 0.019
637 240 7 8 0.017
148 259 9 10 0.017
195 283 10 11 0.017
251 246 11 37 0.015
101 232 9 9 0.014
178 314 12 18 0.014
684 240 8 11 0.014
331 252 10 12 0.013
715 304 12 14 0.013
38 222 7 10 0.013
681 244 9 10 0.013
498 197 7 8 0.012
532 138 6 7 0.011
451 242 16 18 0.011
265 259 16 24 0.011
215 274 15 29 0.011
663 296 10 12 0.010
