42_Car_Racing_Car_Racing_42_743
50
605 85 23 29 0.731
697 112 14 17 0.556
650 101 17 20 0.473
751 97 12 17 0.460
807 101 10 12 0.324
777 104 11 13 0.312
547 123 16 22 0.279
591 114 17 22 0.130
890 109 10 14 0.123
761 103 29 13 0.121
180 178 21 21 0.105
982 113 12 13 0.090
659 110 15 17 0.087
977 116 11 14 0.061
1014 102 10 19 0.059
98 113 20 22 0.057
666 118 11 15 0.057
229 176 27 30 0.052
655 105 15 20 0.051
98 114 35 26 0.048
251 193 42 44 0.048
593 115 17 34 0.041
118 117 23 27 0.040
845 118 10 11 0.039
990 112 11 13 0.037
984 109 12 13 0.037
446 145 28 31 0.033
892 111 11 13 0.030
804 108 12 15 0.029
923 110 11 13 0.028
976 120 15 13 0.028
870 398 12 18 0.028
596 147 17 20 0.027
549 120 20 22 0.026
806 114 11 14 0.020
713 139 11 13 0.020
709 129 15 19 0.020
981 106 38 22 0.019
452 197 33 45 0.019
242 176 31 33 0.016
749 95 11 15 0.016
972 116 9 11 0.016
1010 102 10 14 0.015
841 120 11 14 0.014
407 169 33 39 0.013
853 122 10 12 0.013
982 111 20 17 0.013
568 105 19 23 0.012
105 111 20 24 0.011
215 172 35 30 0.010
