42_Car_Racing_Car_Racing_42_602
86
959 228 16 20 0.693
813 177 13 15 0.484
92 175 11 13 0.201
84 176 11 14 0.184
907 179 9 11 0.171
95 174 10 12 0.168
38 163 8 14 0.165
774 181 12 15 0.160
305 176 8 10 0.153
711 130 23 28 0.153
119 167 13 13 0.146
117 168 11 14 0.119
216 177 9 11 0.114
1019 182 6 14 0.111
964 173 10 14 0.110
236 176 11 13 0.109
122 168 14 13 0.106
82 181 10 16 0.103
81 193 10 12 0.097
883 197 9 10 0.096
254 183 10 12 0.090
81 175 10 13 0.085
305 177 13 13 0.083
318 185 10 12 0.083
131 175 11 14 0.080
872 202 9 10 0.080
986 234 13 18 0.076
780 181 10 13 0.074
136 180 10 13 0.072
995 231 14 20 0.064
903 167 9 11 0.060
138 186 9 12 0.060
153 172 9 10 0.057
1019 177 5 12 0.056
83 176 22 12 0.055
253 186 9 11 0.052
240 181 16 13 0.052
785 180 10 13 0.049
901 166 8 9 0.047
302 173 10 11 0.045
877 198 11 12 0.043
848 173 10 12 0.042
221 171 16 22 0.039
147 172 12 12 0.037
100 173 12 13 0.037
249 186 11 13 0.035
908 167 8 8 0.034
177 172 14 11 0.033
125 166 10 11 0.027
143 164 11 37 0.025
851 172 8 11 0.022
37 167 11 14 0.021
92 164 45 24 0.020
897 183 10 10 0.020
314 187 10 12 0.020
868 195 9 12 0.020
37 158 9 15 0.020
187 173 10 11 0.020
900 168 9 12 0.019
1014 217 9 17 0.018
247 191 10 14 0.017
5 279 15 17 0.016
137 188 10 18 0.016
540 124 28 26 0.014
474 124 23 33 0.014
710 137 20 27 0.014
890 184 10 14 0.014
43 162 15 19 0.013
235 181 12 14 0.013
228 148 31 73 0.013
190 174 12 20 0.013
199 193 7 11 0.013
172 176 11 13 0.012
253 190 11 14 0.012
786 166 11 24 0.012
174 170 12 13 0.012
1014 193 11 21 0.012
870 172 26 60 0.011
239 178 12 11 0.011
895 167 9 10 0.011
832 175 17 14 0.010
1009 218 13 24 0.010
981 236 14 17 0.010
873 209 8 10 0.010
68 166 15 13 0.010
175 173 18 16 0.010
