42_Car_Racing_Car_Racing_42_857
39
186 136 19 23 0.797
101 123 19 25 0.786
162 139 12 14 0.527
243 152 11 12 0.265
134 142 9 10 0.259
229 148 10 11 0.256
52 146 9 10 0.246
72 142 8 10 0.238
220 149 13 12 0.217
286 144 10 11 0.163
248 148 10 13 0.111
269 146 10 11 0.103
210 147 17 15 0.082
260 143 11 11 0.078
166 138 10 12 0.060
56 144 23 10 0.057
225 148 24 11 0.055
205 146 12 14 0.045
126 139 32 17 0.045
113 143 12 14 0.043
243 149 24 13 0.034
135 144 9 12 0.034
217 146 13 16 0.031
223 142 40 27 0.030
263 145 20 11 0.029
131 148 11 13 0.029
264 147 15 12 0.028
270 114 6 8 0.027
289 150 15 13 0.025
249 143 25 11 0.024
133 137 9 11 0.023
141 138 9 9 0.022
70 138 8 11 0.019
111 133 17 22 0.019
298 156 9 12 0.017
199 142 17 19 0.017
217 153 12 11 0.012
230 144 27 10 0.011
158 137 12 13 0.011
