42_Car_Racing_Nascar_42_650
52
380 155 36 45 0.845
107 129 43 63 0.824
687 193 20 25 0.801
782 140 17 30 0.737
908 175 13 19 0.668
653 218 12 16 0.599
270 161 29 39 0.594
980 192 10 14 0.583
851 201 12 16 0.499
626 216 16 18 0.423
846 202 13 16 0.420
751 208 9 13 0.205
630 220 16 18 0.187
841 202 13 17 0.178
0 184 13 28 0.132
221 183 27 37 0.126
899 209 9 11 0.114
766 199 12 16 0.112
758 203 14 16 0.087
44 184 31 36 0.082
177 185 21 29 0.079
838 206 13 14 0.075
635 217 35 18 0.070
281 164 19 28 0.066
221 169 27 34 0.059
648 216 15 16 0.056
636 228 15 16 0.048
23 177 45 37 0.047
558 202 18 25 0.044
630 226 15 17 0.042
214 173 26 35 0.040
48 187 21 25 0.035
871 226 14 17 0.034
255 162 39 45 0.033
117 190 19 25 0.032
5 187 18 23 0.030
894 210 10 13 0.029
625 208 15 18 0.027
0 172 10 21 0.026
126 200 13 18 0.021
958 252 7 9 0.021
130 194 14 21 0.019
867 223 14 19 0.017
230 193 21 27 0.016
124 188 20 26 0.015
27 181 23 26 0.015
841 228 10 14 0.014
37 187 19 23 0.013
768 193 14 16 0.012
778 185 12 17 0.011
204 187 37 37 0.010
205 177 28 32 0.010
