57_Angler_peoplefishing_57_206
31
285 806 35 38 0.819
821 694 16 19 0.579
985 615 11 15 0.569
617 678 15 17 0.556
171 718 22 25 0.450
924 711 20 21 0.448
464 694 15 18 0.398
800 661 12 16 0.111
800 659 10 13 0.073
796 669 16 19 0.070
741 683 13 14 0.067
0 495 13 16 0.057
796 680 13 16 0.045
458 697 14 17 0.034
792 690 11 15 0.034
797 684 21 21 0.033
939 675 16 19 0.030
735 655 9 12 0.026
932 692 21 31 0.021
735 659 11 14 0.018
290 885 32 33 0.017
737 669 32 41 0.016
824 697 17 20 0.016
933 660 20 84 0.015
792 686 18 18 0.015
855 756 17 20 0.013
468 684 19 47 0.013
623 680 14 16 0.012
930 715 23 20 0.012
131 690 20 24 0.012
607 689 14 18 0.010
