57_Angler_peoplefishing_57_139
131
241 340 13 16 0.866
199 318 14 17 0.811
179 340 13 17 0.783
624 298 13 16 0.761
661 260 11 14 0.733
432 305 10 13 0.730
552 316 12 15 0.695
474 339 12 16 0.690
409 347 14 16 0.684
691 275 11 14 0.669
676 294 11 15 0.667
963 326 11 14 0.640
889 233 11 14 0.611
621 324 10 14 0.603
674 320 9 14 0.588
713 280 11 14 0.586
514 299 10 13 0.584
852 346 10 15 0.565
779 253 11 14 0.542
816 297 12 15 0.535
652 286 10 12 0.499
702 301 10 13 0.499
759 354 9 15 0.493
808 314 11 13 0.488
329 375 11 14 0.446
294 336 8 14 0.444
352 379 11 15 0.389
391 366 9 15 0.382
865 235 11 15 0.382
875 316 9 12 0.374
551 353 11 13 0.363
558 304 11 13 0.361
471 379 11 16 0.335
792 385 13 14 0.306
424 373 11 18 0.244
769 288 9 12 0.227
679 389 10 12 0.210
862 275 10 14 0.194
590 330 11 15 0.194
673 297 25 16 0.163
809 304 13 21 0.156
325 371 9 14 0.145
327 376 25 14 0.144
814 295 15 26 0.143
561 304 10 11 0.133
819 333 12 14 0.117
660 302 10 13 0.111
778 256 9 13 0.110
676 277 9 67 0.097
812 336 12 18 0.082
468 381 9 15 0.079
785 306 10 13 0.076
348 374 11 14 0.073
914 232 12 16 0.069
639 323 8 10 0.067
771 290 10 18 0.066
779 334 10 12 0.066
392 358 10 16 0.059
808 346 11 19 0.055
783 253 10 12 0.054
864 219 9 83 0.042
889 232 26 17 0.040
830 358 11 13 0.038
694 239 10 92 0.037
816 292 11 15 0.037
471 349 11 14 0.036
764 386 12 19 0.036
593 326 11 16 0.036
292 333 8 15 0.035
919 233 11 13 0.033
670 295 12 14 0.033
914 239 13 20 0.030
827 360 13 15 0.030
544 385 12 15 0.029
910 233 12 13 0.029
831 283 9 12 0.027
402 346 12 15 0.027
957 374 9 14 0.027
997 337 12 16 0.026
911 242 12 18 0.026
470 384 11 15 0.025
975 350 11 14 0.025
787 351 9 13 0.025
740 304 10 12 0.025
954 369 12 16 0.024
700 358 11 14 0.024
421 373 11 17 0.024
822 335 12 16 0.023
280 399 9 11 0.020
583 331 12 14 0.020
807 318 12 85 0.020
868 315 9 12 0.020
556 302 10 13 0.020
593 334 9 14 0.020
390 361 10 15 0.019
862 260 10 38 0.018
564 316 11 14 0.018
1000 337 12 23 0.018
779 308 10 59 0.018
873 311 10 14 0.018
541 382 12 16 0.017
821 353 14 18 0.017
875 321 12 17 0.017
727 388 10 16 0.017
797 378 12 15 0.017
27 120 7 8 0.017
1007 365 10 14 0.017
356 385 10 15 0.016
631 298 12 15 0.016
958 242 10 13 0.015
969 326 11 15 0.015
486 349 13 16 0.015
565 391 10 13 0.015
974 354 10 13 0.015
959 326 11 14 0.015
650 352 10 14 0.015
823 298 11 13 0.014
697 302 10 13 0.013
297 338 10 14 0.013
475 378 12 16 0.013
480 341 19 26 0.013
471 359 13 18 0.012
888 227 10 14 0.012
547 384 21 18 0.012
869 333 11 13 0.012
648 282 10 14 0.012
587 332 11 14 0.012
992 339 15 15 0.012
777 325 12 29 0.011
812 307 39 75 0.010
778 328 10 15 0.010
