57_Angler_peoplefishing_57_661
49
104 429 13 17 0.771
403 408 10 12 0.686
206 415 12 15 0.673
364 412 10 12 0.658
498 402 9 11 0.612
243 385 11 12 0.580
283 415 11 14 0.533
234 409 11 12 0.471
783 318 6 8 0.329
450 410 8 12 0.302
752 318 7 8 0.231
238 389 11 30 0.147
711 421 88 87 0.121
175 382 7 9 0.066
18 389 9 10 0.062
88 386 7 8 0.046
1 394 7 10 0.040
147 384 7 8 0.026
52 385 8 9 0.024
296 402 11 14 0.023
234 385 11 13 0.023
239 384 11 13 0.023
86 384 8 9 0.021
15 390 13 13 0.021
861 318 8 10 0.020
578 363 8 10 0.020
864 316 7 9 0.020
963 331 7 8 0.020
944 331 7 8 0.019
857 320 9 11 0.019
544 394 6 8 0.018
449 408 8 12 0.016
836 332 8 9 0.016
804 325 8 10 0.016
786 318 6 7 0.016
633 308 6 11 0.015
301 404 9 11 0.015
783 314 6 7 0.015
23 382 9 14 0.014
0 385 8 12 0.014
670 412 8 10 0.014
683 309 6 8 0.013
984 333 8 8 0.013
105 424 13 16 0.012
642 435 121 147 0.012
88 383 10 13 0.012
166 424 8 10 0.012
504 403 8 9 0.011
947 331 10 9 0.010
