57_Angler_peoplefishing_57_924
40
189 324 24 34 0.642
496 324 23 29 0.519
799 85 7 10 0.092
191 338 20 25 0.080
208 282 8 10 0.079
780 85 8 11 0.075
760 75 7 15 0.057
191 318 21 29 0.040
608 86 8 10 0.039
629 87 7 9 0.038
182 269 7 8 0.036
779 73 8 28 0.036
124 354 14 17 0.034
241 276 8 9 0.032
799 71 7 28 0.029
744 76 7 8 0.022
590 86 8 9 0.021
705 75 6 9 0.021
742 72 9 19 0.020
738 153 13 18 0.020
207 286 9 11 0.019
722 76 7 9 0.018
797 71 10 15 0.017
816 85 9 15 0.016
742 76 7 11 0.016
608 75 9 25 0.015
205 278 9 19 0.014
705 71 7 21 0.014
770 70 6 11 0.014
628 71 8 13 0.014
722 69 8 25 0.014
178 265 13 19 0.014
760 83 8 13 0.014
781 67 10 21 0.013
799 72 14 28 0.012
125 347 13 18 0.011
683 73 10 11 0.011
645 84 8 10 0.011
569 83 8 10 0.011
815 76 11 25 0.011
