55_Sports_Coach_Trainer_sportcoaching_55_789
24
465 159 40 58 0.884
146 214 46 71 0.881
589 219 39 56 0.880
928 328 44 60 0.879
453 244 43 63 0.877
271 226 46 65 0.877
672 199 39 58 0.877
632 282 41 55 0.871
66 242 43 59 0.869
822 324 40 51 0.862
761 167 42 63 0.861
731 331 39 62 0.860
326 129 36 57 0.860
390 224 41 57 0.857
88 173 41 51 0.853
614 116 37 57 0.852
919 160 44 62 0.851
230 187 44 59 0.849
542 259 41 51 0.842
423 127 35 47 0.840
366 284 40 61 0.840
199 146 38 49 0.839
52 129 40 54 0.836
878 323 47 58 0.012
