55_Sports_Coach_Trainer_sportcoaching_55_122
70
871 392 36 51 0.890
58 371 36 46 0.858
813 270 30 42 0.854
725 372 36 48 0.847
18 250 32 41 0.840
864 300 30 40 0.837
35 170 30 38 0.833
966 218 35 44 0.822
564 301 28 37 0.816
181 279 30 38 0.814
737 274 28 38 0.814
258 271 28 39 0.813
666 296 28 38 0.810
344 287 28 40 0.809
25 217 27 33 0.787
457 308 29 36 0.781
631 265 24 33 0.755
101 278 33 42 0.753
359 246 22 30 0.742
386 269 23 31 0.729
528 290 27 33 0.645
770 268 29 40 0.590
524 260 24 30 0.547
604 259 21 28 0.536
696 278 22 34 0.393
247 255 21 26 0.365
436 273 24 34 0.336
118 270 28 35 0.322
742 237 22 27 0.293
618 177 19 23 0.252
464 233 23 26 0.208
878 233 30 37 0.172
170 266 25 33 0.158
285 268 20 27 0.102
606 262 30 30 0.092
829 253 25 33 0.082
336 252 19 25 0.076
272 268 30 33 0.062
662 215 22 23 0.051
255 264 24 31 0.043
551 228 22 27 0.035
485 226 34 29 0.033
453 220 22 54 0.031
502 226 21 26 0.029
87 203 30 38 0.029
660 285 37 44 0.029
874 159 21 25 0.029
481 229 20 25 0.027
446 219 13 19 0.023
451 232 33 33 0.021
695 271 21 26 0.021
173 179 17 22 0.020
287 256 21 27 0.020
425 276 22 27 0.019
447 244 20 26 0.018
195 241 24 31 0.017
472 254 22 29 0.017
562 197 20 27 0.016
554 215 22 35 0.016
500 234 19 22 0.015
358 210 9 11 0.015
398 269 21 28 0.015
594 292 24 33 0.014
321 248 26 30 0.014
559 193 21 61 0.014
834 248 26 31 0.013
408 273 22 28 0.013
466 224 21 27 0.012
485 222 18 26 0.012
493 219 27 29 0.010
