55_Sports_Coach_Trainer_sportcoaching_55_774
72
846 58 57 82 0.874
752 125 60 81 0.870
794 273 59 85 0.867
443 172 26 34 0.865
126 262 39 55 0.833
519 295 40 47 0.801
361 175 27 36 0.800
602 146 26 35 0.798
660 102 23 32 0.794
475 199 26 34 0.755
419 40 15 17 0.676
328 79 20 22 0.676
482 172 25 26 0.622
343 99 19 24 0.618
379 70 18 24 0.613
383 7 13 17 0.607
407 13 13 15 0.506
417 103 22 25 0.459
344 6 10 13 0.302
406 69 17 22 0.297
323 17 10 14 0.270
370 42 17 21 0.245
672 11 13 15 0.216
444 11 11 13 0.190
330 1 9 9 0.179
323 107 10 17 0.128
369 40 14 17 0.111
372 21 15 19 0.110
327 13 13 16 0.104
325 126 15 26 0.097
352 22 12 15 0.092
380 -16 14 67 0.092
344 7 12 19 0.079
355 16 14 18 0.075
433 2 15 13 0.070
434 1 10 11 0.066
334 0 19 17 0.062
487 115 24 30 0.057
338 4 16 11 0.055
356 166 27 39 0.053
411 64 16 23 0.049
714 107 15 24 0.047
537 156 25 29 0.046
344 -23 12 81 0.041
489 169 26 29 0.037
418 32 16 21 0.035
444 130 17 20 0.035
403 83 18 25 0.034
374 35 19 23 0.030
414 15 18 15 0.028
373 53 19 27 0.027
325 111 16 20 0.023
405 178 19 27 0.023
349 104 22 27 0.022
448 4 14 14 0.021
470 118 38 27 0.021
401 95 19 25 0.019
319 16 10 15 0.019
328 1 8 9 0.018
319 105 11 16 0.018
345 1 10 10 0.018
324 29 11 19 0.017
372 4 22 17 0.016
421 0 11 9 0.013
454 3 17 12 0.012
459 5 14 12 0.012
370 182 21 26 0.012
413 41 16 20 0.012
351 3 25 16 0.011
361 109 18 24 0.011
326 20 13 18 0.010
709 104 17 22 0.010
