55_Sports_Coach_Trainer_sportcoaching_55_569
38
890 34 51 64 0.906
251 254 41 56 0.884
734 191 55 68 0.859
338 44 49 64 0.854
910 195 42 57 0.853
181 82 54 78 0.848
592 19 20 28 0.793
61 246 21 27 0.740
376 245 18 29 0.734
695 15 16 28 0.707
103 242 19 26 0.604
184 274 8 9 0.524
167 268 7 8 0.319
37 255 11 12 0.282
132 267 13 16 0.268
930 -2 58 52 0.258
87 238 9 11 0.144
100 240 16 22 0.132
630 62 15 24 0.082
6 269 10 11 0.063
5 271 8 12 0.060
186 263 7 10 0.032
19 322 21 29 0.025
168 271 9 8 0.024
131 239 8 9 0.023
9 270 13 12 0.023
72 228 10 14 0.022
136 270 13 13 0.021
162 346 7 9 0.020
43 236 16 22 0.020
77 230 11 14 0.016
11 244 13 28 0.015
533 -3 24 24 0.014
35 239 16 31 0.013
94 244 19 27 0.013
28 256 15 17 0.012
79 230 6 7 0.011
65 231 21 8 0.010
