55_Sports_Coach_Trainer_sportcoaching_55_894
32
431 27 179 232 0.874
25 332 12 18 0.579
93 140 9 12 0.528
272 360 10 15 0.396
957 405 7 9 0.111
900 417 8 9 0.087
243 411 10 12 0.054
1014 432 7 9 0.045
902 416 9 8 0.037
266 359 12 16 0.035
941 384 7 20 0.033
996 411 7 9 0.028
941 389 6 8 0.027
90 140 8 12 0.027
1000 389 6 7 0.027
999 414 7 9 0.026
1011 433 8 9 0.021
998 382 8 20 0.019
7 324 8 11 0.019
23 338 13 18 0.018
914 413 8 10 0.016
261 372 13 15 0.015
896 415 7 9 0.015
951 389 10 29 0.014
247 410 12 13 0.013
945 406 8 10 0.013
30 145 10 12 0.013
259 377 13 17 0.012
33 153 9 12 0.012
996 407 10 19 0.011
272 365 12 15 0.011
32 150 9 11 0.010
