55_Sports_Coach_Trainer_sportcoaching_55_643
42
507 217 16 24 0.800
7 295 28 32 0.778
471 234 17 23 0.765
297 261 17 24 0.753
785 212 18 24 0.745
422 266 14 20 0.690
430 245 15 19 0.673
596 254 17 24 0.613
552 271 13 19 0.572
858 245 15 23 0.548
281 247 16 19 0.479
665 257 14 21 0.460
688 259 13 19 0.403
522 257 16 20 0.351
470 263 13 20 0.335
651 252 13 20 0.289
677 259 18 21 0.279
423 255 17 23 0.195
783 284 13 17 0.140
613 254 18 23 0.127
622 258 15 18 0.113
567 258 14 20 0.087
915 220 12 21 0.087
368 215 12 20 0.062
693 260 12 18 0.059
332 278 13 18 0.045
854 236 13 21 0.039
426 248 17 25 0.031
787 281 15 20 0.029
780 285 11 17 0.028
782 289 12 16 0.024
862 249 17 23 0.022
430 238 14 20 0.019
536 259 28 21 0.019
590 261 16 22 0.018
571 255 14 19 0.017
559 269 15 20 0.015
760 246 15 19 0.014
124 267 13 17 0.012
532 256 15 19 0.011
3 265 12 19 0.011
394 268 11 14 0.010
