55_Sports_Coach_Trainer_sportcoaching_55_424
37
306 330 22 29 0.827
414 261 48 48 0.811
644 372 17 22 0.704
973 354 14 22 0.689
830 381 13 20 0.688
591 310 13 18 0.679
930 382 13 20 0.648
884 386 12 20 0.613
129 405 12 20 0.597
717 329 12 20 0.575
321 377 14 24 0.448
154 411 13 21 0.425
673 352 12 20 0.408
1012 388 12 24 0.213
362 145 16 23 0.100
357 225 17 21 0.089
669 347 13 21 0.073
214 391 17 27 0.056
713 365 16 26 0.051
999 411 13 18 0.051
605 363 13 19 0.036
125 411 13 20 0.033
356 233 17 21 0.031
403 236 36 41 0.025
45 478 10 15 0.020
366 142 19 26 0.020
715 323 13 20 0.018
359 222 13 16 0.015
385 234 41 35 0.014
936 415 14 20 0.013
118 411 15 20 0.013
589 407 12 18 0.012
626 379 14 20 0.012
618 379 17 21 0.011
924 379 16 21 0.010
369 232 20 23 0.010
881 383 12 20 0.010
