1_Handshaking_Handshaking_1_579
641
776 354 30 41 0.864
676 362 34 47 0.859
594 418 37 44 0.853
530 309 29 39 0.853
651 279 29 39 0.852
583 320 33 39 0.849
529 238 22 29 0.845
788 411 32 41 0.844
625 235 26 36 0.837
749 305 29 35 0.835
585 247 29 41 0.834
939 428 36 43 0.834
499 201 19 27 0.832
498 407 33 44 0.828
306 259 24 28 0.826
471 349 28 38 0.825
395 379 33 40 0.824
484 159 20 24 0.822
383 278 25 32 0.821
735 144 17 23 0.815
32 161 21 26 0.812
491 282 28 35 0.811
79 362 34 35 0.805
175 243 22 28 0.805
882 274 31 40 0.804
378 178 18 24 0.801
1003 230 21 38 0.801
270 213 27 37 0.799
416 333 33 43 0.793
145 312 32 41 0.790
236 196 26 31 0.789
119 253 24 30 0.789
587 204 21 28 0.788
860 257 25 34 0.788
646 126 16 21 0.784
719 159 19 23 0.784
892 174 24 33 0.783
661 189 20 25 0.781
441 309 27 34 0.780
797 137 15 20 0.780
838 138 18 23 0.780
857 344 34 42 0.779
190 150 18 24 0.778
826 111 17 19 0.777
361 197 23 31 0.775
530 193 23 31 0.774
321 338 36 45 0.771
304 77 12 15 0.770
303 101 11 16 0.770
35 118 15 18 0.769
150 205 23 29 0.768
244 146 19 26 0.765
264 144 18 24 0.765
678 94 13 18 0.763
398 209 21 26 0.763
455 166 18 20 0.761
425 98 14 17 0.754
885 144 18 23 0.745
960 109 15 19 0.743
327 207 19 28 0.743
569 189 19 24 0.742
1008 136 16 23 0.740
87 213 24 27 0.735
145 86 12 16 0.733
926 107 14 17 0.729
3 257 22 28 0.723
132 152 20 24 0.723
464 225 21 27 0.720
989 106 13 16 0.718
829 241 24 31 0.717
244 124 12 16 0.715
906 147 20 25 0.715
27 203 23 30 0.714
10 388 36 40 0.712
636 197 24 31 0.710
837 501 28 48 0.709
271 116 14 17 0.708
730 111 14 18 0.708
643 171 18 23 0.708
621 120 14 20 0.706
72 191 20 23 0.701
317 295 28 36 0.698
475 134 14 16 0.697
871 181 18 24 0.697
614 98 13 17 0.694
660 66 12 16 0.688
21 130 13 17 0.688
640 81 13 16 0.682
388 124 14 17 0.682
522 129 16 21 0.675
419 67 10 14 0.671
386 75 13 15 0.671
508 115 13 17 0.665
374 92 11 16 0.661
561 141 18 22 0.661
201 79 12 15 0.660
219 180 20 26 0.659
903 96 12 17 0.658
949 163 17 20 0.657
575 77 11 15 0.656
443 132 15 20 0.656
676 128 17 22 0.654
10 117 12 15 0.652
976 192 23 31 0.639
779 203 17 22 0.639
475 79 10 14 0.638
308 152 17 22 0.638
739 189 24 30 0.637
765 153 16 24 0.636
24 254 23 28 0.634
613 71 12 15 0.634
452 81 11 13 0.630
760 258 23 30 0.627
648 144 16 20 0.622
867 83 12 17 0.615
171 285 25 29 0.610
745 68 12 16 0.607
424 151 14 18 0.605
874 239 23 28 0.603
293 60 10 13 0.597
249 106 11 16 0.597
706 129 13 15 0.597
336 96 13 15 0.591
170 118 15 20 0.591
338 73 11 14 0.588
1001 83 12 15 0.588
357 100 12 17 0.586
198 233 20 25 0.584
698 76 12 18 0.582
800 224 24 29 0.581
131 109 13 17 0.575
181 314 29 35 0.574
126 130 16 21 0.569
394 98 12 14 0.558
478 112 13 16 0.558
0 181 13 27 0.556
102 181 17 23 0.552
778 123 15 19 0.550
72 154 18 21 0.547
253 393 24 32 0.546
591 99 12 15 0.545
640 102 14 18 0.543
348 73 11 14 0.541
893 478 32 43 0.541
1 328 13 32 0.535
967 165 15 19 0.532
537 60 10 12 0.521
228 96 12 17 0.521
401 152 18 22 0.517
473 62 9 12 0.513
549 92 12 15 0.508
457 120 11 15 0.493
945 142 17 19 0.493
243 53 10 13 0.490
371 76 11 13 0.484
231 251 22 31 0.483
361 137 15 19 0.479
76 253 24 30 0.468
542 114 14 17 0.466
387 33 9 11 0.464
82 121 11 18 0.453
276 308 26 31 0.453
867 154 16 18 0.451
845 121 15 19 0.449
947 149 17 24 0.447
499 88 9 13 0.444
602 164 14 19 0.442
322 156 15 20 0.440
174 90 11 16 0.438
2 296 22 30 0.436
229 142 13 19 0.429
314 57 9 12 0.405
65 217 19 25 0.403
865 241 27 37 0.396
73 326 26 29 0.395
551 154 20 23 0.391
818 142 12 17 0.384
787 105 14 17 0.372
499 58 10 12 0.370
519 75 10 14 0.370
835 68 11 14 0.370
530 149 15 20 0.365
781 104 15 17 0.357
446 219 17 23 0.349
101 117 14 18 0.345
379 52 10 13 0.337
791 80 14 16 0.333
264 91 11 15 0.329
737 197 24 30 0.329
553 161 18 21 0.324
972 85 11 14 0.322
258 69 11 14 0.308
649 136 18 24 0.308
360 131 14 20 0.304
665 131 16 20 0.302
623 198 21 27 0.299
322 128 15 20 0.297
449 221 22 24 0.297
422 53 9 13 0.295
163 195 19 23 0.295
372 180 21 29 0.279
406 150 32 21 0.277
634 45 9 13 0.277
250 90 10 15 0.273
263 181 19 23 0.271
756 47 10 12 0.270
58 280 21 26 0.263
405 341 36 48 0.261
18 290 42 33 0.260
249 282 22 29 0.258
803 209 23 26 0.258
17 124 14 19 0.249
914 79 10 12 0.246
826 179 19 23 0.245
782 75 14 17 0.243
267 68 10 13 0.239
85 81 13 14 0.239
849 67 11 14 0.234
245 114 13 21 0.234
74 167 20 23 0.230
661 444 23 46 0.225
780 53 10 12 0.220
1018 183 7 23 0.211
890 68 9 12 0.210
373 254 20 25 0.205
190 193 24 27 0.204
517 78 11 15 0.204
532 117 15 22 0.201
736 133 18 50 0.199
159 182 20 25 0.199
504 153 14 21 0.197
530 206 20 71 0.195
298 131 16 22 0.194
712 48 9 13 0.192
446 98 12 16 0.192
128 115 15 40 0.189
707 192 18 21 0.187
557 169 16 21 0.186
340 71 16 16 0.184
105 302 27 33 0.179
780 74 12 14 0.178
62 282 26 34 0.177
255 89 17 15 0.176
184 113 13 15 0.174
408 103 13 15 0.172
758 109 12 15 0.169
527 140 17 22 0.169
369 188 23 29 0.169
247 94 13 35 0.168
1001 352 22 39 0.167
311 31 9 11 0.166
690 153 14 19 0.166
667 222 19 24 0.166
244 144 41 25 0.165
278 134 14 19 0.164
686 149 15 20 0.163
987 126 16 19 0.153
960 108 32 19 0.151
267 95 11 24 0.148
436 278 25 31 0.146
1 277 15 86 0.146
313 50 10 24 0.145
81 199 27 39 0.145
105 114 13 17 0.143
831 208 17 23 0.143
29 106 13 15 0.141
475 105 12 59 0.138
79 119 35 19 0.138
624 98 18 20 0.134
22 192 21 25 0.130
700 71 11 16 0.127
532 156 15 19 0.127
952 185 17 21 0.120
708 95 12 16 0.119
72 185 27 41 0.119
38 282 48 35 0.119
745 65 12 34 0.118
422 49 10 12 0.118
621 104 14 47 0.116
258 134 17 23 0.116
27 213 57 27 0.114
348 160 12 16 0.113
745 82 11 15 0.109
455 137 16 17 0.107
1014 177 11 29 0.107
300 56 16 51 0.106
416 68 10 15 0.106
196 190 21 25 0.104
246 23 9 10 0.104
705 86 14 23 0.103
351 165 14 19 0.102
33 292 22 28 0.102
230 18 9 11 0.100
180 410 16 41 0.100
382 29 10 50 0.099
914 130 16 18 0.099
961 84 12 14 0.098
833 176 17 23 0.098
738 208 22 26 0.097
3 184 20 24 0.096
516 70 11 13 0.096
95 117 15 19 0.095
336 115 16 19 0.095
763 138 12 18 0.095
379 47 11 13 0.094
956 184 26 31 0.093
587 98 12 16 0.091
351 122 16 18 0.091
356 97 21 19 0.091
752 46 27 15 0.089
244 107 13 40 0.088
672 117 19 35 0.088
244 28 11 64 0.088
559 117 12 16 0.087
615 74 12 62 0.085
518 150 29 20 0.084
642 115 18 21 0.083
172 237 38 31 0.083
96 176 20 24 0.082
549 22 9 11 0.082
796 79 13 16 0.082
433 283 21 23 0.082
407 84 13 15 0.080
322 119 15 18 0.078
527 90 13 16 0.078
329 98 13 16 0.076
456 219 21 27 0.076
266 177 21 24 0.076
859 154 17 18 0.075
396 250 20 25 0.073
44 285 22 29 0.073
632 99 19 19 0.073
538 75 11 14 0.073
546 64 12 80 0.073
192 204 21 24 0.072
73 271 22 28 0.072
1016 192 9 23 0.072
147 191 24 31 0.071
408 51 9 12 0.071
806 204 20 23 0.070
721 80 10 14 0.068
933 91 11 15 0.068
682 141 17 22 0.068
323 40 11 14 0.068
869 424 29 40 0.067
0 309 14 31 0.067
769 158 17 24 0.066
525 99 12 15 0.065
831 65 11 16 0.064
596 115 13 17 0.064
303 78 12 55 0.063
917 177 17 25 0.062
144 151 17 23 0.062
230 247 20 25 0.062
394 115 24 72 0.061
163 62 11 14 0.060
170 95 12 18 0.060
14 129 20 24 0.060
288 80 11 15 0.060
678 122 15 18 0.060
400 146 17 21 0.059
475 43 8 81 0.059
132 51 10 14 0.059
250 80 12 19 0.058
528 111 27 37 0.058
712 89 13 16 0.057
866 161 48 55 0.056
358 174 16 21 0.056
620 190 19 25 0.056
635 64 43 35 0.056
767 132 19 54 0.055
453 39 9 89 0.055
429 55 14 13 0.055
542 79 11 16 0.055
733 101 13 17 0.055
589 120 13 17 0.052
100 260 19 24 0.052
378 132 15 20 0.052
820 174 28 46 0.052
646 93 15 77 0.052
682 65 10 15 0.052
1017 401 7 37 0.052
441 94 11 17 0.052
828 160 29 51 0.051
804 140 15 19 0.051
364 123 18 26 0.051
736 96 12 14 0.050
59 216 17 24 0.050
171 70 12 34 0.050
734 188 22 25 0.050
249 23 11 13 0.049
368 139 16 21 0.049
25 34 10 13 0.049
576 46 10 14 0.049
538 552 21 51 0.046
120 226 17 22 0.046
187 109 12 15 0.045
580 131 14 18 0.045
409 47 11 13 0.045
610 145 12 16 0.045
271 60 11 13 0.045
113 79 13 16 0.045
385 8 8 77 0.044
651 47 10 12 0.044
621 170 19 23 0.044
249 87 11 14 0.044
448 31 9 11 0.043
797 87 14 16 0.043
593 108 14 20 0.043
607 142 13 16 0.043
634 19 9 13 0.043
915 74 10 13 0.042
520 106 11 15 0.042
247 50 11 18 0.042
950 201 20 29 0.041
305 33 11 96 0.041
912 136 18 22 0.041
67 276 25 31 0.040
621 87 17 17 0.040
478 34 10 12 0.039
261 39 16 82 0.038
308 23 10 21 0.038
580 80 13 16 0.038
160 121 17 20 0.037
732 57 11 14 0.037
813 163 35 74 0.036
817 172 20 23 0.036
434 60 12 21 0.036
732 60 12 16 0.036
928 84 15 22 0.036
304 50 9 101 0.036
890 88 12 18 0.036
275 184 20 21 0.036
288 5 8 10 0.036
545 115 18 21 0.035
479 105 12 18 0.035
978 85 14 16 0.035
454 150 17 22 0.035
262 57 11 42 0.034
166 187 19 25 0.033
522 101 11 16 0.033
272 61 10 108 0.033
496 89 12 29 0.033
865 183 19 24 0.033
553 91 12 16 0.032
444 287 24 29 0.032
115 81 14 19 0.032
516 62 14 39 0.032
328 69 14 99 0.031
493 39 9 12 0.031
309 299 32 43 0.031
956 87 12 15 0.030
353 67 36 74 0.030
148 146 16 20 0.030
168 78 13 18 0.030
392 212 18 23 0.030
346 170 17 20 0.030
486 36 10 11 0.029
750 45 12 13 0.029
23 293 23 30 0.029
358 16 8 10 0.029
827 50 10 14 0.029
228 109 14 19 0.029
801 103 15 17 0.028
559 16 10 11 0.028
295 80 12 16 0.028
982 124 15 18 0.028
2 121 12 19 0.028
434 348 18 26 0.028
272 102 11 15 0.028
551 19 12 15 0.027
59 272 19 25 0.027
186 125 15 19 0.027
237 273 22 30 0.027
633 23 9 34 0.027
160 104 12 16 0.027
115 302 23 26 0.027
221 10 16 23 0.026
351 65 14 17 0.026
175 85 11 16 0.026
453 83 12 16 0.026
501 116 13 18 0.026
244 68 12 108 0.026
515 48 9 12 0.026
523 118 13 20 0.026
78 79 40 19 0.026
300 103 12 17 0.026
368 121 14 17 0.025
703 123 14 17 0.025
211 13 11 14 0.025
694 65 15 24 0.025
958 76 10 16 0.025
0 433 10 52 0.025
74 147 15 20 0.025
161 171 18 22 0.025
157 24 8 10 0.025
337 52 13 18 0.024
384 30 9 11 0.024
623 166 16 20 0.024
442 271 21 26 0.024
217 41 10 13 0.024
265 201 21 27 0.024
462 43 12 14 0.023
81 78 12 15 0.023
501 28 14 72 0.023
102 131 13 18 0.023
1003 466 21 81 0.023
661 116 16 17 0.023
40 120 14 19 0.023
40 254 18 25 0.023
314 301 22 28 0.023
199 24 9 12 0.023
119 107 15 18 0.023
143 187 19 22 0.023
0 343 14 23 0.023
486 3 10 11 0.023
976 204 20 26 0.023
23 393 24 28 0.023
767 65 15 17 0.022
457 102 17 17 0.022
75 248 19 23 0.022
610 172 18 24 0.022
534 53 11 14 0.022
328 308 24 28 0.021
842 166 17 21 0.021
454 103 16 107 0.021
608 89 16 22 0.021
564 51 67 63 0.021
206 226 19 25 0.021
370 246 18 24 0.021
562 17 13 11 0.021
114 71 11 15 0.021
1010 500 14 55 0.021
821 45 11 14 0.020
72 253 20 24 0.020
674 75 15 112 0.020
868 259 33 41 0.020
1010 99 12 16 0.020
541 30 16 112 0.020
280 49 13 18 0.019
137 93 14 25 0.019
262 24 10 12 0.019
858 306 23 33 0.019
3 383 23 80 0.018
827 49 13 23 0.018
225 124 14 17 0.018
709 41 12 14 0.018
597 123 15 24 0.018
1 269 16 25 0.018
154 113 16 23 0.018
502 149 14 18 0.017
99 308 23 26 0.017
341 175 14 18 0.017
893 55 11 30 0.017
1005 370 15 25 0.017
226 149 14 19 0.016
841 500 23 29 0.016
947 137 13 16 0.016
790 210 21 26 0.016
861 378 38 50 0.016
11 109 13 17 0.016
88 308 22 29 0.016
822 291 23 31 0.016
433 72 13 16 0.016
784 52 11 14 0.015
249 381 34 47 0.015
468 236 24 31 0.015
448 277 18 24 0.015
45 261 21 27 0.015
456 164 17 41 0.015
825 168 19 23 0.015
1016 200 9 32 0.015
891 64 12 27 0.015
950 103 15 19 0.014
509 48 11 118 0.014
0 428 7 42 0.014
365 296 19 25 0.014
681 57 11 16 0.014
122 218 18 25 0.013
386 244 19 26 0.013
700 154 19 21 0.013
806 196 19 23 0.013
671 205 25 37 0.013
838 487 30 44 0.013
215 10 10 11 0.013
951 64 11 16 0.013
2 131 13 20 0.013
381 408 17 36 0.013
624 160 14 17 0.013
616 239 31 39 0.013
8 149 18 23 0.013
255 17 11 18 0.013
895 44 10 13 0.013
292 81 13 21 0.013
96 83 15 17 0.012
395 240 19 26 0.012
632 15 11 13 0.012
137 300 23 28 0.012
172 283 33 43 0.012
329 57 30 89 0.012
383 43 21 112 0.012
365 281 37 47 0.012
340 314 22 26 0.012
573 33 14 122 0.012
683 69 11 16 0.012
475 40 11 129 0.012
965 96 16 23 0.012
784 66 12 16 0.012
615 172 19 26 0.012
663 56 12 17 0.012
184 413 22 43 0.012
937 145 19 21 0.012
634 8 10 40 0.011
362 55 12 142 0.011
150 156 19 22 0.011
341 51 13 21 0.011
121 87 15 21 0.011
839 519 21 31 0.011
291 6 9 11 0.011
285 320 19 28 0.011
884 472 32 46 0.011
82 265 20 25 0.011
584 83 14 17 0.011
359 235 21 25 0.011
150 83 14 17 0.011
709 130 16 18 0.011
655 148 17 21 0.011
231 265 20 27 0.011
923 176 17 26 0.011
428 280 19 24 0.011
190 322 23 27 0.011
247 0 14 55 0.011
763 98 35 108 0.011
306 30 10 12 0.010
800 134 15 19 0.010
631 85 16 17 0.010
480 37 21 11 0.010
966 267 20 26 0.010
272 306 21 26 0.010
992 344 34 53 0.010
334 26 11 18 0.010
