1_Handshaking_Handshaking_1_356
55
669 215 139 185 0.865
127 607 125 149 0.847
312 388 31 34 0.772
598 412 27 37 0.754
429 285 17 22 0.742
571 299 18 23 0.709
604 291 15 20 0.694
272 384 26 37 0.607
660 360 13 17 0.547
449 310 12 13 0.431
488 298 12 16 0.397
646 303 14 17 0.397
411 288 14 19 0.229
647 291 17 34 0.224
357 309 11 13 0.214
105 294 8 11 0.178
588 413 24 36 0.161
582 415 22 33 0.116
493 300 17 15 0.115
145 254 9 11 0.109
103 290 9 12 0.104
618 323 12 16 0.099
545 308 12 15 0.096
657 353 22 29 0.093
506 302 14 19 0.092
651 314 15 17 0.089
147 257 10 14 0.087
161 276 8 11 0.080
500 300 14 18 0.079
509 301 11 14 0.050
240 327 9 12 0.043
624 311 17 50 0.041
1 323 8 13 0.032
651 305 17 20 0.032
648 327 45 63 0.029
282 370 22 30 0.024
509 314 11 15 0.024
647 299 12 16 0.023
630 362 13 16 0.021
145 256 18 20 0.020
460 314 11 13 0.020
239 301 12 12 0.019
658 350 15 24 0.019
265 395 25 32 0.017
663 337 20 32 0.017
328 300 11 14 0.016
284 361 19 26 0.015
147 260 14 23 0.015
242 300 11 30 0.014
159 274 11 21 0.013
659 318 23 25 0.012
240 321 12 16 0.012
94 272 9 14 0.012
577 419 20 29 0.010
245 308 12 14 0.010
