1_Handshaking_Handshaking_1_602
57
915 271 11 14 0.750
841 237 11 14 0.717
610 229 10 12 0.706
375 239 14 19 0.665
753 245 9 11 0.665
509 225 9 10 0.652
645 223 10 12 0.638
251 347 28 26 0.626
437 232 9 12 0.619
190 190 9 10 0.619
136 199 9 10 0.609
476 218 9 10 0.586
577 218 9 11 0.573
546 226 8 10 0.554
687 228 10 12 0.504
289 284 17 21 0.471
121 304 17 19 0.446
640 246 10 12 0.380
674 305 14 19 0.377
718 238 10 12 0.365
679 229 11 13 0.359
940 246 18 22 0.253
613 290 13 21 0.181
924 247 14 15 0.169
677 231 9 12 0.159
630 222 31 14 0.149
398 321 15 21 0.112
925 246 29 20 0.102
771 254 8 10 0.093
473 220 39 12 0.091
669 305 15 19 0.066
580 249 9 11 0.065
720 235 9 12 0.064
558 247 9 11 0.063
138 200 9 12 0.054
679 305 14 19 0.052
921 246 10 13 0.045
617 299 15 20 0.038
676 242 11 13 0.036
284 285 18 23 0.032
887 263 8 11 0.028
679 248 12 14 0.022
135 200 9 12 0.022
576 229 8 12 0.022
686 232 12 20 0.020
643 245 11 13 0.020
296 282 13 19 0.019
253 355 21 22 0.015
611 233 10 13 0.014
370 239 14 19 0.013
613 296 14 21 0.013
667 248 11 13 0.013
722 261 10 12 0.013
470 251 13 21 0.012
260 345 22 23 0.012
915 266 10 13 0.011
837 240 11 14 0.010
