56_Voter_peoplevoting_56_350
324
39 365 32 45 0.785
828 264 14 16 0.745
2 324 41 54 0.727
437 150 9 11 0.723
181 71 7 11 0.708
258 107 8 11 0.706
746 235 11 14 0.682
524 183 10 12 0.669
12 39 9 9 0.667
228 103 9 10 0.650
284 115 10 12 0.650
564 168 9 12 0.648
562 190 10 12 0.619
54 43 7 10 0.584
205 92 10 12 0.584
333 117 9 11 0.582
199 75 9 11 0.578
520 319 16 24 0.575
859 260 11 14 0.558
305 105 9 11 0.554
112 60 9 10 0.552
699 224 11 14 0.535
525 159 9 11 0.521
733 219 10 12 0.513
394 141 10 12 0.501
384 117 8 9 0.488
345 402 18 34 0.487
540 191 11 12 0.479
925 243 10 11 0.471
467 151 9 11 0.466
766 203 10 11 0.464
404 123 7 9 0.449
648 199 10 15 0.444
499 354 19 26 0.437
434 129 8 11 0.436
674 209 9 14 0.433
798 234 10 13 0.425
768 289 12 15 0.399
82 47 8 11 0.397
724 200 10 13 0.397
139 68 8 10 0.382
544 167 10 12 0.380
743 208 10 12 0.374
631 192 10 12 0.339
607 164 9 11 0.333
134 18 6 7 0.329
579 168 9 11 0.314
598 178 8 11 0.312
513 159 10 12 0.310
792 359 15 24 0.310
156 28 6 6 0.306
349 129 9 11 0.302
463 134 8 10 0.299
607 192 10 12 0.293
899 244 14 15 0.286
719 354 16 19 0.284
106 42 8 10 0.279
824 241 11 12 0.263
791 213 11 11 0.259
0 28 5 9 0.256
33 41 8 11 0.254
572 323 15 26 0.254
746 355 18 21 0.244
669 182 9 12 0.236
284 79 8 10 0.227
499 156 8 11 0.223
829 305 18 19 0.220
355 104 7 9 0.213
989 313 23 29 0.210
517 158 12 13 0.208
676 205 10 15 0.202
905 306 18 25 0.201
877 242 11 12 0.198
726 192 10 13 0.192
511 318 22 41 0.191
667 184 9 12 0.191
250 107 18 11 0.191
873 249 11 13 0.188
653 346 18 24 0.185
507 157 10 12 0.183
905 248 13 15 0.182
817 313 18 20 0.173
80 44 10 12 0.172
371 108 8 9 0.170
821 309 23 21 0.168
671 179 8 12 0.163
859 244 11 40 0.161
802 232 11 14 0.159
721 203 11 14 0.159
223 46 7 8 0.152
834 299 19 19 0.148
840 295 18 20 0.148
53 34 8 28 0.143
323 90 8 10 0.139
264 66 7 10 0.136
407 146 7 9 0.132
520 567 21 26 0.132
380 109 12 22 0.131
847 292 15 18 0.126
138 62 10 13 0.124
595 181 9 12 0.120
505 153 14 21 0.119
465 135 9 13 0.118
70 38 9 13 0.113
370 133 9 10 0.112
179 73 25 11 0.112
880 245 14 13 0.109
209 91 9 11 0.109
767 186 9 48 0.108
723 356 19 20 0.106
830 233 11 13 0.105
658 164 8 11 0.105
825 236 11 13 0.096
843 240 15 13 0.095
65 42 11 11 0.094
244 73 8 11 0.091
265 69 9 8 0.089
794 235 10 13 0.088
51 40 11 11 0.087
1000 315 14 22 0.086
601 169 11 22 0.085
136 59 10 20 0.085
482 151 16 11 0.084
330 91 9 10 0.080
906 319 18 21 0.078
183 31 6 8 0.078
497 158 9 10 0.078
548 167 17 13 0.077
725 185 10 47 0.073
274 72 12 18 0.072
100 28 7 9 0.072
606 159 10 12 0.070
396 145 9 11 0.069
436 114 8 81 0.068
911 303 13 18 0.068
332 87 8 17 0.066
726 175 9 21 0.061
514 321 18 24 0.060
779 211 8 10 0.059
461 130 9 11 0.058
848 238 11 11 0.058
906 256 14 16 0.057
649 188 14 19 0.055
648 168 9 70 0.053
672 185 9 20 0.053
746 180 10 103 0.053
493 358 18 23 0.053
726 170 9 42 0.052
354 104 7 13 0.051
606 197 10 13 0.051
852 236 12 12 0.051
874 238 11 11 0.050
725 170 9 13 0.050
257 94 21 42 0.049
284 76 13 15 0.049
790 313 15 19 0.048
609 179 10 13 0.047
903 301 16 21 0.047
500 159 23 10 0.047
858 234 9 11 0.046
839 245 12 14 0.045
175 36 8 11 0.044
137 53 11 12 0.043
355 106 28 11 0.042
722 167 11 11 0.042
842 236 25 14 0.042
486 141 8 20 0.042
147 15 18 25 0.041
724 194 11 25 0.040
656 352 17 23 0.040
507 577 25 24 0.040
525 143 8 11 0.040
474 152 11 11 0.039
407 121 9 11 0.039
650 339 18 24 0.039
361 99 12 26 0.038
527 315 12 22 0.037
306 78 8 11 0.037
114 63 9 10 0.036
568 185 12 16 0.036
788 353 14 21 0.036
707 163 10 12 0.036
430 130 8 11 0.034
485 149 8 10 0.034
128 50 14 15 0.034
303 91 29 47 0.033
489 129 8 9 0.032
799 241 10 14 0.032
510 332 18 30 0.032
34 44 10 11 0.031
918 250 13 17 0.031
548 189 31 14 0.031
681 366 19 19 0.030
983 319 21 25 0.030
775 226 12 15 0.030
730 199 11 50 0.029
349 100 12 29 0.028
80 7 7 8 0.028
566 119 7 114 0.027
271 81 15 13 0.027
895 219 30 68 0.026
852 296 20 19 0.026
161 47 9 12 0.026
410 385 22 33 0.026
528 564 20 25 0.026
755 202 15 23 0.026
515 141 12 14 0.025
646 183 10 13 0.025
800 245 11 13 0.025
255 103 10 12 0.025
581 156 10 12 0.025
507 124 7 12 0.025
747 339 15 21 0.024
166 39 10 17 0.023
717 360 17 20 0.023
767 222 13 20 0.022
823 320 22 24 0.022
658 355 33 23 0.022
857 266 15 17 0.022
67 32 9 12 0.022
145 62 9 12 0.022
791 311 36 21 0.022
682 202 9 13 0.022
898 237 12 13 0.022
157 28 7 7 0.022
551 158 10 11 0.021
80 10 15 81 0.021
543 154 12 17 0.021
672 148 9 110 0.021
863 301 13 16 0.021
493 118 17 80 0.021
908 325 19 20 0.021
872 219 40 63 0.021
38 1 9 8 0.021
737 173 28 78 0.021
903 261 16 17 0.020
266 85 9 13 0.020
13 30 11 13 0.020
692 359 43 22 0.019
727 169 10 15 0.019
180 25 11 25 0.019
1 0 7 9 0.019
78 32 9 11 0.019
730 167 10 108 0.019
772 231 11 13 0.018
761 286 12 16 0.018
557 140 7 10 0.018
648 347 16 22 0.018
433 122 9 11 0.017
181 75 9 12 0.017
333 88 9 11 0.016
89 52 9 10 0.016
148 58 13 17 0.016
172 37 11 13 0.016
227 95 10 13 0.016
157 26 12 15 0.016
524 116 10 114 0.016
409 143 9 22 0.016
997 311 15 18 0.016
190 33 8 8 0.016
364 167 7 9 0.016
235 115 9 11 0.016
70 34 8 10 0.016
626 188 15 18 0.015
904 295 15 20 0.015
134 51 19 15 0.015
524 560 19 24 0.015
217 35 7 7 0.015
283 100 11 15 0.015
797 214 9 11 0.015
571 332 18 25 0.015
591 150 12 20 0.015
833 303 21 25 0.014
104 19 16 44 0.014
798 217 10 12 0.014
692 161 9 10 0.014
375 142 9 11 0.014
714 205 10 14 0.014
248 58 9 42 0.014
123 10 8 15 0.014
756 221 14 20 0.013
297 79 13 21 0.013
395 385 24 31 0.013
209 39 11 19 0.013
605 170 11 42 0.013
749 338 54 52 0.013
571 318 12 21 0.013
308 78 16 28 0.013
336 67 9 15 0.013
529 119 7 14 0.013
487 361 18 21 0.013
629 181 28 37 0.013
110 63 7 9 0.013
125 22 25 94 0.012
163 57 11 17 0.012
590 191 11 13 0.012
722 218 17 19 0.012
228 46 8 9 0.012
576 325 16 23 0.012
493 593 27 28 0.012
276 91 13 23 0.012
223 102 9 12 0.012
914 258 13 16 0.012
849 285 13 16 0.012
621 148 28 101 0.012
182 16 8 43 0.011
240 115 8 10 0.011
902 289 16 20 0.011
400 84 7 8 0.011
24 29 10 13 0.011
719 349 13 19 0.011
924 247 11 15 0.011
96 29 15 27 0.011
610 147 12 25 0.011
52 4 10 12 0.011
771 221 13 23 0.011
480 114 8 10 0.010
126 17 8 15 0.010
535 572 23 24 0.010
134 15 7 10 0.010
207 44 15 10 0.010
813 320 18 19 0.010
338 70 8 9 0.010
75 1 10 20 0.010
