56_Voter_peoplevoting_56_260
31
910 429 30 39 0.868
469 131 40 50 0.848
42 314 27 35 0.845
948 222 24 32 0.836
0 416 18 36 0.836
277 156 38 46 0.834
838 323 27 36 0.826
930 319 27 35 0.824
847 420 28 34 0.820
26 214 30 37 0.804
930 123 28 35 0.803
1003 432 21 34 0.791
56 40 31 41 0.781
858 219 27 34 0.766
692 159 38 41 0.749
65 121 28 38 0.723
850 31 29 37 0.549
997 341 22 32 0.294
1013 317 12 33 0.196
925 23 28 36 0.171
79 302 20 27 0.149
7 365 25 32 0.137
1006 25 18 38 0.122
66 136 26 34 0.093
1015 357 10 30 0.073
294 22 15 19 0.055
1000 333 19 27 0.045
1017 117 7 36 0.019
1014 304 11 35 0.015
1018 159 6 42 0.014
833 23 32 47 0.010
