56_Voter_peoplevoting_56_268
188
391 253 31 39 0.815
243 277 33 39 0.814
803 218 26 32 0.790
633 192 15 19 0.758
742 227 26 33 0.758
137 217 22 26 0.746
864 231 23 29 0.733
594 207 14 17 0.729
471 219 26 30 0.710
370 179 11 14 0.709
661 219 27 34 0.709
416 225 21 27 0.708
392 184 14 18 0.671
25 181 14 17 0.659
515 215 14 17 0.642
264 225 20 25 0.640
333 232 22 27 0.640
75 185 11 13 0.626
299 210 16 19 0.626
572 224 18 30 0.599
126 192 13 14 0.594
111 185 11 13 0.591
357 201 14 17 0.588
959 212 16 23 0.560
679 192 14 18 0.555
410 196 13 16 0.545
277 181 15 18 0.521
357 224 15 22 0.519
864 202 15 18 0.493
346 182 10 14 0.345
980 211 15 16 0.324
242 185 12 15 0.322
445 197 12 16 0.308
633 226 18 23 0.295
58 171 7 11 0.293
219 185 10 12 0.288
444 201 13 20 0.270
564 182 10 13 0.269
221 204 17 19 0.267
941 205 17 23 0.266
120 190 13 14 0.254
203 166 10 9 0.230
198 185 11 13 0.225
838 221 18 22 0.223
456 180 9 12 0.222
403 191 16 20 0.221
445 216 17 22 0.213
535 210 10 12 0.211
234 168 8 10 0.205
220 190 13 25 0.202
734 177 9 10 0.188
160 187 10 12 0.186
111 187 17 14 0.176
228 250 26 31 0.170
734 190 9 11 0.166
264 170 10 11 0.166
734 183 9 12 0.160
616 244 16 20 0.134
200 165 10 9 0.134
557 197 13 16 0.133
558 187 16 23 0.131
100 173 9 12 0.128
450 182 12 18 0.126
732 179 11 13 0.125
590 208 16 21 0.120
342 176 15 24 0.119
236 169 9 12 0.117
480 184 9 13 0.110
587 201 41 20 0.104
278 283 18 27 0.104
276 151 15 78 0.102
257 209 20 24 0.101
0 159 6 11 0.100
303 174 9 11 0.094
246 181 12 15 0.091
241 172 14 34 0.091
366 159 12 61 0.086
262 169 9 10 0.085
452 215 22 26 0.084
228 170 10 12 0.082
945 206 19 24 0.079
1 268 12 14 0.072
133 189 13 13 0.070
718 174 9 11 0.070
138 186 11 13 0.070
688 193 10 12 0.066
253 206 19 20 0.066
306 175 11 25 0.063
720 176 10 12 0.063
172 173 8 11 0.061
227 208 17 20 0.059
286 179 16 17 0.058
201 146 9 64 0.057
168 218 18 22 0.057
734 175 8 28 0.057
702 172 9 11 0.054
338 173 10 14 0.053
36 162 10 23 0.053
566 226 17 29 0.050
532 210 15 17 0.050
36 157 10 20 0.047
200 159 12 26 0.046
268 219 19 25 0.043
301 168 14 85 0.041
336 203 13 17 0.040
323 165 8 9 0.040
885 233 14 19 0.040
246 203 20 21 0.038
117 213 15 18 0.038
0 156 9 23 0.038
134 162 9 22 0.037
465 182 25 13 0.036
846 191 12 13 0.036
482 187 11 14 0.034
483 184 11 12 0.034
568 193 12 17 0.034
134 165 10 11 0.034
872 235 20 25 0.034
670 222 23 30 0.033
524 256 17 23 0.033
3 207 8 11 0.033
277 200 15 19 0.033
704 192 10 11 0.032
113 178 11 15 0.032
307 186 12 12 0.031
31 161 15 11 0.031
979 215 17 20 0.031
704 171 13 14 0.030
178 194 14 16 0.030
688 197 11 13 0.029
675 176 11 13 0.028
171 189 16 19 0.026
705 177 10 19 0.026
138 164 9 11 0.026
321 162 10 18 0.025
937 201 18 22 0.025
84 180 11 14 0.025
159 164 9 11 0.024
276 193 15 19 0.024
683 186 16 52 0.024
172 187 17 59 0.024
878 234 19 23 0.024
479 181 10 12 0.023
337 191 13 26 0.023
703 168 9 11 0.022
22 158 9 15 0.022
301 168 8 10 0.022
188 183 12 19 0.021
321 178 16 23 0.020
330 168 10 9 0.020
484 181 9 11 0.020
671 173 11 14 0.020
704 167 15 28 0.019
448 184 13 31 0.019
219 139 11 110 0.019
394 179 12 17 0.018
253 201 15 19 0.018
322 186 11 13 0.018
156 163 12 17 0.018
305 168 9 11 0.017
718 171 8 8 0.017
37 156 9 10 0.017
196 205 15 19 0.017
310 182 30 15 0.017
91 164 10 11 0.016
231 257 27 32 0.016
732 190 15 19 0.015
131 159 19 59 0.015
221 166 31 75 0.015
323 160 9 13 0.015
57 170 11 15 0.015
392 188 19 25 0.014
701 173 25 12 0.014
203 205 16 20 0.014
25 153 17 24 0.014
102 161 10 18 0.013
671 180 14 25 0.013
198 162 9 11 0.013
264 170 13 18 0.013
135 162 14 27 0.012
0 146 13 44 0.012
710 192 11 13 0.011
487 219 17 21 0.011
524 222 12 15 0.011
526 206 12 13 0.011
989 213 19 22 0.010
74 159 12 16 0.010
322 156 9 35 0.010
