56_Voter_peoplevoting_56_620
31
129 193 50 64 0.834
815 136 39 61 0.799
288 197 35 56 0.770
366 198 24 32 0.732
541 211 16 25 0.553
343 249 21 27 0.275
528 216 15 19 0.249
439 235 18 28 0.229
543 214 20 25 0.130
480 228 18 24 0.122
494 218 17 22 0.117
243 246 19 25 0.099
477 233 14 21 0.070
577 231 15 19 0.066
530 214 20 25 0.063
488 224 18 24 0.048
611 235 13 17 0.044
449 231 12 17 0.041
366 207 17 29 0.036
527 222 16 20 0.031
494 226 18 22 0.029
503 219 20 24 0.021
250 241 20 31 0.020
495 214 13 18 0.020
452 228 11 15 0.016
239 243 16 26 0.014
569 228 17 22 0.013
242 252 18 28 0.012
535 219 21 25 0.011
554 222 17 24 0.011
363 243 17 25 0.011
