56_Voter_peoplevoting_56_663
33
491 292 47 64 0.866
836 49 70 90 0.852
668 141 45 52 0.835
342 210 46 46 0.707
106 226 11 13 0.690
197 196 11 17 0.684
71 220 9 12 0.543
284 190 10 12 0.540
0 218 9 14 0.482
235 179 10 14 0.408
317 183 9 12 0.374
13 224 10 12 0.302
40 226 10 12 0.238
-1 219 16 14 0.194
408 170 10 12 0.118
41 224 11 11 0.078
181 188 10 14 0.074
7 224 37 13 0.059
318 177 10 13 0.052
9 221 12 14 0.040
1011 101 13 64 0.030
158 195 10 11 0.022
38 215 10 12 0.019
183 185 9 12 0.019
171 191 12 13 0.018
57 234 11 13 0.017
164 194 12 11 0.017
96 218 13 18 0.016
52 233 11 12 0.014
89 231 11 13 0.012
166 234 8 10 0.012
391 163 15 15 0.010
89 218 12 12 0.010
