56_Voter_peoplevoting_56_410
181
492 446 16 19 0.826
121 452 17 20 0.805
270 468 18 23 0.803
470 432 18 21 0.756
56 445 19 22 0.747
549 446 16 19 0.740
826 429 19 21 0.735
742 477 18 20 0.733
614 463 16 21 0.732
176 434 18 22 0.722
930 459 18 23 0.713
366 435 17 20 0.695
322 441 14 19 0.692
527 427 14 18 0.658
693 477 17 22 0.630
643 455 15 20 0.568
83 433 14 17 0.554
938 426 15 18 0.550
285 444 15 19 0.543
422 429 17 20 0.525
962 445 16 21 0.508
155 417 12 16 0.508
118 415 12 15 0.464
987 448 15 21 0.451
32 426 17 21 0.436
814 464 20 23 0.429
213 458 20 23 0.408
895 425 15 20 0.394
283 426 17 19 0.386
872 448 15 25 0.331
235 452 17 21 0.316
421 451 16 20 0.301
606 431 14 17 0.282
180 428 20 24 0.270
98 436 13 16 0.238
320 414 14 16 0.231
805 428 13 19 0.211
385 418 13 18 0.187
304 448 15 20 0.182
135 421 15 16 0.179
193 422 16 20 0.178
602 427 12 15 0.175
230 440 16 19 0.175
442 450 16 19 0.172
359 419 16 20 0.169
404 422 13 16 0.168
415 429 17 20 0.166
82 440 15 18 0.161
125 418 17 17 0.154
32 416 18 23 0.151
582 421 16 17 0.150
24 450 18 21 0.146
932 426 16 63 0.132
444 425 14 19 0.132
987 442 14 16 0.126
89 433 16 19 0.113
254 412 12 15 0.110
425 451 19 21 0.108
813 472 20 23 0.104
826 459 21 25 0.090
937 452 18 24 0.087
229 432 18 19 0.086
892 466 16 21 0.084
894 436 17 22 0.083
378 450 13 20 0.078
90 423 20 38 0.075
397 419 17 18 0.073
132 414 42 26 0.070
915 433 15 19 0.068
316 411 14 17 0.066
890 455 16 25 0.064
508 426 15 18 0.063
866 443 16 22 0.059
139 417 15 16 0.059
221 434 18 18 0.058
121 416 16 17 0.056
345 437 14 18 0.055
379 426 15 21 0.055
544 399 9 12 0.053
553 420 14 17 0.052
203 426 16 24 0.051
872 458 16 21 0.051
643 445 17 22 0.046
541 381 9 9 0.045
966 449 16 21 0.045
269 412 15 17 0.044
577 423 17 17 0.043
415 442 18 26 0.043
305 441 16 18 0.043
632 447 17 22 0.043
10 427 14 25 0.042
987 457 16 22 0.042
947 445 18 22 0.042
172 424 18 21 0.041
441 425 12 17 0.039
497 429 18 21 0.039
609 434 17 22 0.038
217 441 19 24 0.038
200 464 19 21 0.038
34 411 16 20 0.038
196 467 16 19 0.037
436 445 17 22 0.037
754 438 14 20 0.037
715 429 14 20 0.035
490 420 54 45 0.034
359 417 13 15 0.034
563 421 17 19 0.033
248 413 37 17 0.033
542 384 10 14 0.031
933 444 18 22 0.030
951 421 14 19 0.030
497 423 16 18 0.030
502 423 17 20 0.030
688 465 19 28 0.029
824 404 10 15 0.029
34 451 20 20 0.029
77 417 16 26 0.029
870 440 15 20 0.028
92 453 16 19 0.028
528 423 18 19 0.028
245 412 15 18 0.028
332 434 17 22 0.027
919 437 17 19 0.026
557 419 20 18 0.026
583 458 13 17 0.026
989 436 13 19 0.026
887 419 19 21 0.025
835 457 17 25 0.025
900 439 15 20 0.025
643 464 16 23 0.025
235 459 18 22 0.025
222 460 21 23 0.024
30 434 19 26 0.023
13 417 14 17 0.022
870 402 9 11 0.022
682 464 15 20 0.022
100 411 14 16 0.022
452 419 16 20 0.022
982 353 12 16 0.021
73 454 17 21 0.020
74 410 11 14 0.020
445 446 19 21 0.020
868 399 11 23 0.019
777 438 15 19 0.019
648 440 16 18 0.018
14 433 19 29 0.018
876 414 15 20 0.018
615 470 17 20 0.018
117 424 16 19 0.018
512 444 16 19 0.017
802 423 13 18 0.017
399 443 18 25 0.017
0 436 10 27 0.016
6 411 30 65 0.016
671 429 16 20 0.016
158 410 15 18 0.016
993 460 18 22 0.015
881 417 13 15 0.015
524 410 34 38 0.015
865 408 13 17 0.015
194 416 16 17 0.015
718 427 17 20 0.014
2 434 12 23 0.014
448 412 14 18 0.014
621 435 16 21 0.014
940 460 20 23 0.013
570 446 14 18 0.013
425 398 11 15 0.013
714 422 15 19 0.013
338 440 21 20 0.013
263 414 39 21 0.012
721 419 17 18 0.012
1013 434 12 19 0.012
679 457 15 20 0.012
14 423 31 45 0.012
567 413 17 20 0.011
695 444 15 19 0.011
925 423 16 19 0.011
490 422 16 19 0.011
865 450 19 24 0.011
151 415 19 22 0.010
