56_Voter_peoplevoting_56_344
29
178 81 19 24 0.867
309 52 19 26 0.864
980 69 15 20 0.849
208 73 20 26 0.849
462 86 19 22 0.843
701 65 19 24 0.826
94 54 19 26 0.809
552 75 19 23 0.802
800 90 15 20 0.788
379 85 19 23 0.722
641 63 17 20 0.693
61 76 16 24 0.648
891 81 14 17 0.595
912 80 12 16 0.468
345 73 18 21 0.462
775 80 13 16 0.176
781 80 19 19 0.121
1 72 11 21 0.064
1015 81 8 15 0.050
783 83 33 22 0.041
646 62 18 22 0.034
772 82 13 17 0.023
66 73 14 22 0.020
913 86 11 14 0.018
366 94 13 18 0.014
888 85 13 16 0.014
342 78 18 21 0.013
378 77 20 23 0.012
638 65 13 19 0.011
