56_Voter_peoplevoting_56_441
286
207 241 102 155 0.830
977 647 17 20 0.740
990 608 14 18 0.730
807 633 12 16 0.704
900 560 12 14 0.699
962 548 11 13 0.656
972 515 12 14 0.654
792 550 10 13 0.636
721 501 9 11 0.630
835 429 10 12 0.609
796 529 10 13 0.607
814 410 8 10 0.605
792 500 9 12 0.588
678 460 8 10 0.569
657 474 9 11 0.554
723 450 8 11 0.552
987 579 12 14 0.542
621 474 10 11 0.539
756 513 9 11 0.521
725 475 8 10 0.513
835 513 10 13 0.506
755 455 8 10 0.488
772 559 11 12 0.482
733 415 8 10 0.475
822 467 10 12 0.471
762 476 9 11 0.457
759 416 8 10 0.431
876 599 12 16 0.431
747 399 7 9 0.405
700 546 10 12 0.399
663 445 8 10 0.399
925 566 12 14 0.393
731 567 10 12 0.382
806 428 8 11 0.378
815 496 8 11 0.368
816 512 9 11 0.365
963 496 11 12 0.361
820 589 12 14 0.332
1010 532 10 19 0.331
627 438 8 10 0.316
19 355 63 89 0.312
898 594 13 15 0.293
954 442 10 12 0.287
794 482 10 13 0.284
924 507 10 13 0.282
738 490 9 11 0.282
724 382 7 9 0.277
787 406 8 10 0.273
995 450 10 12 0.249
844 411 9 11 0.247
894 508 10 12 0.247
793 478 10 12 0.243
587 475 9 11 0.238
821 394 7 10 0.234
951 395 8 11 0.216
683 405 7 10 0.214
906 524 9 12 0.213
647 461 7 10 0.210
834 536 9 12 0.202
653 471 9 11 0.201
837 422 9 21 0.201
604 461 8 9 0.197
1015 494 9 12 0.186
801 473 9 12 0.186
908 490 10 12 0.184
987 537 10 14 0.184
726 527 10 13 0.183
892 510 10 13 0.180
816 490 11 14 0.176
763 391 7 9 0.176
794 612 12 14 0.169
793 535 9 35 0.166
859 524 10 11 0.165
1000 591 13 16 0.164
721 495 9 22 0.149
785 546 18 24 0.148
823 486 10 13 0.145
704 567 12 16 0.142
690 389 7 9 0.138
927 521 10 13 0.138
914 539 10 12 0.133
828 375 9 14 0.132
740 545 10 12 0.130
725 398 9 12 0.123
755 555 12 12 0.122
740 548 10 13 0.120
889 519 9 12 0.118
658 443 9 10 0.117
723 400 9 12 0.117
862 630 11 15 0.109
925 502 11 26 0.107
995 593 15 27 0.106
809 378 7 9 0.104
692 521 11 13 0.104
707 406 11 11 0.100
711 590 10 13 0.095
594 471 11 11 0.095
689 388 9 17 0.094
906 431 10 12 0.088
702 464 8 10 0.087
822 381 9 21 0.085
991 433 9 10 0.082
685 486 9 12 0.080
761 387 8 11 0.076
875 590 12 18 0.076
992 367 7 13 0.073
392 376 7 9 0.071
884 485 10 14 0.069
736 557 14 13 0.066
739 545 16 22 0.064
728 527 15 24 0.063
697 543 10 14 0.063
994 434 9 12 0.063
885 489 9 13 0.062
706 397 9 21 0.061
836 535 13 14 0.060
682 407 12 11 0.059
700 376 7 9 0.058
689 477 10 13 0.057
718 414 9 10 0.057
885 483 10 12 0.055
842 397 10 11 0.055
754 457 9 12 0.055
851 523 19 20 0.054
747 391 8 21 0.054
441 371 8 10 0.054
893 488 10 58 0.054
804 625 12 15 0.053
792 536 11 15 0.052
856 523 12 17 0.052
846 354 8 12 0.052
705 485 8 11 0.051
704 522 11 12 0.050
781 420 12 11 0.050
872 585 14 16 0.050
1006 520 14 21 0.049
723 476 8 28 0.049
760 418 12 12 0.048
809 628 12 16 0.046
482 350 6 8 0.046
761 387 14 16 0.045
625 477 10 11 0.045
686 472 11 21 0.045
646 465 9 10 0.044
614 451 9 10 0.044
853 600 11 14 0.044
864 499 9 13 0.043
768 477 10 11 0.042
844 395 9 26 0.042
853 532 11 15 0.042
703 564 11 15 0.042
692 376 8 31 0.041
624 471 9 11 0.041
714 408 14 13 0.041
912 488 11 13 0.041
949 429 11 13 0.041
820 353 7 10 0.040
698 374 7 14 0.039
843 387 9 17 0.038
868 392 9 10 0.038
460 357 8 11 0.037
801 587 13 14 0.037
806 432 8 11 0.036
683 489 9 12 0.036
914 577 14 16 0.036
1012 521 10 15 0.036
797 478 7 99 0.036
738 540 28 32 0.036
702 520 16 18 0.035
727 524 9 11 0.035
437 368 9 12 0.035
975 515 14 14 0.034
780 381 9 24 0.034
917 583 14 17 0.033
1017 416 7 12 0.033
630 433 10 12 0.032
965 491 11 14 0.031
920 468 9 11 0.031
793 461 13 24 0.031
924 559 12 14 0.030
754 387 14 30 0.030
916 467 11 19 0.029
962 366 8 18 0.029
990 360 9 22 0.029
762 389 13 26 0.029
1006 399 10 11 0.028
994 516 11 14 0.028
813 365 7 103 0.028
1003 394 12 18 0.026
864 359 9 12 0.026
919 400 9 9 0.026
811 460 12 21 0.025
791 460 9 12 0.025
1001 597 11 16 0.025
761 420 7 105 0.025
796 550 11 13 0.025
942 358 10 12 0.024
837 459 10 13 0.024
744 395 26 16 0.024
906 472 11 18 0.024
1015 411 9 19 0.023
861 594 14 17 0.023
702 466 9 26 0.023
729 560 26 16 0.022
480 364 8 10 0.022
792 474 10 57 0.021
1014 636 10 20 0.021
708 572 11 15 0.021
794 469 11 30 0.021
959 361 9 21 0.021
1013 534 9 24 0.020
756 453 8 107 0.020
638 426 9 11 0.020
1015 376 9 23 0.020
481 347 7 28 0.020
1001 390 10 13 0.020
926 569 14 18 0.019
980 588 14 17 0.019
828 599 10 16 0.019
789 393 14 26 0.019
995 432 10 11 0.019
742 551 18 15 0.019
807 456 10 13 0.019
796 533 11 13 0.019
819 616 11 15 0.019
841 350 13 26 0.019
833 537 11 20 0.018
911 469 12 11 0.018
963 409 10 15 0.018
886 383 8 11 0.018
735 420 15 13 0.018
943 357 14 16 0.018
583 472 9 11 0.017
704 460 8 11 0.017
862 353 10 22 0.017
658 382 9 11 0.017
715 529 15 19 0.017
828 336 9 90 0.016
440 361 8 27 0.016
851 410 10 13 0.016
760 354 6 109 0.016
726 416 7 110 0.015
805 592 15 14 0.015
986 572 12 14 0.015
703 450 9 20 0.015
702 379 12 28 0.015
694 493 19 76 0.015
862 495 10 14 0.014
994 474 10 14 0.014
885 513 18 36 0.014
863 468 10 13 0.014
959 412 13 18 0.014
961 369 8 11 0.014
945 425 9 11 0.014
503 349 9 11 0.013
834 365 8 117 0.013
901 533 11 14 0.013
941 600 14 17 0.013
974 416 12 13 0.013
411 365 8 9 0.013
794 440 8 115 0.012
939 524 10 13 0.012
797 377 11 27 0.012
505 346 7 10 0.012
1014 734 11 19 0.012
683 350 8 102 0.012
907 542 12 23 0.012
683 437 13 14 0.012
836 456 9 12 0.012
784 347 9 113 0.012
786 457 9 11 0.011
993 484 12 16 0.011
754 550 11 11 0.011
670 401 11 12 0.011
638 426 15 24 0.011
943 605 13 15 0.011
856 456 11 22 0.011
792 376 26 11 0.011
725 458 12 28 0.011
979 597 12 15 0.011
1010 738 14 22 0.010
888 450 10 99 0.010
854 449 10 18 0.010
440 374 8 10 0.010
792 456 11 14 0.010
798 582 13 16 0.010
