56_Voter_peoplevoting_56_874
166
37 336 20 26 0.810
969 252 53 72 0.807
13 300 17 20 0.798
138 353 25 29 0.797
680 447 81 136 0.795
775 295 48 62 0.773
567 298 24 27 0.769
404 270 15 18 0.754
358 282 14 16 0.752
90 341 24 28 0.751
65 283 15 17 0.746
667 254 25 29 0.742
511 276 20 27 0.738
244 394 37 47 0.731
335 256 13 15 0.718
155 391 23 33 0.716
597 331 28 33 0.695
469 364 71 86 0.692
192 258 12 17 0.673
368 254 11 14 0.630
332 230 10 13 0.624
156 279 12 15 0.613
113 298 11 14 0.595
454 290 18 21 0.585
465 227 9 12 0.536
456 240 8 12 0.536
397 224 10 12 0.501
138 286 11 15 0.482
984 402 40 116 0.479
272 275 17 19 0.462
535 312 19 23 0.461
411 248 11 13 0.391
313 377 31 40 0.390
965 223 37 50 0.375
396 257 13 15 0.355
418 249 12 13 0.341
495 218 8 9 0.341
633 196 8 10 0.325
582 210 8 10 0.302
245 237 9 12 0.286
170 312 15 18 0.284
551 198 10 11 0.252
505 229 9 11 0.238
320 253 11 14 0.228
627 178 8 9 0.217
157 285 14 17 0.213
485 237 9 11 0.198
6 279 14 15 0.183
594 209 8 10 0.183
425 249 10 12 0.169
538 198 8 9 0.159
596 212 9 11 0.131
621 196 7 9 0.131
288 277 13 16 0.127
465 208 8 10 0.126
135 283 23 16 0.123
464 211 8 40 0.123
556 202 10 11 0.121
272 247 11 14 0.120
492 212 8 24 0.109
584 209 15 11 0.107
297 254 13 14 0.105
473 215 10 12 0.104
675 188 9 11 0.101
536 199 9 11 0.093
563 205 9 9 0.090
457 256 14 16 0.090
408 208 7 9 0.088
422 251 10 13 0.087
232 254 13 13 0.086
454 221 10 50 0.085
223 248 12 15 0.079
540 197 14 12 0.078
293 242 12 15 0.076
536 317 21 26 0.075
457 210 10 63 0.075
428 223 8 12 0.075
294 239 11 13 0.072
599 216 9 11 0.070
220 246 10 12 0.068
241 237 11 23 0.068
105 291 46 18 0.063
401 225 12 27 0.060
461 192 10 88 0.059
669 192 11 12 0.059
239 257 10 13 0.058
517 210 13 13 0.056
384 336 39 58 0.055
466 205 8 10 0.055
429 217 9 10 0.053
304 251 15 15 0.052
400 224 11 15 0.050
456 245 14 23 0.049
375 214 8 10 0.048
434 279 13 17 0.046
669 186 15 17 0.045
594 204 9 11 0.045
677 185 10 12 0.043
673 191 9 12 0.042
517 209 9 11 0.039
391 248 14 15 0.037
456 238 11 24 0.036
433 218 9 10 0.036
553 200 10 12 0.035
655 199 10 11 0.034
688 177 9 11 0.034
429 220 11 15 0.034
171 302 15 20 0.033
536 199 24 9 0.033
288 242 12 14 0.031
225 250 20 15 0.030
459 233 11 15 0.027
431 274 13 18 0.027
669 196 11 13 0.027
346 218 10 11 0.026
135 283 12 15 0.026
451 220 14 25 0.026
533 205 10 12 0.026
958 220 35 43 0.026
513 206 16 24 0.025
295 233 10 12 0.025
168 295 15 33 0.025
287 246 23 23 0.025
276 264 17 24 0.025
271 261 17 29 0.024
681 181 11 12 0.023
257 393 32 39 0.023
655 182 10 11 0.022
301 251 33 15 0.022
313 257 14 15 0.022
498 367 50 64 0.022
126 291 15 16 0.021
221 252 14 16 0.021
219 240 11 13 0.021
265 248 12 14 0.021
647 198 17 11 0.020
388 237 12 14 0.020
594 215 12 11 0.020
447 218 11 12 0.020
399 219 11 36 0.020
263 274 13 17 0.020
7 280 18 27 0.019
994 445 30 79 0.018
101 307 14 17 0.018
468 213 20 16 0.017
655 183 12 22 0.017
581 214 9 11 0.016
633 176 10 12 0.015
209 249 14 15 0.015
329 222 16 69 0.015
977 226 22 27 0.014
455 281 17 21 0.014
215 247 11 14 0.014
512 194 30 37 0.013
494 177 21 102 0.013
457 248 14 38 0.013
375 214 10 25 0.013
184 257 13 15 0.013
447 367 72 91 0.012
605 341 23 27 0.012
267 236 14 14 0.012
521 214 12 13 0.012
447 238 27 68 0.012
350 214 9 12 0.011
215 243 11 13 0.011
376 212 7 9 0.010
