56_Voter_peoplevoting_56_558
539
645 280 58 78 0.870
400 246 44 90 0.769
893 425 11 15 0.737
835 278 19 26 0.689
605 402 8 9 0.648
595 421 11 13 0.642
473 411 9 11 0.624
624 412 9 12 0.615
490 421 7 11 0.603
45 410 8 10 0.591
147 409 8 10 0.578
634 385 8 10 0.504
517 385 8 11 0.482
926 386 9 11 0.479
15 410 8 10 0.479
668 404 8 10 0.466
518 413 9 11 0.457
211 423 8 10 0.457
620 370 7 8 0.447
963 383 8 10 0.442
661 416 9 12 0.440
601 385 8 10 0.425
9 370 6 8 0.423
80 408 7 9 0.397
648 428 11 13 0.395
888 388 6 9 0.393
885 413 11 12 0.391
926 413 11 13 0.386
109 409 8 9 0.382
133 395 7 8 0.365
649 405 9 12 0.337
163 397 7 9 0.335
915 371 9 11 0.331
920 404 9 11 0.318
952 398 10 11 0.318
584 413 9 13 0.306
579 345 5 8 0.304
931 417 13 13 0.299
640 403 11 12 0.282
583 364 6 9 0.273
556 426 8 12 0.271
23 360 6 7 0.268
212 397 7 9 0.264
571 382 8 11 0.263
539 387 8 10 0.259
922 407 10 13 0.241
5 388 7 10 0.236
576 399 8 12 0.233
503 406 8 12 0.231
654 383 9 11 0.228
564 372 7 10 0.227
486 393 7 10 0.222
554 346 6 8 0.214
979 116 7 10 0.213
530 423 9 11 0.204
957 121 7 9 0.201
962 406 9 13 0.191
942 104 7 10 0.188
953 373 7 10 0.187
190 416 7 10 0.187
116 397 8 11 0.186
218 372 7 10 0.183
926 86 5 8 0.180
146 371 7 14 0.179
936 420 10 12 0.175
83 404 8 10 0.175
587 441 10 11 0.174
952 389 8 20 0.174
935 124 6 9 0.172
191 398 9 10 0.172
87 341 5 8 0.171
48 394 8 15 0.171
82 363 7 10 0.168
951 425 9 12 0.159
42 361 7 9 0.158
964 99 6 14 0.157
568 325 5 7 0.155
605 394 8 21 0.152
657 382 8 10 0.151
661 409 10 27 0.147
82 360 8 20 0.146
638 404 9 11 0.145
485 390 10 18 0.145
538 351 6 15 0.144
564 415 10 12 0.144
942 371 8 10 0.144
490 410 7 31 0.140
608 329 6 7 0.140
188 397 9 12 0.140
565 326 9 8 0.139
878 112 7 9 0.132
22 379 6 9 0.132
583 356 7 16 0.131
922 415 22 13 0.131
5 381 6 19 0.130
605 405 16 14 0.130
660 366 8 11 0.126
980 109 6 20 0.126
556 340 7 25 0.126
1004 85 7 23 0.124
886 131 7 9 0.123
66 361 7 16 0.122
77 405 8 13 0.121
941 422 15 13 0.119
519 417 13 13 0.119
569 374 8 22 0.117
104 385 9 15 0.117
203 376 8 12 0.115
891 403 9 16 0.113
22 372 8 24 0.113
481 402 14 40 0.111
890 389 9 16 0.111
116 366 6 10 0.110
537 353 6 9 0.106
650 388 10 28 0.105
886 394 8 43 0.105
1002 110 7 10 0.105
231 410 8 9 0.104
986 77 7 28 0.104
901 142 6 11 0.104
924 409 12 15 0.103
234 369 8 17 0.102
572 341 15 19 0.098
1003 102 6 26 0.097
645 367 8 12 0.096
133 382 6 26 0.096
706 123 5 7 0.096
825 130 6 15 0.095
16 400 7 28 0.093
146 373 6 8 0.093
933 409 17 31 0.090
1016 133 7 10 0.087
1004 98 7 9 0.086
580 399 12 29 0.085
8 368 6 8 0.083
932 65 11 13 0.080
237 379 8 10 0.080
213 335 6 19 0.078
148 347 5 8 0.078
836 148 6 8 0.078
190 379 7 9 0.077
251 329 7 9 0.077
986 83 7 15 0.074
902 140 6 10 0.074
648 367 15 9 0.074
556 330 7 8 0.072
187 400 8 10 0.072
155 396 16 9 0.071
640 361 11 17 0.070
945 371 16 9 0.070
554 325 9 17 0.069
869 81 7 9 0.068
883 335 6 9 0.068
518 391 10 12 0.068
228 409 9 17 0.067
503 370 9 23 0.067
914 111 6 12 0.066
902 82 7 19 0.066
190 395 8 29 0.065
515 357 8 29 0.065
10 362 9 25 0.063
951 359 8 31 0.063
587 365 11 20 0.062
156 387 14 27 0.062
558 354 7 15 0.062
538 368 7 15 0.062
877 110 7 16 0.061
216 400 11 12 0.061
602 343 8 28 0.061
871 408 7 11 0.060
643 360 9 25 0.060
156 374 9 28 0.059
871 408 12 14 0.058
596 334 9 29 0.057
93 386 13 28 0.057
886 359 7 10 0.057
187 393 7 25 0.057
190 372 11 22 0.056
934 67 6 9 0.056
87 372 9 30 0.056
236 366 8 29 0.055
1009 69 9 27 0.054
826 120 9 25 0.054
1017 124 6 21 0.053
89 341 7 7 0.053
951 370 6 35 0.052
211 362 13 28 0.051
963 56 9 9 0.051
50 386 8 29 0.051
884 357 7 8 0.051
664 423 10 13 0.051
926 80 6 17 0.050
849 116 8 24 0.050
542 385 7 10 0.050
80 373 13 28 0.049
109 343 7 9 0.049
543 381 8 16 0.049
617 337 8 28 0.049
16 386 11 27 0.048
900 60 7 9 0.047
888 362 6 13 0.047
838 77 7 12 0.046
730 144 7 8 0.046
125 336 6 18 0.046
464 385 7 10 0.045
248 321 7 16 0.045
485 391 12 29 0.045
949 78 7 16 0.045
465 383 8 15 0.045
865 145 7 10 0.044
959 101 7 31 0.044
909 334 6 9 0.044
641 349 6 10 0.044
1003 89 7 31 0.043
537 361 10 27 0.043
98 387 14 24 0.043
901 147 7 9 0.043
973 65 8 31 0.043
873 102 7 21 0.043
1009 52 10 27 0.043
641 342 7 21 0.042
97 354 8 24 0.042
577 302 6 7 0.042
888 127 9 16 0.042
680 132 5 14 0.042
236 372 7 11 0.042
125 340 6 10 0.041
952 132 7 9 0.041
882 80 8 8 0.041
1010 72 6 19 0.041
196 302 5 8 0.041
494 389 13 26 0.041
131 366 8 23 0.041
502 373 9 13 0.040
868 100 6 9 0.040
262 302 6 7 0.040
486 356 7 14 0.040
486 351 8 25 0.040
613 329 8 7 0.039
189 378 18 9 0.039
931 61 15 20 0.039
978 103 14 30 0.039
627 329 7 7 0.039
583 341 5 43 0.039
868 76 11 16 0.038
250 325 6 9 0.038
899 90 8 15 0.038
746 318 7 10 0.038
934 339 7 10 0.037
219 423 10 10 0.037
487 371 8 31 0.037
598 336 12 31 0.037
643 367 27 10 0.036
865 133 8 24 0.036
478 370 10 10 0.036
158 329 7 7 0.036
98 357 7 16 0.036
867 146 8 9 0.036
53 371 9 31 0.036
1016 44 7 9 0.035
940 102 8 22 0.035
57 350 6 8 0.035
500 361 10 30 0.035
250 319 6 27 0.035
568 383 11 30 0.034
116 354 8 25 0.034
543 406 10 13 0.034
1010 56 7 19 0.034
158 331 5 9 0.034
269 326 8 8 0.034
108 337 7 22 0.034
766 315 7 8 0.034
1000 110 14 11 0.034
158 326 6 19 0.033
188 369 9 28 0.033
483 352 8 24 0.033
149 359 9 99 0.033
650 406 11 15 0.033
370 159 8 8 0.032
946 58 12 25 0.032
968 74 6 33 0.032
148 339 6 31 0.032
923 70 11 30 0.032
931 130 6 21 0.031
627 326 10 17 0.031
906 327 7 17 0.031
879 304 8 11 0.031
926 58 15 25 0.031
705 115 8 25 0.030
989 64 8 32 0.030
111 373 9 27 0.030
641 347 8 31 0.030
22 384 14 27 0.030
567 394 15 30 0.030
795 109 5 22 0.030
252 335 8 20 0.029
881 69 9 24 0.029
101 380 13 24 0.029
25 354 6 8 0.029
995 135 8 14 0.029
722 119 7 14 0.029
722 124 5 7 0.029
929 65 11 11 0.029
219 350 9 26 0.028
215 398 8 16 0.028
883 339 7 11 0.028
477 362 10 24 0.028
912 59 9 9 0.028
569 324 6 7 0.028
903 356 9 15 0.027
611 390 14 23 0.027
997 46 9 10 0.027
192 354 8 17 0.027
930 66 18 8 0.027
784 333 8 10 0.027
959 340 9 11 0.027
897 54 13 25 0.027
951 63 7 31 0.027
126 352 6 19 0.026
533 424 11 12 0.026
1013 3 7 11 0.026
602 319 15 29 0.026
22 366 10 38 0.025
242 347 9 27 0.025
844 129 9 24 0.025
733 127 6 30 0.025
236 361 11 26 0.025
837 144 11 13 0.025
1007 102 13 27 0.025
962 336 8 16 0.025
196 301 5 12 0.025
461 380 8 13 0.025
945 65 15 10 0.025
768 126 6 26 0.025
882 433 8 12 0.024
572 374 7 44 0.024
657 364 8 10 0.024
580 395 9 15 0.024
1000 110 8 30 0.023
597 359 10 25 0.023
910 62 12 29 0.023
651 382 7 45 0.023
183 358 7 32 0.023
679 134 5 9 0.023
787 332 7 9 0.023
583 389 14 22 0.023
909 334 7 14 0.023
937 421 26 13 0.023
795 113 6 7 0.023
498 436 9 10 0.023
892 397 9 31 0.022
898 59 9 16 0.022
593 342 15 30 0.022
851 373 6 8 0.022
598 327 6 44 0.022
53 410 10 9 0.022
837 73 7 27 0.021
975 137 8 20 0.021
650 363 21 97 0.021
38 357 10 31 0.021
192 349 9 27 0.021
826 124 7 18 0.021
122 339 7 10 0.021
611 330 15 6 0.021
122 331 7 24 0.021
131 357 6 41 0.020
226 405 7 26 0.020
243 300 8 7 0.020
544 385 14 25 0.020
1009 74 12 30 0.020
834 94 8 25 0.020
944 101 16 30 0.020
980 94 8 50 0.020
960 332 9 14 0.019
924 144 10 12 0.019
994 41 14 29 0.019
677 123 8 28 0.019
1014 289 10 19 0.019
192 128 16 19 0.019
62 383 15 30 0.019
620 313 6 109 0.019
926 331 8 109 0.019
528 333 12 32 0.019
850 112 14 30 0.019
961 93 6 44 0.019
933 109 8 45 0.018
984 90 14 31 0.018
601 326 6 49 0.018
6 359 20 31 0.018
466 370 8 14 0.018
156 417 10 11 0.018
592 323 12 29 0.018
909 330 7 27 0.018
162 415 12 10 0.018
876 109 9 10 0.018
706 109 5 39 0.018
616 341 13 31 0.018
609 320 16 29 0.018
460 334 7 10 0.018
639 148 5 7 0.018
214 320 4 40 0.018
88 362 6 50 0.018
923 59 9 9 0.018
516 422 12 13 0.017
846 67 8 11 0.017
232 322 7 31 0.017
771 147 7 14 0.017
83 357 18 31 0.017
476 428 9 13 0.017
907 341 8 15 0.016
548 294 8 28 0.016
112 410 10 11 0.016
740 120 14 24 0.016
636 334 10 10 0.016
231 382 10 26 0.016
134 335 6 112 0.016
923 76 16 29 0.016
623 336 14 31 0.016
669 429 9 11 0.016
160 370 15 29 0.016
280 298 7 22 0.016
1014 230 7 10 0.015
910 113 7 25 0.015
625 344 15 31 0.015
757 314 16 16 0.015
539 290 7 7 0.015
914 103 12 25 0.015
593 330 9 7 0.015
743 125 7 8 0.015
643 337 6 55 0.015
904 351 7 27 0.015
512 344 12 32 0.015
698 119 8 28 0.015
896 62 8 10 0.015
935 58 9 11 0.015
99 349 14 31 0.015
717 127 10 31 0.015
12 382 17 35 0.015
218 313 11 26 0.015
370 145 9 30 0.015
927 129 9 27 0.014
835 100 10 30 0.014
534 335 16 31 0.014
85 340 8 10 0.014
991 46 9 9 0.014
462 331 7 20 0.014
988 42 15 30 0.014
235 410 8 9 0.014
178 328 6 9 0.014
1009 42 11 30 0.014
594 323 8 18 0.014
889 97 9 20 0.014
550 374 17 108 0.013
692 141 9 26 0.013
560 284 7 8 0.013
233 330 9 30 0.013
838 69 12 24 0.013
607 384 19 35 0.013
783 326 12 20 0.013
951 141 9 9 0.013
696 127 6 31 0.013
155 412 13 19 0.013
24 360 14 31 0.013
503 344 13 32 0.013
190 321 10 30 0.013
764 108 7 26 0.013
905 349 9 24 0.013
976 143 10 16 0.013
987 79 6 53 0.013
868 78 6 19 0.013
579 411 13 15 0.013
571 320 13 30 0.013
778 325 11 20 0.013
953 99 12 42 0.012
556 433 9 14 0.012
869 393 8 11 0.012
471 413 10 13 0.012
34 369 17 32 0.012
823 69 9 9 0.012
233 345 16 30 0.012
45 352 8 11 0.012
499 430 10 13 0.012
900 76 17 30 0.012
743 119 7 18 0.012
552 395 15 29 0.012
624 315 14 37 0.012
191 318 6 37 0.012
386 155 7 19 0.012
65 409 15 15 0.012
2 422 8 13 0.012
651 433 14 13 0.012
114 345 11 42 0.012
57 347 7 9 0.012
971 148 8 13 0.012
1001 142 8 12 0.012
977 375 9 11 0.012
866 75 10 27 0.012
901 68 9 31 0.012
494 305 5 6 0.012
576 425 12 20 0.012
832 130 17 30 0.012
670 418 8 12 0.012
858 110 11 25 0.011
996 128 11 26 0.011
747 315 7 10 0.011
932 144 9 11 0.011
463 378 9 16 0.011
298 296 6 14 0.011
515 325 4 49 0.011
912 113 6 18 0.011
526 309 11 31 0.011
535 324 14 30 0.011
512 332 11 32 0.011
897 357 14 30 0.011
542 389 24 17 0.011
813 105 6 30 0.011
58 341 8 21 0.011
253 347 11 12 0.011
297 291 7 7 0.011
952 132 6 17 0.011
145 360 16 32 0.011
880 308 9 17 0.011
643 435 11 15 0.011
692 149 8 12 0.011
814 99 7 20 0.010
492 386 23 27 0.010
115 331 16 28 0.010
971 44 14 28 0.010
77 385 16 31 0.010
281 307 6 10 0.010
914 319 7 101 0.010
585 366 18 118 0.010
650 348 8 118 0.010
523 356 19 31 0.010
48 349 17 30 0.010
777 85 7 19 0.010
240 293 12 25 0.010
568 315 11 25 0.010
250 321 6 11 0.010
