56_Voter_peoplevoting_56_781
79
366 198 60 71 0.860
360 87 54 67 0.822
288 104 47 61 0.771
651 157 27 33 0.760
109 73 60 75 0.733
777 127 21 26 0.591
831 129 15 17 0.554
954 138 16 19 0.525
435 127 28 38 0.516
815 134 15 19 0.486
217 145 33 39 0.482
601 140 20 24 0.474
677 109 24 35 0.473
751 114 20 28 0.444
893 118 15 19 0.345
421 101 25 35 0.304
645 118 19 28 0.297
603 168 18 27 0.293
852 120 14 19 0.249
428 79 17 30 0.248
676 120 19 26 0.234
496 108 41 51 0.207
813 132 34 18 0.206
749 121 20 30 0.160
995 120 17 24 0.147
750 143 14 19 0.141
950 137 15 19 0.129
655 130 21 23 0.127
878 113 18 23 0.104
647 123 24 30 0.098
646 110 16 23 0.092
648 157 20 27 0.090
0 172 11 53 0.081
600 148 22 26 0.078
341 73 29 40 0.078
650 135 22 27 0.058
425 90 21 28 0.058
213 128 40 48 0.054
342 71 22 28 0.046
792 128 26 25 0.043
431 79 14 19 0.039
1001 120 17 22 0.037
598 134 19 23 0.036
944 136 14 17 0.036
345 84 45 58 0.033
961 136 15 19 0.032
425 69 20 31 0.031
809 133 17 21 0.030
752 105 18 27 0.030
905 112 13 19 0.026
596 168 19 25 0.026
786 133 20 24 0.026
993 128 15 19 0.026
804 128 17 21 0.025
679 102 17 22 0.025
790 124 19 26 0.024
318 93 52 61 0.023
220 121 35 41 0.023
850 117 13 18 0.021
424 116 27 40 0.020
235 126 25 34 0.019
605 156 19 25 0.018
181 98 43 49 0.017
580 150 20 27 0.016
336 87 37 53 0.015
937 139 15 16 0.015
1008 122 17 24 0.014
414 106 24 42 0.014
879 122 17 19 0.014
440 112 24 39 0.014
675 105 17 24 0.014
441 91 18 27 0.013
661 161 25 30 0.012
870 123 16 20 0.012
681 104 24 31 0.012
853 110 14 19 0.011
693 116 20 27 0.011
764 135 21 24 0.010
665 113 35 46 0.010
