56_Voter_peoplevoting_56_122
126
935 76 38 60 0.816
687 49 41 62 0.788
836 52 38 53 0.775
80 69 39 45 0.773
901 27 39 57 0.749
440 40 27 37 0.744
419 138 28 33 0.735
908 189 50 49 0.733
559 75 33 47 0.722
770 21 39 57 0.714
529 14 31 32 0.685
961 12 32 48 0.680
483 6 23 31 0.659
405 13 21 28 0.631
602 4 27 33 0.566
691 362 69 61 0.543
704 6 31 37 0.538
348 29 23 32 0.439
619 52 29 42 0.434
200 24 20 23 0.310
255 11 20 30 0.282
27 22 24 34 0.260
74 17 19 27 0.244
149 14 20 23 0.214
1009 3 15 44 0.206
193 22 18 22 0.204
403 95 19 25 0.203
780 6 34 52 0.201
300 17 19 27 0.195
210 38 22 25 0.192
207 31 21 27 0.190
1007 12 17 68 0.189
324 108 35 55 0.176
461 5 17 21 0.172
695 17 35 52 0.161
1011 41 13 54 0.159
149 59 24 33 0.144
436 3 18 19 0.137
491 31 22 26 0.131
104 391 88 167 0.124
54 3 13 16 0.123
271 116 43 55 0.105
657 4 22 28 0.103
138 34 16 22 0.090
438 33 22 27 0.090
527 20 21 26 0.087
258 7 15 23 0.085
399 9 19 26 0.082
438 -2 22 38 0.077
245 15 19 25 0.077
381 13 19 25 0.070
785 1 26 31 0.062
387 10 24 28 0.058
189 20 15 20 0.058
558 7 19 24 0.054
609 21 33 66 0.052
208 22 20 24 0.042
376 14 17 24 0.042
179 0 12 13 0.040
617 43 27 36 0.037
700 3 28 31 0.036
85 0 15 15 0.035
1 42 14 30 0.035
429 1 17 19 0.033
437 12 19 28 0.032
217 41 19 24 0.031
346 23 22 28 0.031
158 25 21 25 0.030
595 13 20 27 0.028
51 13 19 26 0.028
783 0 19 23 0.027
8 11 33 37 0.027
403 7 20 23 0.027
441 10 21 24 0.027
612 4 23 28 0.026
64 20 21 26 0.026
159 4 19 21 0.025
600 17 21 29 0.024
549 8 34 27 0.024
667 5 19 25 0.024
142 5 20 23 0.024
47 22 21 27 0.023
593 390 42 52 0.023
77 24 22 26 0.022
191 0 13 17 0.022
406 125 43 46 0.022
234 1 20 20 0.021
10 11 20 26 0.021
1013 57 12 28 0.021
379 20 18 25 0.019
220 4 15 18 0.019
339 6 15 22 0.019
147 45 20 26 0.018
174 0 15 16 0.018
237 16 18 21 0.017
625 408 50 39 0.017
565 7 21 25 0.017
794 6 37 43 0.017
699 3 19 25 0.016
1005 171 18 74 0.016
1013 -3 12 28 0.015
6 8 23 19 0.015
224 1 15 19 0.014
248 67 23 37 0.014
145 54 20 25 0.014
146 7 40 20 0.014
257 3 14 18 0.013
111 26 21 26 0.013
103 -1 16 14 0.013
996 46 21 26 0.013
156 58 26 35 0.013
429 1 12 13 0.012
56 1 12 13 0.012
222 0 13 15 0.012
835 32 34 48 0.012
658 0 22 21 0.012
335 118 30 44 0.012
901 77 25 42 0.012
229 -1 16 16 0.011
153 2 16 17 0.011
195 0 12 11 0.011
102 29 21 26 0.011
160 32 20 25 0.011
180 -2 17 16 0.011
702 0 20 22 0.011
564 91 31 44 0.011
