56_Voter_peoplevoting_56_528
40
903 239 61 59 0.859
623 129 28 42 0.825
317 59 21 26 0.821
458 186 37 40 0.817
519 151 32 36 0.804
178 62 19 29 0.795
259 65 19 25 0.780
485 26 15 26 0.753
419 47 15 26 0.742
936 92 14 20 0.601
914 73 18 22 0.571
526 236 47 42 0.543
696 89 16 23 0.511
892 64 17 21 0.495
787 126 20 22 0.462
612 60 15 22 0.437
782 43 13 17 0.325
838 103 19 21 0.296
761 45 9 12 0.129
770 109 17 24 0.090
898 64 19 22 0.068
614 67 13 20 0.064
603 55 14 21 0.057
665 76 16 21 0.055
519 230 37 46 0.054
845 99 17 21 0.045
838 114 17 18 0.038
929 78 15 22 0.025
932 93 13 20 0.025
759 44 26 15 0.025
168 60 19 27 0.021
411 44 16 25 0.019
1 185 17 40 0.018
423 53 14 20 0.016
671 80 19 27 0.013
782 49 15 18 0.012
86 75 12 24 0.012
662 74 14 19 0.011
800 408 24 25 0.011
759 40 13 13 0.010
