53_Raid_policeraid_53_770
34
199 59 52 72 0.823
394 90 52 71 0.821
941 177 6 7 0.466
712 188 5 7 0.227
913 207 7 8 0.126
746 207 6 8 0.090
976 195 6 7 0.067
900 201 7 8 0.065
658 177 7 8 0.060
734 178 7 8 0.053
674 185 8 8 0.042
775 176 6 8 0.041
899 195 10 16 0.034
734 170 10 14 0.031
712 184 5 7 0.031
551 171 6 8 0.030
774 199 7 8 0.030
763 217 5 7 0.030
743 207 7 8 0.027
900 195 7 8 0.023
730 176 7 10 0.021
687 171 6 7 0.021
895 199 7 10 0.021
537 152 8 9 0.018
978 194 7 10 0.017
808 166 10 9 0.016
759 209 10 18 0.015
949 155 7 9 0.014
735 168 9 11 0.014
775 195 6 18 0.013
554 177 6 19 0.012
684 169 7 9 0.012
942 179 8 9 0.012
700 195 8 16 0.011
