53_Raid_policeraid_53_736
28
488 186 40 49 0.768
376 178 37 48 0.726
617 314 45 51 0.686
282 203 33 39 0.678
105 216 35 42 0.616
859 337 40 51 0.530
189 222 30 36 0.501
196 236 28 41 0.175
254 243 20 25 0.172
200 225 23 28 0.127
389 186 29 42 0.075
190 220 22 27 0.074
117 229 33 42 0.051
184 225 22 27 0.039
294 206 32 40 0.038
279 207 24 29 0.036
209 230 20 26 0.029
256 238 14 17 0.029
442 240 30 38 0.029
228 245 18 24 0.023
211 223 16 22 0.021
151 354 23 26 0.018
233 247 20 25 0.017
202 254 22 29 0.016
207 247 23 29 0.016
309 210 19 28 0.013
105 217 23 30 0.013
134 245 21 26 0.011
