53_Raid_policeraid_53_696
68
267 207 28 37 0.769
422 213 29 36 0.658
345 227 23 32 0.642
352 392 19 23 0.622
555 245 27 35 0.620
728 241 34 37 0.602
491 249 23 32 0.593
649 269 22 28 0.571
893 284 15 21 0.560
368 230 26 34 0.556
193 211 31 38 0.533
866 272 23 30 0.474
453 248 21 27 0.429
216 392 15 21 0.416
195 364 14 19 0.333
664 358 22 26 0.264
869 290 20 24 0.258
679 275 25 28 0.203
337 206 18 25 0.187
426 226 39 39 0.185
62 258 27 26 0.161
60 265 19 21 0.160
805 294 22 25 0.132
336 362 21 27 0.112
72 251 29 29 0.109
197 373 31 29 0.075
493 244 19 25 0.072
348 199 18 22 0.068
42 386 10 12 0.066
937 258 31 41 0.060
836 287 20 23 0.052
586 311 23 30 0.045
831 291 17 19 0.044
45 340 16 20 0.041
865 263 21 27 0.040
318 236 22 27 0.039
122 224 21 25 0.037
850 285 21 25 0.036
935 269 19 27 0.034
334 212 20 27 0.033
343 203 20 23 0.031
492 261 23 26 0.029
946 252 45 53 0.025
357 223 33 42 0.025
670 363 21 24 0.024
418 223 30 38 0.023
81 239 31 38 0.023
537 282 24 31 0.021
65 337 16 18 0.021
656 278 23 26 0.020
732 258 29 33 0.019
843 282 18 23 0.019
322 362 21 27 0.016
203 218 23 27 0.015
555 261 21 24 0.015
785 277 40 36 0.015
242 370 11 15 0.014
408 233 21 27 0.012
64 270 20 23 0.011
54 265 15 17 0.011
240 368 12 27 0.011
353 237 23 28 0.011
349 205 19 25 0.011
401 227 21 27 0.011
785 282 19 25 0.010
968 267 33 42 0.010
316 244 21 26 0.010
47 338 33 20 0.010
