53_Raid_policeraid_53_368
35
820 75 103 130 0.833
757 146 35 39 0.810
548 130 38 49 0.787
363 123 10 11 0.656
30 111 18 22 0.624
56 99 16 19 0.619
721 145 14 19 0.559
215 100 15 16 0.517
303 116 12 13 0.452
677 138 9 12 0.449
448 150 8 10 0.279
710 143 11 14 0.273
209 101 13 15 0.256
527 132 10 12 0.147
291 402 12 16 0.142
637 223 13 22 0.082
533 121 13 15 0.073
300 116 11 12 0.065
533 123 18 26 0.065
709 142 10 11 0.060
426 185 9 10 0.039
288 397 14 16 0.038
540 118 9 11 0.035
311 113 10 13 0.033
54 96 14 16 0.024
594 288 29 48 0.021
526 130 8 10 0.020
286 400 13 17 0.019
438 129 10 12 0.016
747 147 17 23 0.016
539 118 7 8 0.014
211 96 12 14 0.013
59 103 15 19 0.012
442 126 9 13 0.011
464 147 9 9 0.011
