53_Raid_policeraid_53_445
38
531 275 109 143 0.889
978 156 37 49 0.829
118 167 47 57 0.825
67 184 40 50 0.813
614 148 43 56 0.813
820 134 51 58 0.809
763 160 43 52 0.808
215 197 42 54 0.800
509 190 44 50 0.795
367 133 49 56 0.768
431 159 44 51 0.651
327 251 44 49 0.575
304 203 36 43 0.506
218 292 29 34 0.262
3 425 69 96 0.212
25 66 20 27 0.184
0 239 21 32 0.174
202 28 14 19 0.119
389 168 44 52 0.085
421 160 39 47 0.062
0 118 26 55 0.055
108 90 18 22 0.050
293 397 32 39 0.042
901 241 38 50 0.039
6 237 28 33 0.025
155 104 19 31 0.023
718 178 27 38 0.022
26 234 22 26 0.017
316 196 35 39 0.014
27 75 19 26 0.013
593 110 29 34 0.013
405 160 31 47 0.012
2 110 26 38 0.012
386 184 36 45 0.012
22 45 20 29 0.011
832 102 40 51 0.011
17 410 61 88 0.011
845 93 23 31 0.010
