53_Raid_policeraid_53_599
51
136 143 65 111 0.830
821 311 18 25 0.806
834 269 18 21 0.794
356 306 28 33 0.784
581 268 17 21 0.744
638 329 20 24 0.739
664 256 15 18 0.705
722 240 15 18 0.642
621 264 16 22 0.641
504 298 22 25 0.620
545 199 12 14 0.565
854 300 17 22 0.537
242 325 26 30 0.512
769 330 19 19 0.485
525 274 15 18 0.462
484 286 16 20 0.442
886 332 18 25 0.411
467 297 16 20 0.262
875 283 12 15 0.198
349 185 9 12 0.187
789 366 20 27 0.181
490 290 19 22 0.159
679 320 17 22 0.155
308 182 14 23 0.089
703 316 16 20 0.077
759 329 20 19 0.076
542 202 12 14 0.053
544 232 15 20 0.049
879 336 17 23 0.047
621 255 16 19 0.035
682 316 19 23 0.029
679 312 16 23 0.028
673 324 17 21 0.021
596 274 15 18 0.021
457 372 18 26 0.021
463 302 16 21 0.021
794 363 21 26 0.020
873 314 19 21 0.017
536 227 16 22 0.016
526 278 16 21 0.015
719 235 15 17 0.015
574 240 15 20 0.014
307 161 14 23 0.013
514 253 15 20 0.013
629 264 14 19 0.012
891 338 16 21 0.012
512 309 18 22 0.011
531 229 13 17 0.011
525 227 22 41 0.011
881 293 16 19 0.010
603 316 19 25 0.010
