53_Raid_policeraid_53_543
47
581 192 96 117 0.876
0 177 40 89 0.872
797 221 56 82 0.856
732 226 50 62 0.844
77 259 41 44 0.814
167 162 19 25 0.764
51 169 20 21 0.694
395 253 27 47 0.675
527 284 20 26 0.665
290 280 18 23 0.648
156 301 23 26 0.593
485 293 20 23 0.517
451 284 21 28 0.330
330 264 19 28 0.296
46 235 29 37 0.279
460 290 16 24 0.210
660 165 14 18 0.175
547 287 14 19 0.150
447 282 19 24 0.140
539 343 16 19 0.133
561 301 15 20 0.129
304 270 45 27 0.119
35 223 38 60 0.096
477 292 21 24 0.060
433 284 19 23 0.055
558 281 16 24 0.043
1016 201 8 37 0.041
425 281 18 25 0.041
927 274 46 60 0.040
956 232 7 9 0.034
89 199 13 16 0.033
411 270 19 30 0.032
540 348 18 20 0.028
544 345 16 20 0.027
562 280 15 20 0.027
519 284 20 25 0.026
559 292 21 32 0.024
562 285 15 32 0.021
325 265 18 27 0.021
536 342 13 17 0.020
89 204 15 17 0.018
338 261 32 38 0.015
413 314 15 20 0.013
566 310 15 22 0.012
1018 207 6 24 0.012
182 209 11 14 0.012
35 244 32 33 0.011
