36_Football_americanfootball_ball_36_257
26
628 136 55 65 0.887
71 225 73 91 0.886
429 194 65 75 0.880
102 168 53 72 0.855
863 153 82 115 0.854
502 212 34 47 0.825
289 174 54 66 0.818
386 196 30 45 0.767
778 207 60 69 0.712
60 181 30 36 0.669
192 181 48 55 0.565
951 191 38 60 0.469
1010 151 14 64 0.372
760 222 45 51 0.345
428 182 51 60 0.188
754 228 30 41 0.140
429 179 31 35 0.043
0 189 19 67 0.037
615 166 30 38 0.026
62 182 39 50 0.025
599 139 19 26 0.016
749 223 28 38 0.014
1 206 15 69 0.014
1006 178 19 65 0.014
415 13 26 31 0.011
19 175 43 48 0.010
