36_Football_americanfootball_ball_36_126
33
924 60 35 50 0.737
333 166 36 49 0.710
50 134 43 53 0.685
507 304 40 42 0.620
673 88 30 34 0.619
777 110 34 42 0.510
340 309 32 32 0.446
697 136 30 35 0.420
645 219 35 35 0.156
350 315 20 24 0.093
772 104 33 35 0.063
516 327 40 39 0.056
669 101 34 44 0.045
353 305 23 26 0.039
514 294 39 42 0.036
689 126 34 40 0.032
781 125 31 42 0.026
326 306 34 37 0.023
767 109 22 27 0.022
359 312 22 24 0.019
348 302 22 25 0.018
919 69 26 44 0.017
331 183 37 44 0.015
286 427 20 21 0.015
780 133 19 28 0.013
663 223 35 43 0.013
632 214 32 35 0.012
636 223 33 33 0.011
365 307 21 22 0.011
3 267 20 30 0.011
505 319 37 39 0.010
703 141 32 37 0.010
0 178 13 59 0.010
