36_Football_Football_36_194
32
826 238 17 20 0.837
452 256 22 32 0.833
404 146 11 14 0.832
420 219 18 23 0.832
68 190 12 15 0.784
455 189 13 16 0.783
989 138 11 14 0.751
555 296 21 27 0.695
857 119 7 7 0.105
980 222 8 10 0.084
679 124 7 8 0.055
606 186 7 8 0.052
621 176 6 9 0.033
743 138 7 10 0.029
646 166 7 9 0.026
999 223 8 10 0.020
743 132 10 18 0.020
744 140 8 11 0.019
677 128 7 9 0.018
594 225 7 8 0.018
752 131 8 8 0.018
982 221 11 11 0.018
748 135 8 10 0.017
857 121 6 8 0.017
595 218 7 19 0.017
551 289 17 22 0.015
81 181 9 12 0.014
562 298 21 24 0.013
595 205 7 9 0.011
556 186 8 10 0.011
744 128 11 16 0.010
705 135 7 9 0.010
