36_Football_Football_36_138
90
747 131 23 29 0.821
132 55 25 36 0.805
644 218 20 26 0.795
879 85 29 39 0.786
406 216 23 30 0.778
538 229 17 29 0.744
290 81 22 36 0.701
861 78 11 14 0.663
521 203 12 16 0.646
468 209 14 20 0.515
557 201 14 17 0.488
89 25 9 11 0.486
453 192 13 15 0.486
40 26 12 15 0.480
841 262 19 19 0.451
716 186 12 16 0.442
379 174 7 8 0.410
680 198 13 17 0.374
386 189 9 11 0.357
923 94 11 14 0.304
747 56 7 9 0.266
980 76 13 15 0.249
490 187 9 12 0.231
541 203 11 12 0.199
450 194 14 17 0.183
414 184 6 8 0.159
325 199 7 20 0.153
930 80 9 12 0.152
592 212 11 14 0.142
351 190 8 10 0.114
742 56 8 9 0.104
571 195 9 13 0.104
446 187 14 14 0.103
443 182 9 12 0.103
73 18 8 10 0.102
338 33 8 10 0.077
666 120 14 15 0.073
554 204 13 18 0.069
849 259 22 22 0.068
397 197 13 13 0.065
326 198 6 11 0.059
676 200 14 17 0.057
572 195 13 14 0.055
332 265 7 8 0.052
288 77 20 28 0.049
329 19 7 8 0.048
86 49 7 9 0.043
445 204 12 16 0.042
36 26 12 14 0.041
368 246 7 9 0.040
668 115 16 17 0.039
584 206 11 14 0.039
840 256 28 22 0.038
424 211 13 18 0.036
517 200 13 17 0.033
114 25 10 10 0.032
335 29 9 11 0.029
478 194 11 14 0.027
456 189 12 14 0.027
739 59 7 9 0.026
441 179 8 9 0.026
350 199 7 10 0.025
872 81 21 25 0.023
665 121 10 12 0.022
388 195 11 12 0.022
389 180 13 17 0.022
747 62 8 10 0.021
135 27 8 10 0.021
748 51 7 10 0.020
327 19 11 11 0.020
679 83 12 13 0.019
673 198 20 25 0.019
87 26 10 19 0.017
83 47 9 13 0.016
670 103 15 18 0.016
415 179 6 9 0.015
191 25 11 11 0.015
584 211 14 17 0.015
279 80 26 33 0.014
677 83 8 9 0.014
741 71 8 10 0.014
916 94 17 22 0.014
492 184 13 12 0.014
525 171 42 98 0.012
717 192 12 17 0.012
836 266 17 17 0.012
484 189 12 13 0.012
367 227 12 13 0.011
627 224 9 13 0.011
470 217 13 17 0.011
