36_Football_Football_36_157
364
186 184 21 25 0.878
392 81 20 24 0.850
755 118 18 23 0.840
543 29 19 24 0.833
479 120 20 25 0.832
609 242 25 30 0.832
661 253 21 24 0.824
508 175 20 26 0.822
566 105 19 25 0.821
151 150 20 24 0.819
410 138 20 25 0.817
642 0 18 17 0.813
615 73 20 25 0.812
868 85 23 28 0.810
426 263 20 25 0.810
739 219 27 30 0.804
578 84 20 24 0.803
565 133 18 23 0.803
668 33 19 24 0.802
906 220 24 27 0.801
514 55 17 21 0.800
74 196 20 25 0.800
544 108 19 25 0.798
42 257 21 25 0.796
786 56 19 24 0.795
876 171 22 27 0.795
179 94 18 24 0.794
144 270 17 23 0.794
120 113 18 20 0.793
460 34 20 26 0.790
228 174 21 23 0.790
609 142 20 27 0.787
339 104 18 21 0.784
344 134 19 24 0.784
536 75 20 25 0.783
144 97 18 22 0.783
158 177 19 24 0.781
91 107 16 19 0.778
198 -1 19 21 0.776
580 6 19 25 0.775
583 189 21 23 0.775
361 119 17 18 0.774
302 158 20 26 0.774
788 173 20 24 0.768
544 193 18 22 0.767
97 241 20 23 0.765
847 48 18 22 0.763
285 135 17 23 0.763
501 247 23 30 0.763
50 130 20 25 0.762
438 348 20 29 0.761
524 111 19 22 0.759
493 8 16 20 0.758
831 108 17 21 0.756
0 185 17 22 0.753
616 41 19 22 0.748
899 24 19 26 0.748
905 169 20 22 0.740
969 25 19 23 0.739
964 136 18 25 0.739
233 77 19 25 0.736
633 191 21 26 0.736
904 104 17 22 0.735
294 93 17 21 0.732
115 202 17 20 0.732
163 202 22 27 0.732
432 218 18 25 0.730
113 136 18 23 0.729
102 169 20 24 0.727
890 126 17 20 0.725
334 179 21 24 0.718
300 214 20 23 0.718
983 246 22 27 0.718
383 128 18 21 0.717
337 41 20 24 0.715
238 252 27 30 0.711
412 55 18 20 0.711
855 -1 19 23 0.704
248 117 17 21 0.694
98 8 16 19 0.690
488 89 18 21 0.687
978 196 17 26 0.684
418 -1 19 20 0.679
43 187 20 23 0.677
78 148 18 23 0.675
393 198 30 36 0.670
91 135 18 22 0.669
454 103 16 19 0.661
271 164 17 21 0.648
439 164 21 24 0.644
943 96 15 21 0.634
272 44 18 21 0.627
41 18 17 20 0.627
899 85 19 23 0.626
148 47 17 19 0.604
424 98 19 22 0.597
0 140 14 21 0.588
230 126 16 19 0.586
850 165 17 21 0.579
979 159 16 23 0.567
247 194 19 22 0.565
515 148 19 20 0.558
898 193 17 21 0.558
321 84 20 21 0.554
814 108 16 21 0.554
215 268 18 23 0.551
16 118 18 22 0.543
347 4 18 20 0.539
782 111 17 20 0.536
29 155 18 21 0.535
934 165 18 21 0.532
666 171 18 23 0.523
216 160 17 20 0.515
239 151 17 19 0.490
818 17 16 20 0.479
408 121 15 17 0.468
993 0 17 9 0.460
562 0 16 8 0.431
357 175 18 22 0.431
185 148 19 24 0.424
266 25 17 20 0.414
153 20 14 17 0.412
849 188 19 23 0.410
484 357 19 23 0.410
584 158 20 23 0.397
752 188 20 24 0.397
838 187 19 23 0.386
530 109 22 24 0.374
114 123 20 25 0.372
1007 89 14 22 0.368
705 143 16 21 0.357
270 31 18 30 0.351
306 255 21 27 0.348
751 -1 18 13 0.341
233 234 19 21 0.333
732 50 19 22 0.331
30 124 15 20 0.325
326 0 20 7 0.308
568 92 22 29 0.306
364 98 16 18 0.288
187 155 19 23 0.284
773 211 16 23 0.282
787 239 29 33 0.281
301 121 17 23 0.268
330 153 18 21 0.266
15 105 16 19 0.261
767 150 18 22 0.246
234 119 24 23 0.241
846 169 19 33 0.234
136 101 24 22 0.225
356 112 20 24 0.210
109 173 20 53 0.210
497 361 22 25 0.207
81 143 20 25 0.191
0 53 7 22 0.187
203 93 16 21 0.186
296 129 19 23 0.183
145 0 17 6 0.180
925 8 16 22 0.179
794 0 14 10 0.175
248 151 17 18 0.171
8 168 19 22 0.161
134 241 18 22 0.160
966 98 15 19 0.155
392 134 38 25 0.154
450 0 17 7 0.147
636 176 21 25 0.143
-1 102 7 19 0.138
580 80 59 26 0.135
880 170 28 33 0.131
328 122 16 19 0.130
220 164 20 23 0.130
149 93 18 22 0.129
464 97 49 22 0.128
701 16 15 19 0.125
474 99 19 21 0.123
823 13 19 21 0.119
516 153 19 22 0.116
319 74 20 23 0.115
690 32 15 20 0.114
272 201 18 23 0.112
956 192 20 25 0.111
566 2 21 19 0.110
1 237 14 22 0.109
6 285 18 22 0.109
1003 196 15 26 0.107
563 -2 15 16 0.107
635 164 18 23 0.107
302 114 17 21 0.105
143 95 56 23 0.105
952 1 17 16 0.104
225 257 24 27 0.104
777 110 55 19 0.098
489 356 26 26 0.097
769 215 29 29 0.097
250 174 18 20 0.096
573 136 21 26 0.093
231 114 29 46 0.093
266 20 16 19 0.091
732 19 16 20 0.087
250 157 19 21 0.087
450 -1 19 14 0.081
385 114 17 20 0.081
189 243 16 20 0.081
898 79 20 72 0.081
481 208 17 23 0.080
750 101 16 20 0.079
952 189 19 23 0.078
287 124 31 75 0.076
256 151 29 66 0.075
732 122 16 21 0.073
20 127 19 22 0.073
0 146 16 20 0.072
440 153 17 24 0.071
147 -2 16 14 0.070
934 171 19 23 0.069
929 14 18 22 0.068
415 17 18 52 0.068
591 138 17 22 0.068
417 5 19 22 0.066
783 244 20 23 0.065
337 29 22 30 0.062
185 142 18 21 0.062
330 50 20 30 0.062
418 13 17 21 0.062
479 214 17 22 0.062
355 182 20 25 0.061
390 115 19 21 0.058
336 165 19 20 0.056
443 99 24 24 0.055
675 10 20 22 0.054
943 5 18 25 0.052
261 164 26 35 0.051
177 177 73 29 0.047
382 109 17 16 0.047
942 132 41 56 0.046
1009 78 13 22 0.046
2 282 17 22 0.046
40 0 15 14 0.046
502 125 16 19 0.046
910 165 22 24 0.046
596 139 23 26 0.045
636 156 16 20 0.045
971 13 18 23 0.045
693 29 19 22 0.045
690 10 20 21 0.044
3 156 17 21 0.044
0 63 5 23 0.044
335 131 21 27 0.043
679 30 28 25 0.043
955 101 17 23 0.042
580 152 20 24 0.042
236 89 17 21 0.042
54 118 16 18 0.041
277 186 19 22 0.041
272 164 18 50 0.041
671 16 20 24 0.039
699 144 18 23 0.039
775 111 18 20 0.036
34 128 20 24 0.036
777 9 17 22 0.036
520 -1 18 8 0.035
272 190 17 21 0.034
508 -1 18 9 0.032
163 66 17 20 0.029
476 220 16 21 0.029
487 202 16 21 0.029
747 107 18 22 0.028
151 15 14 16 0.027
340 5 18 20 0.027
851 3 19 22 0.027
412 66 17 21 0.027
333 35 19 25 0.026
312 111 20 22 0.026
155 79 18 21 0.026
513 0 21 8 0.025
359 1 15 15 0.025
236 235 24 41 0.025
959 94 18 22 0.025
24 220 19 22 0.025
671 174 19 26 0.025
444 148 13 16 0.024
793 0 20 18 0.024
152 48 20 21 0.023
602 239 23 27 0.023
681 5 18 18 0.023
244 201 19 22 0.023
15 169 20 22 0.022
321 70 16 19 0.021
157 87 16 20 0.021
971 0 16 11 0.021
413 36 19 43 0.021
695 507 12 17 0.021
705 20 16 21 0.021
158 127 17 21 0.020
785 110 27 22 0.020
974 163 18 30 0.020
198 154 19 21 0.019
1015 247 11 20 0.019
4 208 14 23 0.019
204 101 15 21 0.019
153 32 17 20 0.019
799 239 31 38 0.018
988 164 19 23 0.018
985 234 25 34 0.018
247 258 23 28 0.018
504 364 20 23 0.018
496 123 17 21 0.018
314 -1 19 11 0.017
974 6 17 22 0.017
530 -2 13 10 0.017
784 1 20 17 0.017
284 187 17 22 0.017
10 259 40 44 0.017
955 235 18 24 0.017
929 1 21 22 0.016
700 1 19 18 0.016
150 200 34 43 0.016
852 156 18 24 0.016
942 13 17 22 0.016
691 137 20 24 0.016
539 101 21 25 0.015
956 128 19 26 0.015
402 214 22 22 0.015
63 252 18 23 0.015
472 108 20 27 0.015
914 10 16 22 0.014
1017 48 9 20 0.014
994 173 20 23 0.014
379 133 17 21 0.014
312 254 25 32 0.014
785 114 18 22 0.014
276 49 19 20 0.013
731 29 19 23 0.013
1006 111 15 21 0.013
98 215 18 21 0.013
554 177 16 21 0.013
144 50 16 19 0.013
680 129 16 21 0.013
525 37 24 33 0.013
878 25 17 23 0.012
83 153 19 23 0.012
992 0 17 19 0.012
64 3 15 19 0.012
187 90 20 23 0.012
857 184 19 24 0.012
448 165 18 23 0.012
95 3 17 17 0.012
705 12 16 20 0.012
69 178 17 21 0.012
971 236 21 26 0.011
0 50 11 21 0.011
685 1 18 19 0.011
874 31 17 21 0.011
1012 130 11 17 0.011
32 230 26 61 0.011
933 177 21 26 0.011
331 0 21 16 0.011
638 185 21 26 0.010
957 228 20 26 0.010
707 0 15 11 0.010
910 105 18 25 0.010
478 94 17 21 0.010
998 204 20 23 0.010
