36_Football_americanfootball_ball_36_615
34
198 104 27 45 0.831
379 144 24 36 0.808
862 153 14 19 0.781
532 186 17 23 0.777
83 136 14 17 0.777
452 155 17 24 0.737
740 137 15 22 0.708
922 94 21 34 0.646
724 157 10 14 0.451
670 173 13 18 0.435
523 155 12 17 0.349
720 160 13 15 0.199
690 159 9 11 0.164
727 151 13 18 0.163
687 162 9 15 0.117
647 162 10 15 0.117
620 153 12 18 0.107
786 160 12 15 0.062
947 202 11 14 0.048
617 159 12 17 0.033
783 154 12 17 0.031
710 162 16 17 0.021
689 157 12 15 0.018
743 142 15 20 0.018
1018 109 6 26 0.017
444 186 13 18 0.017
650 161 8 13 0.015
791 166 11 13 0.014
528 152 9 15 0.013
690 166 13 15 0.013
947 104 19 25 0.012
697 155 12 12 0.012
516 160 13 19 0.011
786 166 11 14 0.011
