36_Football_americanfootball_ball_36_487
1134
224 251 13 17 0.797
507 99 8 12 0.773
204 231 12 15 0.767
276 198 12 16 0.765
54 302 16 22 0.755
168 238 13 16 0.750
58 155 10 13 0.742
81 256 13 15 0.742
89 221 11 14 0.740
879 125 9 12 0.730
264 36 10 13 0.729
13 145 10 14 0.727
71 194 11 14 0.727
863 107 9 12 0.723
526 246 12 14 0.720
113 88 11 13 0.718
86 108 11 12 0.717
231 232 13 15 0.717
47 255 12 16 0.715
626 5 11 13 0.713
919 211 10 12 0.713
382 46 9 12 0.709
144 167 12 13 0.709
296 182 12 15 0.709
960 174 10 12 0.709
506 72 9 11 0.708
513 197 12 14 0.708
7 216 11 13 0.706
273 105 9 11 0.706
843 3 11 13 0.704
788 200 10 14 0.704
371 100 10 12 0.702
622 184 10 12 0.702
585 221 11 12 0.697
767 112 8 11 0.695
293 158 11 13 0.695
976 145 10 12 0.694
886 164 10 12 0.694
658 207 9 13 0.692
194 173 10 14 0.687
842 210 10 13 0.686
319 183 12 15 0.685
102 200 10 13 0.684
697 119 9 12 0.682
943 144 9 11 0.682
86 180 10 12 0.682
771 31 9 12 0.679
598 138 9 11 0.679
277 161 11 14 0.679
418 252 11 16 0.679
324 106 10 12 0.677
538 111 9 12 0.677
399 132 9 13 0.677
95 91 11 13 0.673
31 103 11 13 0.673
791 172 9 12 0.673
381 67 10 11 0.671
737 124 9 11 0.671
860 149 9 12 0.671
775 244 10 13 0.671
284 78 11 13 0.669
390 177 10 14 0.669
656 180 10 12 0.667
605 43 10 13 0.663
103 175 10 13 0.663
546 196 10 12 0.663
292 257 12 15 0.658
129 138 11 13 0.656
141 247 11 15 0.652
907 189 9 12 0.646
708 13 9 13 0.646
41 133 10 14 0.642
688 183 10 12 0.642
768 192 9 13 0.640
366 238 12 15 0.638
824 210 10 14 0.634
842 174 10 12 0.634
421 110 10 12 0.630
909 124 9 13 0.630
950 117 9 12 0.630
29 233 11 15 0.630
1011 147 10 13 0.627
102 157 11 13 0.627
607 243 12 14 0.627
362 2 10 11 0.626
9 36 11 12 0.626
914 56 9 11 0.626
705 96 9 11 0.626
1003 169 10 12 0.626
355 180 11 14 0.626
100 242 13 15 0.626
452 57 10 13 0.624
826 167 8 11 0.622
283 287 16 19 0.619
737 72 8 12 0.617
185 15 10 12 0.615
283 6 10 11 0.615
479 35 9 11 0.615
795 92 10 11 0.615
615 146 10 12 0.615
661 31 9 11 0.613
575 38 8 12 0.613
988 227 10 13 0.613
562 9 9 13 0.611
868 42 9 12 0.611
413 233 11 13 0.611
839 43 9 12 0.609
426 141 9 12 0.609
674 239 10 13 0.609
626 73 9 11 0.607
300 102 11 12 0.607
556 222 9 13 0.607
104 32 10 13 0.605
66 223 10 13 0.605
115 50 11 15 0.603
597 4 9 11 0.601
341 86 10 13 0.601
565 100 9 11 0.601
718 233 11 13 0.599
335 277 13 16 0.599
320 255 12 15 0.597
676 96 9 12 0.594
898 227 9 11 0.593
83 66 10 12 0.588
641 46 9 11 0.586
533 81 9 11 0.584
797 220 10 12 0.582
534 263 13 18 0.582
437 28 10 11 0.573
633 134 9 11 0.571
871 231 11 14 0.571
321 69 9 12 0.569
922 182 9 13 0.567
176 98 10 14 0.565
913 232 10 11 0.565
257 73 10 12 0.563
873 177 10 12 0.563
797 51 9 12 0.556
24 170 11 14 0.556
510 3 8 12 0.554
42 56 10 14 0.554
924 95 10 12 0.554
698 245 14 16 0.554
899 89 10 12 0.552
944 85 10 12 0.550
940 52 9 11 0.545
60 52 10 13 0.543
809 36 9 12 0.541
921 39 9 11 0.541
806 329 25 30 0.539
235 23 10 11 0.539
673 57 9 13 0.536
843 89 9 11 0.536
64 90 10 13 0.535
575 192 11 15 0.535
8 107 9 12 0.532
229 135 10 14 0.530
699 187 9 12 0.530
976 103 10 12 0.525
249 106 11 13 0.525
917 165 10 13 0.525
797 324 20 27 0.524
399 96 9 12 0.521
1001 29 9 12 0.519
754 260 11 15 0.519
314 274 14 18 0.519
160 15 11 14 0.517
885 46 9 13 0.517
928 118 9 12 0.515
715 128 9 11 0.515
416 181 10 12 0.515
527 21 9 11 0.513
915 73 8 12 0.510
885 15 10 13 0.509
423 29 10 11 0.508
631 227 10 12 0.508
317 51 9 12 0.506
169 117 11 15 0.506
375 251 12 15 0.506
721 86 10 12 0.501
976 124 9 11 0.501
253 159 11 12 0.501
534 195 12 15 0.501
977 175 10 12 0.501
938 225 12 12 0.501
196 6 9 12 0.499
774 0 9 10 0.497
438 43 9 10 0.497
204 76 9 13 0.493
662 112 9 10 0.493
223 2 10 12 0.490
850 132 9 12 0.490
394 13 9 11 0.488
454 113 9 11 0.488
118 253 12 15 0.488
431 187 10 14 0.486
46 285 13 17 0.486
589 31 9 12 0.484
463 84 9 12 0.482
727 199 10 12 0.482
703 209 9 11 0.482
618 280 13 16 0.482
495 128 10 12 0.479
810 159 9 10 0.477
569 252 10 14 0.477
12 63 10 14 0.475
352 294 16 21 0.475
42 120 10 14 0.473
14 91 10 12 0.468
16 122 11 12 0.468
569 220 10 12 0.468
358 272 13 15 0.466
698 31 9 11 0.464
523 66 8 10 0.460
644 88 9 11 0.460
670 78 9 11 0.460
690 74 9 11 0.457
228 77 10 13 0.455
257 119 11 14 0.455
488 200 11 13 0.455
241 293 12 16 0.455
731 8 9 11 0.451
518 37 10 13 0.451
389 232 11 13 0.451
402 287 14 17 0.451
787 36 9 11 0.444
57 101 10 14 0.442
653 76 9 11 0.440
85 152 11 12 0.440
652 146 10 13 0.440
496 15 9 11 0.438
682 111 9 11 0.438
732 244 9 12 0.438
911 114 9 12 0.436
221 92 11 12 0.431
726 110 8 11 0.429
6 258 10 13 0.429
159 60 10 13 0.425
329 37 10 12 0.423
860 77 9 12 0.423
503 41 9 11 0.421
83 31 10 13 0.418
28 35 10 12 0.414
45 71 11 13 0.414
176 71 10 13 0.414
764 144 9 12 0.412
140 28 9 12 0.410
702 76 10 13 0.410
444 80 9 12 0.410
285 231 10 13 0.410
993 3 9 11 0.408
452 131 10 12 0.405
784 158 9 11 0.401
744 279 13 16 0.401
970 10 10 12 0.399
749 247 11 14 0.399
769 89 9 11 0.397
78 137 11 13 0.397
952 24 10 12 0.395
66 30 9 13 0.393
463 294 16 18 0.393
53 12 10 12 0.391
308 13 10 11 0.388
31 19 9 13 0.386
566 124 9 11 0.382
106 9 10 12 0.380
127 33 10 13 0.380
943 172 9 12 0.380
464 0 11 12 0.378
143 101 10 13 0.378
28 11 10 13 0.376
299 53 10 12 0.376
60 140 12 14 0.376
886 202 10 13 0.376
247 81 9 12 0.374
63 179 12 13 0.374
420 49 8 11 0.372
299 286 17 21 0.372
129 44 11 14 0.368
288 214 10 12 0.368
510 276 14 18 0.368
175 47 9 12 0.365
539 195 14 15 0.362
756 177 9 12 0.361
566 144 10 13 0.359
640 109 10 12 0.357
354 117 10 11 0.355
675 -1 8 10 0.353
674 91 10 14 0.351
298 15 10 12 0.349
351 78 9 11 0.349
348 47 10 12 0.347
-1 72 8 12 0.347
968 224 9 12 0.345
908 12 9 11 0.343
645 196 10 12 0.343
329 13 9 12 0.341
228 92 12 11 0.341
229 138 10 20 0.341
464 134 10 12 0.340
920 20 8 11 0.337
212 118 9 12 0.333
43 63 11 15 0.331
151 123 10 13 0.331
651 113 11 12 0.327
396 250 11 14 0.327
62 92 11 15 0.325
192 290 13 17 0.325
627 98 9 12 0.324
1 125 10 12 0.324
229 148 10 15 0.319
383 283 16 19 0.319
419 182 11 14 0.319
390 88 10 12 0.310
831 185 9 11 0.308
777 303 17 21 0.306
184 33 11 13 0.306
945 106 9 11 0.306
191 85 9 12 0.302
605 140 12 14 0.302
550 31 10 11 0.301
722 34 9 12 0.301
229 119 9 12 0.301
80 17 10 14 0.299
344 9 8 10 0.299
581 128 10 12 0.297
115 108 11 14 0.293
20 308 13 18 0.293
282 205 12 16 0.291
13 306 17 21 0.288
827 90 9 11 0.286
163 32 10 13 0.284
692 244 12 14 0.279
742 174 8 11 0.277
886 19 11 13 0.275
765 163 10 12 0.275
788 165 10 14 0.273
765 167 10 13 0.273
462 183 11 13 0.271
866 286 11 15 0.270
986 103 12 13 0.266
638 106 10 12 0.266
423 67 10 13 0.264
817 145 8 9 0.264
29 8 10 12 0.264
610 119 10 12 0.263
788 137 9 12 0.258
717 195 10 12 0.258
542 7 9 13 0.254
920 175 10 20 0.254
426 280 16 18 0.249
658 30 10 11 0.246
693 75 10 12 0.246
946 36 9 11 0.244
580 106 10 13 0.244
600 180 9 12 0.243
761 292 11 14 0.243
262 56 8 11 0.241
685 7 9 13 0.239
39 92 11 13 0.239
611 123 10 14 0.239
566 130 9 21 0.239
808 279 13 16 0.239
438 92 10 14 0.238
567 101 11 12 0.238
870 202 9 11 0.238
452 36 9 12 0.236
453 111 9 19 0.236
239 1 9 9 0.234
749 174 15 13 0.234
1014 69 8 13 0.231
82 184 12 14 0.231
762 73 9 12 0.230
390 55 9 12 0.228
649 79 11 13 0.228
1002 100 11 13 0.225
203 68 10 24 0.223
58 105 9 14 0.223
382 285 33 18 0.223
945 165 9 14 0.222
931 12 10 11 0.220
1018 121 6 13 0.217
707 285 16 20 0.217
192 35 10 12 0.216
1005 99 10 12 0.216
445 34 16 13 0.213
100 245 21 15 0.212
97 246 14 16 0.211
30 11 9 24 0.210
995 104 11 12 0.210
1012 239 10 16 0.208
837 27 10 13 0.205
313 26 10 12 0.205
202 63 13 13 0.205
992 103 10 12 0.202
780 14 9 12 0.201
264 125 12 14 0.201
813 204 9 11 0.201
907 76 10 16 0.199
555 221 17 13 0.199
885 83 9 12 0.198
263 247 14 18 0.198
354 283 17 26 0.198
600 85 11 14 0.195
812 276 14 17 0.195
687 185 23 12 0.193
646 13 8 12 0.191
262 295 13 18 0.191
166 237 24 16 0.188
845 270 13 18 0.188
543 2 10 11 0.187
884 13 9 10 0.187
552 45 10 14 0.187
676 0 9 14 0.187
925 14 11 13 0.184
457 185 13 12 0.184
446 69 11 22 0.182
259 297 14 19 0.182
586 273 16 18 0.179
572 0 9 9 0.176
463 75 9 13 0.176
861 79 10 13 0.176
8 102 13 14 0.176
887 199 15 13 0.176
317 259 15 18 0.175
244 295 22 19 0.174
501 2 10 12 0.171
646 112 10 11 0.170
921 35 9 12 0.169
875 208 10 19 0.168
456 271 16 19 0.168
973 7 10 17 0.167
187 79 11 14 0.166
812 57 9 11 0.160
871 225 10 13 0.159
67 179 11 26 0.158
546 290 14 17 0.158
395 28 8 10 0.157
22 74 11 13 0.157
181 53 10 22 0.155
966 103 8 12 0.155
456 148 10 15 0.154
490 271 13 17 0.152
0 69 12 14 0.152
632 206 10 12 0.152
627 226 10 12 0.152
542 57 8 12 0.151
571 31 15 19 0.150
422 59 9 22 0.150
828 87 14 14 0.149
434 112 9 11 0.147
798 52 14 14 0.146
465 70 8 12 0.145
157 80 11 23 0.143
597 99 11 13 0.143
529 238 13 37 0.142
285 287 29 18 0.141
292 8 12 18 0.141
643 41 9 13 0.141
28 149 11 14 0.141
896 270 21 21 0.141
940 42 10 28 0.139
725 191 12 23 0.139
477 16 9 13 0.139
939 254 17 23 0.139
132 4 10 12 0.138
59 81 11 13 0.135
551 93 9 11 0.135
487 103 9 12 0.135
819 114 10 12 0.135
330 0 10 11 0.134
679 9 12 17 0.134
216 117 12 13 0.134
503 198 17 16 0.134
830 209 15 14 0.134
362 21 9 11 0.133
304 88 10 14 0.133
278 130 9 11 0.133
983 165 9 11 0.133
499 280 17 17 0.133
268 130 13 11 0.132
98 276 15 21 0.132
885 148 15 42 0.132
858 76 8 11 0.131
154 89 15 13 0.130
260 123 12 13 0.129
329 9 12 14 0.128
23 77 13 16 0.128
1007 101 10 22 0.128
89 43 10 13 0.127
776 65 11 24 0.127
539 290 14 17 0.127
291 56 10 13 0.126
1011 136 9 28 0.124
385 214 11 14 0.124
352 257 12 15 0.124
548 96 9 12 0.123
948 23 10 25 0.122
135 228 10 11 0.122
614 101 10 12 0.120
16 56 11 14 0.119
733 276 15 18 0.119
213 62 10 12 0.118
10 243 13 15 0.118
12 312 15 20 0.118
323 14 13 16 0.117
952 30 10 13 0.117
736 273 19 26 0.116
542 132 8 10 0.116
680 0 11 24 0.115
244 62 9 11 0.115
531 178 10 12 0.114
310 4 9 27 0.114
10 28 11 28 0.114
421 76 10 12 0.113
531 186 12 23 0.113
336 56 11 14 0.111
196 34 9 12 0.110
256 304 14 19 0.110
605 32 10 32 0.110
812 44 9 13 0.110
638 276 17 20 0.110
466 -4 10 23 0.109
252 14 9 12 0.109
112 110 13 16 0.109
55 6 14 21 0.107
548 50 11 13 0.107
776 62 9 12 0.107
340 83 13 22 0.107
367 228 12 37 0.107
40 162 10 13 0.106
825 142 9 57 0.105
477 0 14 11 0.105
427 69 12 13 0.105
484 0 9 10 0.104
296 63 10 12 0.104
875 44 20 13 0.104
325 252 14 16 0.104
170 279 12 15 0.104
803 275 22 20 0.104
1008 130 10 58 0.103
762 78 11 21 0.103
945 226 11 13 0.103
940 179 10 13 0.102
530 11 13 24 0.101
456 154 9 12 0.101
981 183 10 11 0.100
704 203 10 20 0.100
476 5 12 20 0.099
812 60 7 11 0.099
576 119 14 24 0.099
773 297 17 20 0.099
843 158 9 45 0.098
761 8 8 12 0.098
9 301 13 19 0.098
959 0 9 11 0.097
556 94 15 19 0.097
569 258 12 18 0.097
30 30 10 14 0.096
273 160 33 14 0.095
358 294 17 21 0.094
51 54 17 13 0.092
30 2 9 12 0.091
421 80 9 12 0.091
13 -1 10 11 0.090
648 114 10 13 0.090
863 78 8 60 0.089
421 56 9 12 0.089
792 267 12 16 0.089
775 79 13 12 0.088
764 193 30 16 0.088
392 281 17 21 0.087
578 273 17 18 0.087
943 115 8 73 0.087
204 1 11 12 0.087
310 169 12 13 0.087
486 281 15 16 0.087
266 293 14 17 0.086
88 102 11 21 0.085
422 104 12 14 0.085
599 88 13 25 0.085
229 74 11 29 0.085
692 184 12 13 0.084
108 124 10 13 0.084
0 285 7 16 0.082
697 163 11 60 0.082
37 133 12 15 0.082
91 192 12 73 0.082
327 136 10 14 0.081
325 66 11 15 0.080
797 244 11 13 0.080
286 7 11 12 0.080
955 53 10 12 0.080
951 0 8 64 0.079
761 66 8 11 0.079
213 159 10 14 0.079
28 176 11 14 0.079
534 50 9 70 0.079
787 120 9 45 0.079
164 43 9 14 0.079
643 281 15 17 0.078
145 63 10 12 0.078
161 85 11 18 0.078
183 7 21 22 0.078
136 70 10 13 0.077
421 204 11 15 0.077
927 12 11 13 0.077
576 0 12 11 0.077
137 23 11 16 0.077
867 172 12 13 0.077
830 184 10 21 0.077
339 234 11 16 0.077
702 281 18 21 0.077
703 63 10 13 0.075
765 69 15 16 0.075
980 158 9 22 0.075
954 276 14 18 0.075
251 71 13 26 0.074
350 132 11 13 0.073
937 182 12 15 0.073
861 72 11 13 0.072
308 166 11 13 0.072
788 155 8 28 0.071
152 80 11 14 0.070
787 141 10 13 0.070
492 234 11 14 0.070
81 0 10 12 0.069
102 132 11 21 0.069
954 142 10 13 0.069
489 227 12 15 0.069
288 263 17 61 0.068
1003 41 9 13 0.068
218 66 16 23 0.068
840 233 10 13 0.068
1013 234 10 13 0.068
382 49 8 37 0.067
326 76 13 63 0.067
651 171 35 32 0.067
575 220 11 13 0.066
924 270 15 19 0.066
767 78 8 85 0.066
760 50 9 51 0.066
257 93 10 60 0.066
817 207 17 14 0.065
297 24 11 68 0.065
494 277 28 18 0.064
627 134 13 22 0.064
342 225 9 14 0.064
658 173 9 74 0.064
391 38 9 12 0.064
193 61 18 15 0.064
33 166 12 14 0.064
128 30 13 24 0.063
828 89 25 11 0.063
387 181 10 54 0.063
265 235 23 32 0.063
905 107 13 16 0.063
94 7 17 17 0.062
447 33 13 25 0.062
236 -8 8 76 0.062
450 183 10 12 0.062
320 231 11 64 0.061
382 8 9 92 0.061
725 175 11 58 0.061
14 241 11 14 0.061
57 0 11 11 0.061
265 243 13 17 0.061
794 269 17 25 0.061
470 181 33 35 0.060
295 66 9 13 0.060
606 84 10 12 0.060
509 100 9 13 0.059
487 107 8 11 0.058
476 132 11 12 0.058
425 188 12 27 0.057
937 188 10 12 0.057
524 268 18 19 0.057
153 318 16 21 0.057
295 164 11 42 0.055
138 68 13 14 0.055
144 107 12 15 0.055
824 186 10 60 0.055
61 113 10 13 0.055
59 62 10 89 0.055
545 51 11 15 0.054
383 52 11 28 0.054
864 60 9 13 0.054
779 272 16 17 0.054
475 136 8 11 0.054
250 306 15 19 0.054
617 278 24 17 0.053
1001 37 11 13 0.053
252 104 12 13 0.053
60 111 8 97 0.053
69 162 10 88 0.053
415 221 11 49 0.053
831 136 10 13 0.053
272 148 12 15 0.052
486 280 26 21 0.052
230 106 9 88 0.052
725 276 14 18 0.052
538 184 23 38 0.051
601 81 10 12 0.051
979 82 9 13 0.051
787 128 9 14 0.051
475 288 15 18 0.051
505 68 9 13 0.050
222 74 15 14 0.050
507 34 7 100 0.049
230 51 11 13 0.049
5 168 9 14 0.049
816 269 12 15 0.049
574 184 11 33 0.048
946 69 10 17 0.048
633 230 11 14 0.048
908 152 9 83 0.048
837 34 10 15 0.048
866 37 9 12 0.048
927 244 13 17 0.048
183 263 12 17 0.048
838 266 14 17 0.048
50 242 11 114 0.048
977 79 9 11 0.047
646 276 16 19 0.047
1007 16 13 22 0.046
239 222 15 14 0.046
489 -3 15 25 0.046
196 294 13 17 0.046
545 0 9 10 0.046
32 191 9 12 0.045
393 119 9 108 0.045
736 17 8 11 0.045
1014 251 10 15 0.045
172 275 15 18 0.045
100 2 11 12 0.044
602 103 11 27 0.044
367 183 10 13 0.044
210 120 28 10 0.044
945 261 21 30 0.044
754 148 15 70 0.044
445 47 11 22 0.044
838 23 9 13 0.044
104 115 8 101 0.044
358 236 12 102 0.044
563 145 10 13 0.043
783 187 13 25 0.043
881 186 12 14 0.043
531 283 16 19 0.043
443 14 12 21 0.043
576 65 9 13 0.043
40 105 10 58 0.043
247 68 12 28 0.043
486 100 9 11 0.043
177 129 11 15 0.043
253 232 12 17 0.043
33 187 11 14 0.042
320 28 9 92 0.042
570 268 14 17 0.042
171 123 12 21 0.041
296 271 31 41 0.041
1004 91 10 15 0.041
121 107 17 16 0.041
341 286 17 20 0.041
512 114 13 12 0.041
684 284 14 18 0.040
114 39 13 108 0.040
295 0 9 11 0.040
232 55 14 13 0.040
115 19 10 71 0.040
447 188 11 12 0.040
873 190 10 89 0.040
549 294 14 17 0.039
851 279 29 21 0.039
740 196 12 18 0.039
92 35 10 106 0.039
9 -3 12 11 0.039
267 219 11 13 0.039
1008 11 9 13 0.038
539 68 8 90 0.038
1013 2 9 12 0.038
723 219 12 14 0.038
797 8 11 94 0.038
743 207 9 14 0.038
197 62 16 29 0.037
701 32 9 18 0.037
170 138 10 13 0.037
964 225 11 13 0.037
798 278 15 17 0.037
174 299 15 19 0.037
776 74 11 23 0.036
916 178 14 26 0.036
512 273 23 18 0.036
8 169 9 14 0.036
699 229 10 12 0.036
540 346 16 20 0.036
159 47 11 36 0.036
205 21 10 100 0.035
931 244 18 28 0.035
91 55 8 100 0.035
673 13 8 96 0.035
573 153 10 97 0.035
326 181 14 14 0.035
750 221 11 73 0.035
1007 177 10 17 0.035
526 16 23 18 0.035
135 -14 12 60 0.035
567 64 11 12 0.034
447 88 13 26 0.034
369 232 12 15 0.034
892 273 15 18 0.034
219 92 9 12 0.034
368 221 15 71 0.034
449 8 11 14 0.033
737 67 9 15 0.033
299 76 38 66 0.033
257 254 15 22 0.033
12 81 9 111 0.033
59 33 12 50 0.033
495 40 11 13 0.033
758 261 13 15 0.032
347 301 17 19 0.032
793 221 10 13 0.032
736 262 12 15 0.032
758 89 18 11 0.032
899 277 19 19 0.032
318 39 9 38 0.032
720 201 13 14 0.032
778 0 12 19 0.031
1008 5 12 21 0.031
482 272 16 18 0.031
788 108 10 12 0.030
560 71 9 11 0.030
328 212 13 108 0.030
915 266 36 23 0.030
180 296 18 20 0.030
487 297 14 17 0.030
468 0 24 10 0.030
91 0 15 12 0.030
513 281 20 20 0.029
393 54 9 12 0.029
264 -2 7 111 0.029
382 34 10 42 0.029
868 271 54 30 0.029
102 261 13 19 0.029
833 79 9 12 0.028
936 4 10 11 0.028
578 64 10 12 0.028
893 198 12 28 0.028
405 282 17 19 0.028
79 -23 15 83 0.028
1009 247 12 16 0.028
248 270 13 17 0.028
22 312 13 18 0.028
814 273 19 18 0.028
960 145 10 61 0.028
978 77 7 111 0.028
136 99 13 14 0.028
704 44 9 18 0.028
137 64 19 18 0.028
743 238 22 87 0.027
432 224 12 14 0.027
274 143 13 23 0.027
548 101 9 14 0.027
867 51 12 23 0.027
337 156 13 15 0.027
27 309 13 18 0.027
1010 179 11 14 0.027
709 216 13 23 0.027
371 212 30 90 0.026
955 195 21 63 0.026
483 208 12 16 0.026
712 76 11 13 0.026
160 236 16 17 0.026
452 132 26 13 0.026
99 287 14 17 0.026
644 89 15 13 0.026
437 29 14 17 0.026
213 112 12 19 0.025
177 139 10 12 0.025
969 225 13 14 0.025
26 18 9 14 0.025
642 149 9 12 0.025
956 281 13 17 0.025
396 76 11 41 0.025
439 94 26 15 0.025
374 160 9 14 0.025
837 227 13 14 0.025
812 266 13 16 0.025
804 -7 15 97 0.024
434 107 30 72 0.024
30 182 12 18 0.024
949 103 10 33 0.024
649 264 20 40 0.024
234 27 10 13 0.024
891 84 12 15 0.024
349 179 12 15 0.024
238 216 11 13 0.024
16 339 12 17 0.024
337 178 11 16 0.024
844 251 38 71 0.024
846 257 11 14 0.024
651 56 9 13 0.023
245 155 12 15 0.023
996 -22 14 106 0.023
391 50 9 13 0.023
217 0 18 18 0.023
423 25 8 105 0.023
367 200 12 109 0.023
329 139 14 25 0.023
689 149 9 11 0.023
106 199 12 15 0.023
253 226 14 14 0.023
319 3 7 109 0.023
838 86 14 15 0.023
286 55 11 12 0.022
2 -1 9 11 0.022
786 18 9 12 0.022
292 278 18 21 0.022
816 237 10 13 0.022
692 248 15 23 0.022
765 1 10 11 0.022
859 125 10 52 0.022
186 271 14 23 0.022
480 -21 7 113 0.022
905 197 18 109 0.022
258 124 31 91 0.022
33 69 10 79 0.021
797 26 6 115 0.021
454 97 29 82 0.021
199 42 12 18 0.021
862 284 13 19 0.021
494 270 14 16 0.021
899 75 10 36 0.021
628 163 10 103 0.020
378 254 12 15 0.020
231 153 24 18 0.020
311 157 61 63 0.020
454 5 14 109 0.020
847 263 13 18 0.020
218 161 10 14 0.020
154 236 17 17 0.020
201 13 13 21 0.020
319 56 11 39 0.020
844 113 8 114 0.019
902 32 9 111 0.019
686 274 13 18 0.019
818 83 9 12 0.019
819 333 18 27 0.019
26 0 14 69 0.019
139 1 11 12 0.019
488 195 12 14 0.019
11 21 11 83 0.019
740 73 13 14 0.019
721 94 11 14 0.019
452 264 15 18 0.019
826 130 32 98 0.018
463 13 14 18 0.018
156 298 17 47 0.018
957 35 12 25 0.018
526 6 13 25 0.018
505 87 10 28 0.018
692 65 13 116 0.018
233 15 12 20 0.018
63 116 8 118 0.018
941 2 15 25 0.018
420 23 9 12 0.018
336 119 11 13 0.018
493 205 13 14 0.018
361 60 46 89 0.018
14 46 10 82 0.018
302 2 10 11 0.018
883 136 13 62 0.018
838 11 11 20 0.018
677 25 12 13 0.018
334 302 14 17 0.018
647 82 13 25 0.018
638 4 36 80 0.018
530 169 11 23 0.018
177 302 15 17 0.018
371 171 11 25 0.017
84 -5 9 116 0.017
296 124 9 110 0.017
378 60 11 18 0.017
744 224 10 18 0.017
837 55 31 73 0.017
383 98 10 12 0.017
785 194 12 14 0.017
908 130 9 13 0.017
277 132 10 115 0.017
567 52 10 114 0.017
454 39 10 14 0.017
705 8 12 29 0.017
910 73 9 108 0.016
973 27 15 13 0.016
781 307 17 24 0.016
67 92 11 13 0.016
428 219 14 26 0.016
653 266 14 19 0.016
952 136 11 13 0.016
341 27 10 112 0.016
862 109 10 17 0.016
882 163 11 13 0.016
515 318 13 16 0.016
320 182 27 14 0.016
274 101 9 13 0.016
928 52 7 116 0.016
457 51 9 114 0.015
683 289 11 15 0.015
725 213 10 26 0.015
660 248 13 15 0.015
92 221 12 16 0.015
438 45 10 16 0.015
519 -2 10 9 0.015
423 288 16 16 0.015
700 189 11 110 0.015
170 60 10 110 0.015
459 -2 12 12 0.015
561 250 13 15 0.015
347 308 15 17 0.015
124 115 11 16 0.015
675 233 11 14 0.015
234 20 15 21 0.015
234 223 14 16 0.015
823 113 9 11 0.015
354 271 18 56 0.015
29 -26 9 113 0.014
399 132 10 24 0.014
314 161 14 15 0.014
918 133 14 108 0.014
274 193 12 16 0.014
589 282 13 22 0.014
714 200 17 12 0.014
946 63 8 31 0.014
759 116 9 115 0.014
339 163 16 59 0.014
225 -36 23 100 0.014
844 47 9 12 0.014
122 142 14 16 0.014
865 175 18 13 0.014
976 55 17 107 0.014
818 117 10 15 0.014
333 220 15 106 0.014
889 202 22 16 0.014
818 74 12 18 0.014
555 287 13 17 0.014
810 162 9 11 0.014
34 1 12 12 0.014
655 272 15 18 0.014
85 69 9 131 0.014
706 -31 10 111 0.014
161 -20 11 93 0.013
874 179 23 68 0.013
238 46 9 14 0.013
351 54 9 13 0.013
71 87 15 24 0.013
374 157 9 11 0.013
948 223 11 11 0.013
169 346 14 18 0.013
443 15 9 11 0.013
482 216 13 17 0.013
583 69 11 15 0.013
920 166 11 97 0.013
419 193 11 17 0.013
99 265 14 20 0.013
999 41 9 12 0.013
946 67 9 12 0.013
907 13 14 14 0.013
129 -19 14 116 0.012
320 294 17 23 0.012
520 -3 9 114 0.012
26 262 12 16 0.012
293 67 18 76 0.012
951 68 7 117 0.012
880 280 15 17 0.012
223 218 11 14 0.012
785 11 9 11 0.012
228 55 26 17 0.012
423 221 15 19 0.012
814 116 12 21 0.012
904 268 17 21 0.012
156 310 18 21 0.012
825 120 10 19 0.012
105 272 14 19 0.012
767 30 17 108 0.012
78 131 12 14 0.012
213 125 10 14 0.012
488 41 21 11 0.012
685 263 13 16 0.012
451 98 14 73 0.012
655 144 12 14 0.012
82 208 12 15 0.012
628 65 10 16 0.012
283 250 15 18 0.012
728 -35 30 96 0.012
227 330 14 21 0.012
348 3 11 10 0.012
736 40 11 18 0.012
161 2 14 114 0.011
420 51 11 115 0.011
455 101 11 32 0.011
808 125 13 21 0.011
579 193 13 15 0.011
78 323 14 19 0.011
153 307 15 23 0.011
348 40 11 16 0.011
469 179 10 13 0.011
84 339 15 19 0.011
510 100 11 23 0.011
914 21 9 77 0.011
628 129 15 34 0.011
420 200 10 15 0.011
641 37 24 14 0.011
688 5 9 11 0.011
937 6 20 15 0.011
268 -2 11 10 0.011
230 31 9 13 0.011
130 75 12 13 0.011
949 256 15 22 0.011
153 229 12 14 0.011
626 27 9 115 0.011
812 236 27 81 0.011
562 299 13 20 0.011
395 147 10 12 0.011
108 238 13 19 0.011
296 241 45 98 0.011
865 53 25 21 0.011
221 336 16 21 0.011
895 109 9 14 0.010
78 74 12 16 0.010
511 72 12 13 0.010
883 141 9 14 0.010
737 46 9 14 0.010
421 90 12 94 0.010
864 207 14 21 0.010
