36_Football_americanfootball_ball_36_6
59
24 152 14 18 0.849
939 152 14 18 0.843
407 157 15 19 0.813
611 253 15 18 0.809
354 270 14 17 0.793
477 243 39 43 0.777
653 162 12 16 0.777
596 214 14 18 0.775
566 124 13 16 0.774
399 195 14 17 0.758
355 169 15 16 0.755
300 173 14 17 0.752
614 165 12 15 0.752
252 168 13 15 0.737
994 149 14 17 0.731
493 172 13 15 0.729
801 124 41 49 0.727
442 198 22 26 0.726
124 104 36 46 0.723
378 218 12 16 0.721
647 231 13 15 0.690
536 210 30 34 0.668
493 196 14 14 0.605
574 272 13 15 0.581
252 272 15 16 0.552
969 259 14 16 0.524
449 176 14 16 0.486
777 133 32 38 0.475
864 151 29 34 0.415
1017 208 8 19 0.370
267 234 10 12 0.276
559 297 14 17 0.239
784 129 41 46 0.232
494 168 12 38 0.213
577 202 11 14 0.124
990 223 10 11 0.114
973 221 13 15 0.111
318 206 11 14 0.082
0 208 6 15 0.073
886 153 18 22 0.066
30 321 8 10 0.051
877 149 22 26 0.050
166 160 32 35 0.046
894 155 12 17 0.035
972 216 13 16 0.032
0 239 7 14 0.031
506 199 10 12 0.030
966 218 16 15 0.030
414 189 16 17 0.028
411 234 13 18 0.025
579 202 14 19 0.020
6 191 11 13 0.015
781 134 23 27 0.014
961 215 16 17 0.014
288 204 10 12 0.014
317 200 14 17 0.013
252 179 12 15 0.012
348 216 10 13 0.010
544 242 17 30 0.010
