27_Spa_Spa_27_768
48
736 317 52 81 0.858
566 250 54 75 0.847
193 331 55 82 0.833
337 268 52 75 0.809
904 338 8 11 0.210
896 320 9 15 0.107
929 323 8 10 0.087
972 344 9 11 0.082
884 337 8 11 0.080
839 346 8 12 0.074
876 366 8 10 0.063
906 319 11 12 0.054
876 313 8 10 0.050
927 319 8 23 0.044
898 321 8 11 0.041
945 382 9 11 0.041
966 308 9 11 0.037
942 383 10 14 0.029
903 336 8 18 0.027
875 309 8 25 0.024
1004 380 9 11 0.023
980 308 10 13 0.021
933 368 9 15 0.021
840 322 8 57 0.020
976 367 10 12 0.020
894 294 9 16 0.020
883 388 8 10 0.020
947 401 11 19 0.018
842 306 9 12 0.018
900 333 10 31 0.017
1002 324 10 13 0.015
926 310 8 23 0.015
718 307 7 8 0.014
853 330 10 17 0.014
868 345 9 11 0.014
954 318 11 20 0.014
895 399 8 13 0.014
898 304 9 29 0.013
940 401 13 14 0.013
959 315 11 29 0.012
843 300 12 22 0.012
866 342 9 18 0.011
929 368 12 18 0.011
942 357 12 20 0.011
936 356 13 12 0.011
979 386 10 12 0.010
884 331 8 32 0.010
931 359 9 12 0.010
