37_Soccer_Soccer_37_655
29
358 18 35 52 0.851
614 125 19 29 0.808
22 84 28 37 0.792
485 30 18 44 0.760
570 185 12 15 0.537
735 121 19 26 0.416
611 173 15 22 0.314
828 230 8 11 0.225
0 77 8 32 0.175
881 210 9 11 0.147
613 142 17 33 0.139
568 178 41 21 0.132
180 65 31 39 0.099
757 133 19 23 0.080
70 0 34 18 0.042
764 134 16 21 0.040
743 129 20 25 0.027
829 233 9 11 0.026
881 203 9 12 0.023
817 255 7 9 0.023
860 267 8 9 0.021
882 214 9 12 0.019
844 254 8 9 0.017
569 194 11 13 0.017
568 176 11 13 0.016
824 230 8 26 0.014
0 72 11 29 0.013
70 -1 20 16 0.012
827 233 8 10 0.011
