37_Soccer_soccer_ball_37_720
33
859 185 28 35 0.854
711 259 21 29 0.850
450 31 42 59 0.849
122 108 39 54 0.834
581 349 15 18 0.828
515 337 17 21 0.794
303 482 7 8 0.418
147 511 6 8 0.258
824 430 8 10 0.238
390 492 7 7 0.204
577 119 7 8 0.064
154 525 9 16 0.059
74 508 7 9 0.043
152 530 8 10 0.032
573 115 7 8 0.032
201 541 11 25 0.027
76 506 8 8 0.025
201 551 10 9 0.022
554 124 7 9 0.020
305 482 7 12 0.020
304 481 7 8 0.018
581 121 7 8 0.017
309 482 9 18 0.017
74 500 11 27 0.016
88 535 7 19 0.016
590 427 18 21 0.016
39 500 7 10 0.012
168 512 10 29 0.012
217 531 8 26 0.012
263 503 8 23 0.012
264 511 6 9 0.011
360 506 7 13 0.010
315 495 6 9 0.010
