37_Soccer_soccer_ball_37_113
43
522 157 124 162 0.835
710 82 70 96 0.791
431 167 37 43 0.711
430 102 36 45 0.708
75 120 34 42 0.594
141 187 41 43 0.562
275 169 38 45 0.515
228 241 38 45 0.452
199 35 48 58 0.451
979 132 40 52 0.407
858 50 41 50 0.264
57 185 41 47 0.196
546 35 21 27 0.094
149 203 35 45 0.080
146 248 40 45 0.073
143 223 44 52 0.071
675 95 51 69 0.070
94 198 30 37 0.070
98 118 37 41 0.059
606 40 30 35 0.059
280 187 33 39 0.048
680 99 30 37 0.042
874 87 61 78 0.040
864 69 61 69 0.035
433 88 33 43 0.035
133 192 32 39 0.033
317 142 26 34 0.031
992 132 29 40 0.030
279 160 32 38 0.025
287 179 34 43 0.023
146 171 35 41 0.018
307 150 28 34 0.018
199 56 39 47 0.017
667 69 22 26 0.016
75 188 49 43 0.013
63 207 31 35 0.013
80 109 45 43 0.013
977 150 29 38 0.013
660 67 34 37 0.012
964 122 42 53 0.012
233 231 32 39 0.012
47 183 37 44 0.012
917 102 70 77 0.010
