37_Soccer_soccer_ball_37_114
26
240 260 29 35 0.886
506 348 31 39 0.880
263 363 34 41 0.880
385 353 32 38 0.876
758 365 33 40 0.871
365 162 28 35 0.870
125 150 28 33 0.868
891 254 31 38 0.865
684 260 27 33 0.865
643 357 34 39 0.865
412 245 29 32 0.865
832 163 29 31 0.865
739 159 31 35 0.865
610 158 29 34 0.865
500 234 30 34 0.864
326 245 31 35 0.863
292 165 27 33 0.861
603 277 29 32 0.861
676 158 27 30 0.860
137 368 34 42 0.854
443 155 26 30 0.853
774 256 29 32 0.849
161 260 28 34 0.845
521 155 27 29 0.844
73 255 29 33 0.841
218 178 28 32 0.839
