37_Soccer_soccer_ball_37_907
90
190 274 37 48 0.861
257 74 35 45 0.855
674 89 38 47 0.854
424 112 35 44 0.850
124 177 40 51 0.840
167 52 35 44 0.840
44 60 34 48 0.837
541 83 39 50 0.833
14 296 34 45 0.818
912 172 41 46 0.814
23 186 40 52 0.810
1001 79 24 41 0.784
333 114 34 38 0.776
150 307 31 41 0.755
918 68 29 45 0.753
312 283 31 42 0.508
724 0 28 28 0.495
777 323 34 46 0.416
897 284 28 34 0.291
348 0 29 13 0.281
883 0 24 17 0.176
262 0 27 20 0.168
541 446 21 24 0.133
441 480 21 22 0.125
1002 362 17 24 0.123
320 533 21 23 0.100
991 439 18 20 0.092
135 216 26 32 0.085
660 444 19 22 0.075
65 0 33 13 0.069
382 473 19 23 0.069
828 279 26 35 0.068
354 476 18 20 0.066
383 538 20 23 0.061
351 535 22 22 0.052
568 441 20 24 0.050
717 444 20 23 0.049
355 507 20 24 0.048
490 478 27 28 0.048
0 162 7 38 0.043
989 7 20 24 0.040
389 441 18 22 0.035
1013 325 12 35 0.035
1014 287 10 53 0.032
1013 293 12 25 0.032
426 0 24 17 0.030
0 303 11 33 0.027
266 115 22 26 0.027
574 511 20 23 0.027
355 466 19 61 0.026
86 0 32 12 0.025
0 435 13 42 0.023
684 441 21 25 0.023
362 0 21 14 0.023
352 473 41 25 0.022
0 165 13 34 0.021
862 0 26 19 0.020
358 535 44 25 0.020
349 289 28 33 0.019
877 284 30 34 0.019
376 477 20 22 0.019
200 445 28 36 0.019
332 432 21 26 0.018
291 1 29 15 0.018
324 526 21 26 0.018
159 1 33 23 0.017
723 356 24 29 0.017
435 405 20 24 0.017
75 0 35 10 0.015
476 426 26 31 0.015
361 442 20 23 0.015
994 430 19 27 0.015
776 391 21 28 0.015
307 555 21 24 0.015
430 517 21 18 0.014
420 442 22 25 0.014
467 295 23 30 0.014
656 85 21 29 0.014
345 225 27 25 0.014
62 -2 24 14 0.013
964 441 17 21 0.013
155 4 29 31 0.012
1007 524 16 28 0.012
771 460 22 31 0.012
893 542 19 22 0.012
1010 471 14 18 0.012
362 440 32 23 0.012
248 182 39 38 0.011
1009 0 16 17 0.011
974 549 17 19 0.011
