37_Soccer_soccer_ball_37_692
135
658 261 10 14 0.763
78 270 12 16 0.725
619 261 10 13 0.656
460 265 10 12 0.593
576 263 12 14 0.501
459 209 7 9 0.325
572 258 10 13 0.322
73 251 11 15 0.301
83 93 8 10 0.277
861 88 6 7 0.217
55 102 7 9 0.180
187 109 6 7 0.134
124 153 6 8 0.119
858 147 6 7 0.118
718 96 7 9 0.115
106 94 9 11 0.111
569 256 10 13 0.101
884 186 8 9 0.100
823 95 7 7 0.091
1009 86 9 11 0.087
1003 53 7 9 0.085
620 264 10 14 0.077
153 105 5 8 0.076
381 102 7 8 0.075
232 183 7 8 0.074
0 67 5 9 0.074
108 141 7 10 0.073
0 81 7 20 0.067
578 260 11 13 0.065
741 88 7 9 0.064
118 150 8 9 0.062
296 210 6 7 0.061
822 92 12 11 0.059
1003 49 6 19 0.058
936 66 6 8 0.058
56 94 7 20 0.058
828 90 13 13 0.057
447 235 7 8 0.052
805 145 6 8 0.052
574 256 10 10 0.050
82 88 8 10 0.050
26 111 6 9 0.049
626 280 9 12 0.047
29 63 7 9 0.047
982 156 6 9 0.047
871 54 8 9 0.046
73 246 13 16 0.042
986 93 8 14 0.042
937 64 7 12 0.042
795 135 7 9 0.040
108 134 7 21 0.039
832 94 8 8 0.039
936 54 6 9 0.037
151 100 7 18 0.036
153 107 7 7 0.036
449 112 8 10 0.031
256 377 13 21 0.030
577 248 58 43 0.030
806 147 6 8 0.028
25 94 11 14 0.028
757 70 7 22 0.027
25 95 8 27 0.027
140 115 7 8 0.027
43 112 8 9 0.026
817 67 11 29 0.026
721 72 6 20 0.026
786 83 8 24 0.025
868 49 9 21 0.025
103 119 8 11 0.025
463 265 11 13 0.025
721 78 6 8 0.025
815 93 22 9 0.025
796 95 9 9 0.025
691 139 8 9 0.024
129 90 9 11 0.024
811 59 8 28 0.024
52 107 9 7 0.022
883 192 8 10 0.022
980 158 7 9 0.021
981 85 10 25 0.021
825 92 21 9 0.021
936 50 7 8 0.021
676 153 7 10 0.020
155 88 9 10 0.020
980 153 7 9 0.020
608 71 8 11 0.019
291 232 6 7 0.019
235 185 6 7 0.019
424 121 7 8 0.018
426 103 8 8 0.018
984 83 12 29 0.018
590 69 8 11 0.018
526 74 6 8 0.017
551 77 7 7 0.017
712 143 8 11 0.017
675 144 8 10 0.017
1002 48 9 31 0.017
678 139 9 9 0.017
48 94 12 28 0.016
782 60 11 26 0.015
454 206 9 19 0.015
766 140 8 8 0.015
126 150 10 10 0.015
798 134 12 25 0.015
718 79 8 40 0.015
189 111 7 8 0.014
871 50 7 10 0.014
936 48 7 28 0.014
694 148 8 9 0.014
833 70 12 31 0.014
541 88 7 8 0.014
44 47 9 19 0.014
382 97 8 14 0.013
749 151 8 10 0.013
532 186 6 7 0.013
731 109 8 10 0.013
852 77 16 28 0.013
823 154 8 9 0.013
456 261 11 13 0.013
18 88 11 22 0.012
232 181 7 7 0.012
468 232 8 10 0.012
786 94 8 9 0.012
58 87 12 26 0.012
0 93 10 24 0.012
825 150 8 9 0.012
449 99 8 25 0.012
18 109 10 14 0.011
147 87 12 19 0.011
854 59 12 27 0.011
875 54 7 9 0.011
0 57 5 19 0.011
833 51 11 24 0.011
783 148 9 8 0.011
1003 79 14 30 0.011
