37_Soccer_soccer_ball_37_583
506
562 103 41 52 0.878
668 88 39 53 0.862
796 251 44 55 0.859
666 254 47 54 0.854
795 99 41 52 0.851
405 80 43 57 0.851
272 97 39 51 0.844
526 273 43 53 0.843
182 71 48 62 0.836
415 265 43 55 0.831
285 286 45 59 0.824
237 61 6 9 0.545
121 96 7 10 0.524
133 88 7 8 0.504
18 36 6 8 0.486
334 9 6 10 0.486
140 99 7 10 0.482
331 40 6 8 0.468
379 60 7 9 0.453
14 103 7 10 0.449
350 78 7 9 0.423
400 4 7 7 0.421
866 140 7 9 0.410
312 89 8 9 0.403
135 24 8 9 0.382
390 83 5 8 0.380
159 23 5 8 0.376
310 70 6 7 0.364
138 45 8 10 0.357
303 18 7 9 0.355
155 62 6 8 0.347
370 83 7 8 0.333
173 4 7 8 0.327
97 49 8 9 0.327
130 6 7 9 0.318
396 62 7 8 0.318
353 10 6 8 0.314
363 68 7 9 0.312
597 61 6 9 0.310
329 80 7 9 0.304
48 93 8 9 0.299
657 66 5 7 0.293
322 62 6 7 0.291
683 50 6 9 0.289
81 46 7 9 0.289
147 6 7 10 0.289
159 38 7 9 0.286
539 64 6 9 0.280
110 56 8 9 0.279
300 83 19 24 0.275
539 93 6 8 0.273
97 96 7 10 0.271
309 47 6 8 0.271
657 2 6 8 0.268
146 119 9 11 0.266
411 43 6 9 0.266
4 74 8 10 0.258
74 23 7 9 0.256
368 28 7 9 0.254
357 88 8 10 0.254
570 4 5 7 0.252
25 79 9 10 0.244
765 118 7 8 0.243
436 27 8 10 0.241
156 86 7 8 0.239
354 43 7 10 0.223
346 32 6 8 0.223
544 40 6 16 0.223
121 36 7 10 0.222
158 21 7 14 0.222
234 59 10 14 0.220
80 65 8 10 0.214
324 32 6 8 0.213
159 35 6 9 0.210
296 55 6 9 0.204
474 3 6 7 0.195
128 58 8 10 0.195
368 1 6 7 0.187
0 34 7 11 0.187
22 80 8 10 0.186
111 18 6 9 0.184
262 28 8 9 0.182
99 30 7 9 0.182
390 76 6 19 0.171
436 64 7 8 0.170
616 68 6 8 0.170
60 35 7 10 0.169
567 23 6 8 0.168
61 34 8 12 0.165
35 46 8 10 0.165
536 2 7 8 0.165
619 90 9 10 0.160
622 92 7 9 0.157
739 73 6 8 0.153
458 30 8 16 0.148
4 69 8 23 0.148
50 90 8 13 0.148
681 4 6 9 0.147
545 45 6 8 0.147
568 21 6 14 0.145
0 34 6 19 0.143
701 55 7 9 0.141
365 70 7 9 0.138
322 23 6 19 0.134
401 21 9 11 0.134
629 52 7 14 0.133
463 22 10 11 0.133
747 104 7 9 0.132
352 38 8 21 0.132
166 46 7 14 0.132
142 84 6 40 0.132
5 4 9 10 0.130
556 63 6 10 0.129
92 99 9 10 0.127
464 39 7 9 0.126
660 57 6 8 0.125
547 87 7 10 0.125
404 21 7 9 0.124
117 3 8 9 0.119
282 14 7 12 0.118
467 17 8 18 0.117
174 4 13 9 0.117
366 19 8 19 0.116
289 36 7 10 0.116
44 74 9 11 0.116
548 90 7 9 0.114
180 5 9 8 0.112
766 58 5 7 0.112
520 66 6 9 0.111
543 37 12 24 0.110
539 59 7 18 0.109
83 2 7 8 0.107
556 2 6 8 0.106
394 27 8 10 0.105
346 25 7 20 0.104
616 89 10 13 0.102
316 108 8 12 0.101
166 51 7 10 0.099
391 89 7 19 0.099
393 101 5 8 0.096
75 17 7 28 0.094
330 70 7 23 0.092
157 35 14 14 0.092
667 29 5 20 0.092
513 25 10 19 0.090
76 24 6 10 0.090
273 4 7 8 0.090
392 96 8 10 0.088
472 4 8 9 0.087
291 33 7 18 0.086
637 65 7 9 0.086
247 79 7 9 0.085
667 34 6 10 0.083
609 91 7 10 0.082
593 4 6 20 0.080
187 5 6 8 0.078
350 46 10 23 0.078
874 97 5 12 0.078
461 59 6 8 0.077
569 57 6 8 0.076
657 0 11 10 0.076
305 1 9 7 0.075
535 -4 8 24 0.075
497 27 12 17 0.075
90 91 9 12 0.073
39 75 11 17 0.073
383 9 7 28 0.072
354 91 8 13 0.072
8 0 9 19 0.072
301 0 9 7 0.071
232 1 6 9 0.070
194 37 8 10 0.070
7 88 14 22 0.070
467 22 7 9 0.070
597 0 7 8 0.070
324 81 14 8 0.069
681 0 7 20 0.069
766 110 6 19 0.069
388 20 9 25 0.068
38 49 9 9 0.068
443 2 7 7 0.067
382 3 10 24 0.066
121 -2 16 24 0.065
567 49 7 24 0.065
65 64 11 21 0.065
601 1 11 8 0.064
68 90 8 17 0.064
572 68 8 16 0.064
514 30 9 9 0.064
388 28 13 10 0.061
537 92 10 13 0.061
100 93 9 10 0.061
513 3 7 7 0.060
138 34 8 25 0.059
66 69 8 14 0.056
326 62 7 29 0.056
611 111 8 11 0.056
699 29 9 20 0.056
109 10 7 23 0.055
444 0 7 25 0.054
426 7 7 15 0.052
686 27 5 21 0.052
109 0 8 28 0.052
248 71 8 10 0.052
380 47 7 15 0.051
379 41 7 13 0.051
67 72 7 28 0.051
124 6 13 10 0.051
713 43 6 15 0.050
27 0 11 8 0.049
660 52 6 18 0.049
455 37 9 9 0.048
179 27 7 9 0.048
32 0 7 8 0.047
531 65 17 8 0.047
294 2 11 27 0.046
534 2 7 7 0.045
29 85 10 23 0.045
872 95 7 21 0.045
251 0 6 7 0.045
33 92 8 14 0.045
726 104 6 14 0.045
866 133 7 19 0.044
574 75 8 10 0.044
608 88 9 14 0.044
273 -3 9 24 0.043
702 45 8 27 0.043
917 80 6 8 0.043
321 30 7 10 0.043
629 39 8 31 0.043
755 91 7 13 0.042
33 102 8 23 0.041
178 39 11 11 0.041
829 28 7 23 0.040
588 3 11 31 0.040
246 67 9 20 0.040
498 16 12 8 0.040
495 32 18 8 0.040
193 32 9 17 0.040
323 75 14 23 0.040
315 31 9 21 0.039
514 93 11 14 0.039
18 13 7 55 0.039
500 8 7 23 0.039
31 113 8 10 0.039
62 34 11 28 0.038
387 48 7 83 0.038
847 126 9 10 0.038
275 50 9 25 0.038
352 79 16 17 0.038
28 -3 11 18 0.037
414 44 7 9 0.037
248 82 7 9 0.036
612 108 9 17 0.036
159 84 7 9 0.036
127 7 24 9 0.036
55 16 8 24 0.035
916 72 7 23 0.035
518 2 8 29 0.035
632 59 12 25 0.035
35 40 13 23 0.035
623 90 8 9 0.034
280 62 12 8 0.034
294 40 13 29 0.034
226 81 9 16 0.034
283 1 8 9 0.033
763 97 6 16 0.033
517 99 7 8 0.033
302 1 17 6 0.033
938 102 6 7 0.033
623 82 10 24 0.032
906 96 7 10 0.032
37 71 15 24 0.032
850 102 6 8 0.032
13 0 13 8 0.032
707 1 9 6 0.032
353 0 14 26 0.032
366 1 9 10 0.031
473 1 7 7 0.031
520 6 12 30 0.031
586 22 11 30 0.031
176 24 11 26 0.031
626 1 11 8 0.031
251 -1 11 10 0.031
527 57 17 25 0.031
280 58 13 18 0.031
182 3 8 9 0.031
12 77 15 64 0.030
516 96 8 9 0.030
100 1 12 9 0.030
570 1 6 7 0.030
156 0 9 9 0.029
961 102 6 8 0.029
655 27 5 41 0.029
592 9 8 10 0.029
539 24 9 31 0.029
665 30 10 32 0.028
87 0 16 10 0.028
757 94 7 8 0.028
616 34 10 31 0.028
544 29 13 40 0.028
737 60 7 21 0.028
392 0 8 10 0.028
599 48 13 29 0.028
297 75 6 7 0.028
400 38 14 36 0.027
729 89 14 24 0.027
389 81 18 57 0.027
524 38 10 19 0.027
890 103 6 8 0.027
762 118 9 11 0.027
229 83 6 9 0.027
81 102 11 11 0.027
197 36 8 10 0.027
67 98 10 12 0.027
549 50 14 30 0.027
367 -5 15 27 0.027
33 45 19 12 0.026
618 27 5 45 0.026
458 96 5 7 0.026
311 52 10 30 0.026
812 31 6 16 0.026
596 1 21 6 0.026
370 57 10 32 0.025
314 191 11 14 0.025
937 96 9 15 0.025
746 48 6 10 0.025
285 47 20 28 0.025
890 97 6 24 0.025
198 44 8 14 0.025
336 55 11 21 0.024
569 0 9 11 0.024
443 5 8 10 0.024
754 35 7 9 0.024
429 11 10 28 0.024
166 65 7 18 0.024
159 78 9 18 0.024
5 2 19 15 0.024
446 10 16 29 0.023
889 91 9 28 0.023
811 24 7 29 0.023
491 39 9 27 0.023
277 56 29 10 0.023
568 4 7 9 0.023
321 2 12 7 0.023
850 124 8 11 0.023
433 59 20 18 0.022
571 9 17 29 0.022
287 30 12 31 0.022
222 166 6 10 0.022
732 82 8 28 0.021
55 31 13 30 0.021
593 -1 5 40 0.021
82 4 14 11 0.021
525 0 15 27 0.021
602 27 10 30 0.021
109 60 8 9 0.021
714 105 7 12 0.021
566 58 13 28 0.020
66 4 9 10 0.020
230 4 8 10 0.020
50 64 18 25 0.020
966 75 9 30 0.020
917 71 9 26 0.020
494 13 6 15 0.020
652 33 13 30 0.020
410 47 9 11 0.020
331 3 8 9 0.020
0 18 9 21 0.020
953 124 8 8 0.020
180 32 7 28 0.020
641 47 15 31 0.019
667 21 4 47 0.019
314 112 8 13 0.019
85 -1 14 28 0.019
616 82 14 37 0.019
89 11 14 30 0.019
64 25 6 45 0.019
753 29 8 21 0.019
718 98 13 24 0.019
517 83 7 27 0.019
475 94 6 13 0.019
804 78 10 17 0.018
292 75 14 12 0.018
752 89 14 24 0.018
64 1 13 28 0.018
63 50 11 30 0.018
475 97 6 7 0.018
644 22 12 31 0.018
19 13 8 19 0.018
296 26 6 54 0.017
79 -4 15 31 0.017
492 66 10 21 0.017
742 90 15 29 0.017
327 52 5 49 0.017
272 61 10 11 0.017
549 11 18 29 0.017
428 1 8 9 0.017
538 11 11 31 0.017
311 42 4 50 0.017
712 107 24 8 0.017
669 9 7 31 0.017
489 20 15 30 0.017
362 112 10 17 0.017
691 61 7 14 0.017
938 100 9 7 0.016
461 21 10 32 0.016
354 1 8 12 0.016
588 13 6 48 0.016
691 22 15 30 0.016
190 4 8 8 0.016
270 10 13 30 0.016
248 0 20 6 0.016
648 13 5 48 0.016
238 37 7 14 0.016
626 21 12 31 0.016
107 0 18 18 0.015
600 35 12 32 0.015
832 94 8 10 0.015
705 -4 9 23 0.015
71 88 15 25 0.015
167 57 6 34 0.015
238 48 7 11 0.015
553 23 10 31 0.015
753 34 17 9 0.015
497 36 13 28 0.014
630 25 6 57 0.014
155 101 12 24 0.014
511 8 15 31 0.014
0 45 12 29 0.014
95 1 26 7 0.014
689 60 12 20 0.014
491 5 11 27 0.014
786 112 6 22 0.014
382 3 17 8 0.014
953 101 6 8 0.014
716 49 8 28 0.014
393 118 8 11 0.014
307 -1 11 29 0.014
132 112 13 11 0.014
291 23 6 48 0.013
834 83 8 30 0.013
159 109 7 11 0.013
629 12 7 51 0.013
952 95 8 22 0.013
349 30 10 111 0.013
820 31 12 30 0.013
639 95 9 21 0.013
739 15 7 17 0.013
179 50 11 16 0.013
696 13 8 30 0.013
50 100 9 15 0.013
367 12 18 31 0.013
226 117 9 13 0.013
579 22 14 31 0.012
77 82 15 21 0.012
822 25 14 30 0.012
539 3 7 48 0.012
517 -4 10 42 0.012
336 100 11 22 0.012
683 38 19 31 0.012
278 0 17 29 0.012
314 35 9 116 0.012
459 95 6 8 0.012
315 85 12 28 0.012
258 115 12 19 0.012
891 82 5 43 0.012
345 97 12 22 0.012
561 37 16 31 0.012
29 -13 9 38 0.012
350 71 30 33 0.012
242 40 15 25 0.011
836 99 8 17 0.011
714 86 6 31 0.011
714 41 6 10 0.011
573 0 20 30 0.011
456 93 9 13 0.011
712 36 8 19 0.011
238 40 6 17 0.011
3 31 15 91 0.011
34 116 9 10 0.011
604 6 15 32 0.011
746 79 8 51 0.011
462 9 10 53 0.011
35 100 11 26 0.011
757 100 18 31 0.011
316 112 11 11 0.011
271 40 11 28 0.011
764 90 6 29 0.011
613 8 15 32 0.011
29 46 12 29 0.011
146 123 9 10 0.011
742 45 8 24 0.011
251 -13 7 36 0.011
533 74 12 28 0.011
371 40 13 58 0.010
711 91 12 23 0.010
126 85 18 29 0.010
735 73 6 45 0.010
53 7 11 39 0.010
541 12 8 56 0.010
65 37 7 54 0.010
968 76 15 28 0.010
506 91 10 19 0.010
118 82 31 39 0.010
243 18 13 17 0.010
