37_Soccer_soccer_ball_37_281
90
780 560 6 6 0.273
545 304 6 7 0.246
271 537 6 7 0.244
216 514 5 7 0.236
822 497 5 6 0.198
729 530 5 6 0.192
607 535 5 6 0.183
558 553 6 7 0.081
271 650 7 8 0.077
5 522 7 9 0.075
329 305 6 8 0.066
8 481 8 10 0.064
557 556 6 8 0.063
522 331 5 6 0.055
198 315 6 8 0.054
69 477 6 9 0.049
231 292 6 8 0.043
780 559 7 9 0.038
273 651 7 8 0.035
333 613 7 9 0.035
641 476 5 7 0.035
825 497 4 6 0.034
336 617 7 8 0.032
335 614 6 9 0.029
204 582 6 8 0.029
68 466 7 24 0.028
136 547 8 18 0.027
153 560 10 18 0.027
8 473 11 27 0.027
170 550 7 9 0.026
422 658 7 9 0.025
156 565 8 12 0.024
6 464 7 28 0.023
222 545 7 19 0.022
142 478 6 6 0.022
779 565 7 8 0.022
63 463 10 12 0.022
274 537 5 7 0.022
333 609 7 9 0.021
89 479 6 15 0.021
339 667 7 9 0.021
50 462 13 12 0.021
216 561 8 24 0.020
606 537 6 7 0.019
169 542 10 24 0.019
604 534 5 8 0.018
424 660 8 13 0.018
204 281 7 8 0.018
0 400 6 11 0.018
729 528 7 9 0.018
765 576 5 8 0.017
237 566 7 24 0.017
70 519 8 9 0.017
89 480 9 21 0.017
552 561 6 8 0.016
90 483 6 8 0.016
72 515 8 18 0.016
777 559 6 7 0.016
272 652 6 8 0.016
223 550 7 11 0.015
136 553 6 9 0.015
566 327 6 10 0.015
379 334 6 8 0.014
377 338 7 7 0.014
232 580 9 11 0.014
822 501 5 7 0.013
201 578 8 18 0.013
50 502 10 17 0.013
196 539 10 29 0.012
568 567 7 7 0.012
331 308 10 9 0.012
11 497 12 17 0.012
417 654 9 10 0.012
13 500 8 10 0.012
553 564 7 8 0.012
13 454 13 25 0.011
50 458 15 26 0.011
243 573 9 7 0.011
95 502 11 25 0.011
244 566 8 19 0.011
135 503 6 19 0.011
543 303 9 9 0.011
823 497 5 18 0.011
133 499 10 28 0.011
658 250 6 8 0.011
347 629 10 9 0.010
69 465 14 29 0.010
253 571 14 17 0.010
217 354 6 8 0.010
192 520 8 8 0.010
