37_Soccer_Soccer_37_651
28
904 295 29 39 0.859
103 227 35 40 0.827
494 308 30 40 0.826
2 212 27 43 0.769
302 218 28 39 0.670
1006 1 17 17 0.521
738 24 14 15 0.382
1013 329 11 33 0.365
1011 144 13 21 0.266
979 45 16 19 0.259
585 180 16 19 0.198
260 216 24 37 0.170
674 129 16 16 0.082
534 198 12 15 0.051
546 10 14 15 0.047
1008 6 16 21 0.035
649 97 18 20 0.033
1012 123 12 26 0.032
601 88 14 18 0.029
490 0 15 11 0.027
1014 120 10 18 0.023
740 0 14 10 0.019
974 93 16 17 0.016
850 132 9 10 0.014
661 159 15 19 0.014
736 11 15 23 0.013
38 74 12 12 0.013
521 0 12 7 0.010
