54_Rescue_rescuepeople_54_581
212
906 371 10 12 0.787
317 340 10 12 0.778
538 317 10 14 0.775
690 373 10 13 0.774
691 192 10 13 0.768
842 369 10 13 0.753
537 369 10 12 0.750
323 199 8 10 0.745
98 360 9 11 0.745
804 194 9 11 0.744
435 183 9 11 0.735
625 188 9 11 0.725
1012 373 11 13 0.723
262 331 10 13 0.723
885 311 12 14 0.721
963 308 10 13 0.721
91 337 11 13 0.720
642 366 10 13 0.715
507 182 9 11 0.711
653 199 9 11 0.711
193 184 9 11 0.708
359 343 10 12 0.704
287 191 10 11 0.695
481 317 11 13 0.695
595 354 11 14 0.690
235 195 8 12 0.682
404 180 9 10 0.682
815 367 10 12 0.682
747 199 10 11 0.681
211 330 12 14 0.679
937 197 9 13 0.677
167 353 10 14 0.675
852 182 9 12 0.673
57 349 10 12 0.671
959 196 9 11 0.661
918 316 10 12 0.661
107 194 9 12 0.661
0 334 10 14 0.660
875 378 10 12 0.659
972 422 12 14 0.658
235 352 9 12 0.645
384 189 9 11 0.644
742 372 9 12 0.644
791 364 10 12 0.640
815 181 9 12 0.638
883 195 9 12 0.632
420 331 12 14 0.630
210 202 8 10 0.626
304 191 8 11 0.615
480 354 10 13 0.605
903 208 8 11 0.558
362 361 10 11 0.547
371 354 13 14 0.536
997 368 10 12 0.532
975 201 9 11 0.513
427 206 8 11 0.510
480 179 9 10 0.504
999 369 12 14 0.496
673 200 7 9 0.484
472 197 8 10 0.447
110 221 8 10 0.436
453 192 9 11 0.425
886 354 11 12 0.418
540 337 10 13 0.410
912 199 9 11 0.408
1015 312 9 13 0.402
546 180 10 11 0.399
35 185 9 10 0.388
700 354 10 13 0.382
250 186 9 11 0.365
531 428 11 13 0.354
10 191 8 8 0.347
820 364 11 12 0.324
827 360 8 11 0.319
117 387 8 10 0.316
243 335 9 12 0.306
971 193 9 15 0.299
412 353 9 12 0.274
970 188 8 9 0.258
546 435 12 12 0.255
921 207 8 10 0.220
910 202 12 12 0.217
362 357 26 12 0.203
620 363 9 12 0.198
867 335 9 12 0.197
598 355 12 15 0.192
333 356 9 12 0.191
1001 371 24 13 0.181
804 181 12 35 0.168
475 177 8 29 0.148
948 196 14 13 0.139
413 346 11 23 0.125
365 227 7 9 0.124
970 187 8 17 0.123
96 317 8 76 0.117
636 364 13 13 0.114
394 357 11 13 0.112
3 334 11 13 0.111
529 387 9 13 0.109
241 188 17 13 0.108
765 350 10 13 0.104
848 191 9 12 0.102
879 312 41 14 0.101
593 239 9 12 0.100
440 328 12 14 0.083
743 360 10 14 0.077
628 314 11 13 0.074
400 354 15 14 0.074
977 370 10 13 0.073
7 192 8 10 0.072
652 181 10 45 0.071
767 343 9 12 0.068
696 354 11 13 0.067
201 328 12 14 0.066
763 355 11 11 0.064
457 331 9 11 0.063
390 361 9 12 0.063
844 192 9 11 0.053
950 188 39 27 0.053
914 202 17 12 0.053
253 186 8 10 0.051
354 358 14 13 0.051
408 333 9 11 0.051
357 338 27 42 0.048
967 188 9 10 0.045
451 335 10 12 0.043
398 353 10 13 0.042
106 358 13 46 0.041
703 357 10 13 0.040
1011 373 10 30 0.040
438 326 11 13 0.038
209 328 12 14 0.038
483 357 11 12 0.037
6 336 11 13 0.037
1005 399 11 12 0.036
390 318 9 12 0.036
940 197 29 12 0.036
432 148 8 92 0.035
297 192 10 12 0.035
110 224 9 11 0.034
446 329 18 16 0.034
632 314 10 12 0.033
707 182 13 13 0.032
396 176 10 10 0.032
403 256 8 11 0.029
410 357 9 11 0.029
2 186 8 12 0.028
707 355 9 12 0.028
472 155 14 84 0.027
508 422 9 12 0.026
442 323 14 32 0.026
713 181 8 12 0.026
455 334 9 12 0.026
410 207 9 10 0.025
684 215 9 11 0.025
196 181 9 11 0.025
481 176 7 10 0.023
789 360 10 13 0.023
801 195 10 12 0.022
964 311 10 13 0.022
453 188 9 11 0.021
405 205 10 12 0.021
568 197 10 13 0.020
421 326 12 16 0.019
905 314 22 14 0.018
555 434 11 13 0.018
699 186 14 13 0.018
540 434 13 13 0.018
682 209 9 12 0.018
484 179 10 11 0.018
564 197 10 12 0.017
883 354 10 13 0.017
365 230 7 9 0.017
766 339 11 12 0.017
265 332 12 13 0.017
193 360 10 11 0.016
838 369 10 14 0.016
553 421 12 16 0.016
895 335 10 12 0.015
765 326 12 62 0.015
937 193 9 12 0.015
812 370 11 12 0.015
961 185 11 13 0.015
550 439 11 12 0.015
486 379 13 14 0.015
300 191 10 11 0.015
374 231 8 9 0.015
951 154 23 93 0.014
452 357 9 13 0.014
805 197 10 12 0.014
626 315 9 13 0.014
737 375 9 12 0.013
970 426 12 13 0.013
199 328 9 12 0.013
86 355 10 12 0.012
1012 309 9 11 0.012
459 329 8 11 0.012
875 382 10 12 0.012
531 434 10 11 0.012
270 352 10 13 0.011
385 314 11 13 0.011
914 318 12 13 0.011
747 369 13 14 0.011
446 327 11 13 0.011
557 189 18 19 0.011
206 203 8 11 0.011
478 197 9 10 0.011
569 202 12 11 0.011
442 332 12 14 0.011
39 223 9 13 0.010
528 361 11 80 0.010
746 194 9 11 0.010
