54_Rescue_firemanrescue_54_939
36
157 107 77 108 0.866
66 581 16 27 0.694
472 619 10 12 0.654
580 598 13 16 0.639
438 632 9 12 0.521
123 573 23 28 0.259
345 611 10 13 0.172
488 636 10 13 0.145
905 525 11 14 0.088
419 657 9 11 0.086
927 563 13 15 0.043
899 526 12 15 0.036
712 643 10 13 0.030
344 610 10 23 0.030
382 632 9 12 0.027
668 4 7 9 0.025
59 587 19 25 0.025
899 533 10 11 0.021
384 628 11 13 0.021
709 640 9 12 0.020
420 653 11 19 0.020
382 626 13 23 0.019
912 526 11 13 0.017
707 601 11 12 0.016
894 528 11 12 0.015
118 562 23 33 0.015
487 641 13 15 0.015
714 648 10 10 0.015
595 602 10 13 0.014
741 668 8 10 0.014
709 648 9 10 0.013
397 624 12 13 0.013
351 606 12 15 0.012
480 638 13 14 0.012
71 579 14 22 0.012
348 609 11 14 0.011
