54_Rescue_rescuepeople_54_159
78
886 30 30 36 0.763
635 116 19 23 0.723
352 117 20 27 0.723
419 228 21 24 0.699
809 38 17 22 0.688
299 207 19 25 0.663
713 86 21 25 0.654
519 181 19 25 0.654
688 112 27 31 0.652
812 61 19 24 0.586
793 79 20 25 0.584
592 97 20 24 0.563
630 177 31 40 0.517
781 34 17 21 0.515
799 105 25 30 0.328
751 54 19 24 0.313
569 86 16 20 0.301
548 173 20 26 0.292
907 8 18 23 0.288
775 103 19 23 0.231
742 95 21 24 0.222
527 89 19 21 0.204
651 117 20 24 0.186
744 83 20 31 0.173
805 14 16 18 0.161
750 138 30 34 0.155
847 13 18 20 0.151
733 21 14 18 0.145
795 71 25 79 0.096
801 13 32 19 0.071
756 108 35 49 0.067
848 18 18 24 0.051
681 116 23 28 0.047
775 34 18 23 0.043
745 36 50 43 0.043
775 9 15 21 0.040
777 16 15 23 0.039
401 316 21 27 0.037
938 0 18 15 0.036
487 429 24 26 0.035
712 20 18 23 0.034
791 91 23 26 0.034
385 245 18 24 0.028
758 134 23 28 0.027
845 7 16 18 0.027
1011 1 15 22 0.025
654 133 20 25 0.025
445 51 17 20 0.025
777 24 16 21 0.024
1008 41 16 32 0.024
484 247 21 28 0.021
626 169 23 29 0.021
479 113 19 23 0.019
655 144 21 26 0.019
307 210 16 23 0.018
621 164 21 25 0.018
652 107 18 21 0.018
873 0 18 14 0.017
858 29 18 23 0.017
1008 10 16 63 0.016
751 129 44 48 0.016
703 101 22 27 0.016
733 93 21 26 0.016
762 47 19 25 0.015
738 26 16 18 0.015
861 33 18 23 0.015
18 315 37 35 0.014
793 113 27 32 0.012
909 16 22 32 0.012
780 133 22 27 0.012
704 112 19 25 0.012
598 89 18 22 0.012
622 168 34 41 0.011
874 0 25 10 0.011
774 2 16 15 0.011
639 185 24 29 0.010
913 11 16 24 0.010
628 146 35 69 0.010
