54_Rescue_rescuepeople_54_135
65
872 482 61 71 0.856
503 0 52 69 0.822
870 213 24 39 0.729
328 47 35 46 0.703
943 216 20 38 0.670
994 229 23 28 0.551
150 179 25 35 0.522
54 561 53 57 0.497
925 367 46 64 0.380
82 106 8 9 0.324
115 377 36 56 0.307
432 368 28 44 0.211
105 181 14 24 0.146
853 160 18 27 0.139
667 530 44 94 0.107
559 501 39 50 0.096
118 110 9 9 0.090
852 200 22 30 0.081
127 108 8 9 0.077
120 108 9 10 0.061
665 513 43 73 0.061
116 111 8 9 0.059
958 456 42 56 0.058
798 288 28 44 0.045
147 203 20 26 0.040
146 187 25 37 0.039
213 361 41 57 0.035
57 209 17 21 0.034
102 225 22 30 0.032
855 168 22 25 0.031
1005 410 18 36 0.030
76 261 27 35 0.029
603 278 19 23 0.027
862 166 17 21 0.025
847 202 19 23 0.025
798 278 27 37 0.025
686 125 8 10 0.025
130 370 28 54 0.024
40 580 59 63 0.021
447 0 43 52 0.021
795 299 36 53 0.020
0 256 16 58 0.020
795 268 26 35 0.019
72 252 27 37 0.018
1013 0 8 10 0.017
858 368 25 40 0.017
-3 253 13 25 0.017
0 303 16 43 0.016
641 28 10 12 0.016
610 391 19 26 0.015
156 217 19 26 0.015
868 170 18 21 0.014
434 391 18 24 0.014
274 345 54 53 0.014
164 229 17 22 0.014
299 341 38 49 0.013
696 333 27 37 0.013
160 233 18 25 0.013
100 182 15 22 0.013
1002 238 22 26 0.012
829 392 39 58 0.012
149 213 23 35 0.012
669 572 33 71 0.012
119 105 10 11 0.011
853 187 20 26 0.010
