54_Rescue_rescuepeople_54_431
234
570 460 31 42 0.873
521 516 35 43 0.829
781 521 35 39 0.827
369 397 35 44 0.827
663 357 22 28 0.809
675 398 25 32 0.807
740 403 25 28 0.806
756 455 32 35 0.805
83 318 79 82 0.801
625 551 37 46 0.796
533 380 21 29 0.791
597 358 20 25 0.791
601 285 15 20 0.777
887 514 39 41 0.775
820 377 29 35 0.764
873 424 35 38 0.760
607 317 19 24 0.750
652 273 17 22 0.735
664 452 26 32 0.724
483 214 21 25 0.723
775 329 22 24 0.712
467 327 25 30 0.699
692 315 19 23 0.698
552 189 18 21 0.695
419 231 20 26 0.689
92 229 35 47 0.689
684 292 16 19 0.682
750 295 18 21 0.651
307 351 24 26 0.617
378 257 18 22 0.595
571 315 19 25 0.548
212 289 18 20 0.536
298 278 19 21 0.535
752 331 19 23 0.521
470 181 13 15 0.457
378 201 18 22 0.447
614 296 18 22 0.423
271 322 18 23 0.368
511 171 14 21 0.367
285 353 27 27 0.317
280 188 12 14 0.312
319 190 15 18 0.304
730 450 19 26 0.294
187 217 10 13 0.291
210 248 12 14 0.277
313 197 14 19 0.268
324 188 13 14 0.263
238 315 17 20 0.231
345 243 19 21 0.205
695 177 9 11 0.199
292 195 12 15 0.187
385 195 17 22 0.184
510 167 13 17 0.183
227 216 11 14 0.180
632 273 11 15 0.178
619 400 25 35 0.174
569 424 24 29 0.170
231 263 12 14 0.169
243 293 15 19 0.169
330 209 15 19 0.161
100 203 18 25 0.161
725 179 8 10 0.155
638 269 17 19 0.155
341 157 10 13 0.151
249 186 13 16 0.147
241 297 15 38 0.135
659 284 43 20 0.127
390 190 14 20 0.124
617 391 22 27 0.116
217 291 18 19 0.114
616 175 9 10 0.104
689 217 9 10 0.096
149 261 14 17 0.094
595 231 14 16 0.093
628 390 26 30 0.088
209 284 17 20 0.088
168 278 15 16 0.085
518 258 14 19 0.085
621 415 24 24 0.084
512 180 13 17 0.082
392 186 13 17 0.081
335 204 14 18 0.078
104 205 12 17 0.078
218 250 16 16 0.075
236 262 12 14 0.074
619 216 12 16 0.073
242 239 11 14 0.070
345 396 26 35 0.069
189 229 10 13 0.069
253 184 12 14 0.066
145 265 15 18 0.065
590 233 15 17 0.065
420 202 18 21 0.062
275 191 35 16 0.062
640 393 21 26 0.062
584 238 12 16 0.061
328 183 12 15 0.057
672 173 8 9 0.056
586 234 14 18 0.055
653 227 11 14 0.055
633 270 17 21 0.054
139 233 9 11 0.053
303 289 19 30 0.051
634 180 12 14 0.051
136 228 14 20 0.048
209 227 11 12 0.047
280 189 18 17 0.046
742 160 8 10 0.046
463 184 15 15 0.045
282 184 12 14 0.045
413 200 20 21 0.044
280 351 22 25 0.043
581 233 13 17 0.042
299 221 14 18 0.042
348 187 12 16 0.042
668 190 9 12 0.042
449 199 14 17 0.040
639 177 11 13 0.039
215 226 14 14 0.039
291 188 11 14 0.038
756 336 21 24 0.038
421 197 16 19 0.038
747 176 7 10 0.037
651 251 14 22 0.035
654 245 14 17 0.035
143 262 34 21 0.035
744 155 8 26 0.034
225 223 15 16 0.034
648 229 13 15 0.034
689 210 11 30 0.033
228 265 13 16 0.033
485 181 16 13 0.032
242 193 11 14 0.032
224 324 18 21 0.032
241 260 12 17 0.031
765 170 11 13 0.031
517 265 15 20 0.031
417 217 19 23 0.030
636 176 14 22 0.030
643 261 15 19 0.030
462 223 14 17 0.030
630 237 12 15 0.029
212 249 14 18 0.028
767 173 8 8 0.028
245 197 12 14 0.028
640 198 12 23 0.028
726 177 10 11 0.027
591 186 14 16 0.027
401 197 39 23 0.027
569 417 34 31 0.026
597 186 15 16 0.026
139 268 17 20 0.026
23 394 31 35 0.026
352 394 41 41 0.025
542 173 13 16 0.025
104 226 30 46 0.025
668 207 9 13 0.025
207 276 14 17 0.024
375 206 16 20 0.024
264 289 15 19 0.024
301 316 19 21 0.023
644 402 20 25 0.023
253 188 13 16 0.023
348 192 13 16 0.023
301 217 17 21 0.022
671 175 9 12 0.022
141 272 17 24 0.022
341 240 17 22 0.022
236 308 18 22 0.021
490 178 11 13 0.021
206 325 32 22 0.021
156 221 11 14 0.020
606 311 18 23 0.020
635 205 14 17 0.019
195 329 20 22 0.019
20 384 45 51 0.018
149 227 13 72 0.018
247 182 13 15 0.018
284 195 12 14 0.018
247 240 13 15 0.018
207 218 12 23 0.018
195 186 19 99 0.018
675 244 14 15 0.018
669 174 9 28 0.018
204 214 11 12 0.017
677 215 11 12 0.017
243 316 17 20 0.017
425 196 15 16 0.017
656 254 14 18 0.016
466 317 25 29 0.016
704 224 9 11 0.016
302 306 16 19 0.016
222 214 12 15 0.016
323 304 18 23 0.016
599 178 27 21 0.015
96 223 58 50 0.015
598 227 15 15 0.015
307 281 16 19 0.015
620 256 12 16 0.015
930 129 10 11 0.015
749 334 23 38 0.014
816 423 20 24 0.014
600 183 17 17 0.014
710 204 10 13 0.014
127 260 15 19 0.014
514 168 13 18 0.014
512 239 16 20 0.014
140 228 10 13 0.014
622 257 14 21 0.014
687 238 13 16 0.014
697 171 12 16 0.013
634 217 14 19 0.013
632 184 12 20 0.013
193 235 12 14 0.013
363 204 18 17 0.012
384 262 21 22 0.012
795 459 21 24 0.012
195 288 13 16 0.012
323 321 19 23 0.012
136 275 15 18 0.011
632 239 14 18 0.011
325 298 15 19 0.011
620 247 13 17 0.011
190 295 12 16 0.011
523 294 16 28 0.011
710 400 19 23 0.011
314 296 19 21 0.011
158 259 13 17 0.011
348 247 19 20 0.010
349 182 11 15 0.010
186 211 14 12 0.010
116 222 15 20 0.010
11 380 38 49 0.010
749 340 19 23 0.010
