43_Row_Boat_Canoe_43_325
80
989 363 16 21 0.870
797 414 19 25 0.780
187 387 15 17 0.735
691 399 17 21 0.712
321 406 12 16 0.671
421 353 10 11 0.648
916 420 16 20 0.644
545 359 9 10 0.543
375 331 9 11 0.543
467 347 9 11 0.425
595 353 8 9 0.405
158 333 10 13 0.399
314 359 9 10 0.386
384 384 12 17 0.381
451 408 12 15 0.312
145 385 13 17 0.301
601 400 12 15 0.290
569 405 12 16 0.253
496 384 12 15 0.246
384 379 11 16 0.207
656 351 9 11 0.171
901 389 13 20 0.143
253 387 14 18 0.138
226 352 8 11 0.111
448 391 11 15 0.098
129 361 11 13 0.072
680 382 13 19 0.072
383 373 11 16 0.071
788 369 10 12 0.068
250 387 12 16 0.064
438 399 12 16 0.060
454 408 14 14 0.059
405 400 13 17 0.058
184 384 14 17 0.057
497 360 13 33 0.052
440 395 12 15 0.049
134 369 10 14 0.049
499 367 12 13 0.048
488 453 15 18 0.044
688 361 8 9 0.043
493 381 12 15 0.042
604 399 14 18 0.042
905 394 13 29 0.041
446 411 11 15 0.038
657 355 10 12 0.037
261 389 14 17 0.037
387 379 13 17 0.034
683 361 12 17 0.030
372 331 9 11 0.030
375 326 9 11 0.030
681 366 13 25 0.030
402 377 16 56 0.028
450 434 12 17 0.028
321 399 13 16 0.026
405 390 12 22 0.023
267 390 14 16 0.022
317 357 10 12 0.021
386 391 11 15 0.021
136 373 12 22 0.020
375 336 11 12 0.019
192 387 16 18 0.019
129 358 10 12 0.019
567 398 12 16 0.018
698 400 16 19 0.017
145 333 27 30 0.016
653 351 9 11 0.016
401 401 12 17 0.015
677 377 12 17 0.014
426 354 9 11 0.014
322 409 18 18 0.014
133 383 10 15 0.013
594 351 11 15 0.013
496 374 13 20 0.013
440 383 10 14 0.012
154 473 13 18 0.012
256 392 15 17 0.012
474 408 10 13 0.011
796 408 17 21 0.011
499 365 10 10 0.011
609 402 16 18 0.010
