43_Row_Boat_Canoe_43_942
30
466 437 20 24 0.814
369 452 24 28 0.813
910 459 26 30 0.799
264 382 15 17 0.791
179 476 25 29 0.775
998 393 13 16 0.711
836 385 12 14 0.632
365 516 18 27 0.620
553 379 12 14 0.400
797 364 9 10 0.216
757 363 7 8 0.210
837 381 12 14 0.060
399 254 6 6 0.056
771 366 9 10 0.056
549 381 12 12 0.047
398 255 5 7 0.039
266 341 16 17 0.037
768 362 15 14 0.036
635 145 6 7 0.029
552 386 12 12 0.028
1007 390 14 16 0.027
844 370 10 17 0.022
602 147 6 7 0.021
339 379 9 11 0.020
757 359 8 8 0.020
1000 387 12 15 0.018
806 364 12 10 0.015
398 251 5 9 0.014
780 356 20 24 0.011
842 374 11 17 0.011
