43_Row_Boat_Canoe_43_458
167
885 428 12 15 0.787
818 426 12 13 0.761
746 423 9 12 0.745
848 427 10 14 0.744
709 422 9 11 0.667
729 422 10 11 0.650
686 417 8 11 0.642
791 429 10 13 0.630
611 402 8 10 0.599
639 411 7 9 0.552
509 373 8 8 0.552
541 395 7 8 0.541
623 418 9 9 0.539
490 396 6 9 0.517
661 408 9 11 0.506
377 342 6 8 0.488
507 402 6 9 0.462
580 399 7 10 0.460
524 388 6 9 0.442
453 371 7 8 0.429
555 396 8 9 0.405
525 403 8 11 0.395
653 418 11 11 0.306
292 334 5 6 0.301
477 377 7 9 0.288
178 282 7 8 0.236
504 384 6 9 0.227
358 342 6 7 0.214
581 398 7 22 0.191
626 416 11 10 0.187
614 404 9 21 0.183
677 413 17 11 0.177
211 314 7 7 0.174
649 415 10 11 0.172
365 378 6 6 0.170
274 331 6 7 0.168
414 378 8 13 0.165
319 340 7 8 0.160
20 294 6 7 0.159
406 352 5 7 0.159
573 417 9 10 0.150
399 381 7 9 0.146
287 340 7 7 0.144
571 418 7 9 0.143
453 396 11 8 0.139
410 374 8 15 0.135
472 396 11 9 0.130
379 373 13 9 0.129
711 422 14 13 0.121
437 392 11 8 0.120
198 312 6 8 0.119
597 402 8 10 0.118
604 402 12 11 0.114
695 419 24 12 0.109
462 396 8 9 0.108
428 393 7 8 0.106
486 397 21 11 0.104
459 397 16 8 0.103
448 387 8 18 0.099
319 333 7 7 0.098
273 327 5 20 0.096
246 321 5 7 0.095
315 331 8 18 0.094
792 427 41 15 0.094
357 336 8 24 0.085
514 405 12 9 0.085
19 291 7 16 0.082
611 400 9 21 0.081
771 428 11 12 0.080
318 330 9 22 0.080
403 350 6 15 0.078
311 332 7 7 0.078
429 338 6 8 0.077
509 374 13 13 0.076
375 372 14 14 0.076
46 294 6 7 0.073
453 365 7 18 0.071
376 377 9 8 0.069
400 373 11 17 0.069
476 376 7 30 0.068
377 340 7 8 0.067
246 318 7 18 0.066
592 398 14 25 0.062
708 422 26 11 0.061
14 303 10 10 0.056
580 370 7 74 0.052
331 367 10 11 0.052
426 352 8 8 0.051
407 376 13 9 0.050
273 331 5 10 0.049
429 345 7 9 0.047
330 362 7 12 0.047
445 393 14 9 0.046
10 306 9 9 0.045
207 306 12 20 0.044
603 414 12 9 0.043
562 396 9 9 0.043
394 373 11 23 0.042
418 378 16 23 0.040
446 396 22 8 0.040
481 403 8 13 0.039
416 376 7 22 0.039
186 285 8 9 0.039
427 335 8 27 0.039
527 381 5 45 0.038
184 267 8 8 0.036
599 400 14 17 0.036
435 381 16 24 0.036
423 381 10 12 0.036
249 325 8 10 0.035
363 347 9 22 0.034
485 403 8 12 0.033
427 331 6 8 0.033
531 407 8 11 0.031
356 342 8 13 0.030
428 333 6 18 0.030
334 339 9 17 0.029
193 289 7 8 0.029
211 306 7 9 0.028
317 336 8 9 0.028
386 361 9 25 0.028
822 426 13 14 0.027
331 357 8 25 0.027
409 351 9 12 0.026
17 298 8 11 0.026
517 415 7 10 0.025
185 271 7 10 0.024
310 339 13 8 0.024
400 389 7 8 0.024
331 342 14 7 0.024
177 275 8 11 0.022
592 414 10 10 0.019
368 375 19 9 0.019
593 362 32 87 0.019
688 415 8 10 0.018
282 322 12 23 0.018
5 302 9 12 0.017
181 284 8 13 0.017
816 431 13 14 0.017
834 439 12 14 0.016
460 402 10 7 0.016
241 255 6 8 0.016
395 365 17 32 0.016
200 312 8 10 0.015
327 363 13 22 0.015
216 306 7 8 0.015
24 292 8 10 0.015
180 274 8 12 0.014
417 388 8 9 0.014
341 368 10 19 0.014
420 383 19 9 0.014
335 376 10 10 0.013
596 393 9 10 0.013
488 414 9 9 0.013
429 341 8 20 0.013
408 347 6 21 0.012
371 352 12 31 0.012
245 318 12 30 0.012
511 402 23 14 0.012
479 397 10 22 0.012
366 343 8 36 0.011
422 336 7 10 0.011
334 371 11 10 0.011
304 327 23 25 0.011
18 303 8 10 0.011
256 347 11 20 0.010
476 372 7 8 0.010
