21_Festival_Festival_21_777
31
670 482 18 22 0.788
495 472 18 22 0.772
573 467 19 22 0.765
902 519 18 21 0.759
843 522 11 13 0.371
985 541 12 13 0.329
700 514 13 16 0.295
138 364 12 17 0.226
497 444 17 19 0.173
496 452 17 31 0.140
530 468 15 16 0.074
478 174 164 136 0.049
850 522 11 13 0.041
822 537 13 16 0.040
507 435 16 18 0.037
869 413 15 19 0.033
863 203 7 10 0.023
1015 281 9 14 0.021
675 467 20 21 0.018
1015 41 9 20 0.018
843 214 7 9 0.018
667 471 18 22 0.015
681 465 13 15 0.014
919 492 13 15 0.014
684 467 14 17 0.014
988 538 12 15 0.013
693 523 12 16 0.013
750 384 20 23 0.012
939 280 9 14 0.011
843 210 7 20 0.010
134 357 14 16 0.010
