21_Festival_Festival_21_797
42
638 133 107 132 0.881
83 240 52 63 0.874
416 217 53 66 0.859
501 258 51 70 0.859
312 320 55 66 0.845
95 333 53 59 0.830
834 161 40 51 0.798
778 278 53 67 0.785
292 235 50 59 0.776
172 294 43 48 0.744
661 63 39 52 0.719
41 182 25 45 0.680
283 197 34 45 0.675
183 78 31 41 0.534
199 198 36 52 0.235
961 146 18 46 0.162
772 154 24 35 0.071
599 148 47 65 0.056
44 291 31 48 0.046
963 141 15 29 0.044
603 133 71 96 0.043
649 110 82 108 0.035
594 141 44 112 0.027
752 220 18 31 0.027
400 130 27 33 0.025
588 224 38 57 0.023
166 75 36 46 0.022
194 186 56 68 0.021
778 150 24 32 0.020
175 276 40 51 0.018
653 58 63 79 0.018
389 192 31 45 0.016
928 155 24 31 0.016
188 81 37 51 0.014
359 200 58 52 0.014
753 208 18 32 0.013
347 211 56 50 0.013
280 289 45 59 0.012
738 45 24 31 0.012
159 122 35 48 0.011
957 202 20 30 0.011
773 73 19 26 0.010
