21_Festival_Festival_21_395
86
408 263 32 42 0.826
514 277 40 50 0.819
547 129 32 40 0.798
687 267 30 40 0.790
557 396 42 57 0.779
977 503 21 27 0.661
665 501 15 19 0.653
765 414 34 48 0.636
77 483 21 26 0.578
915 524 21 26 0.575
746 592 63 84 0.572
176 494 18 23 0.544
94 533 17 23 0.326
1 492 14 22 0.325
19 466 14 17 0.310
131 492 18 23 0.256
309 424 31 37 0.235
461 363 31 41 0.226
64 449 16 21 0.217
82 558 22 26 0.203
296 255 30 34 0.200
996 502 17 24 0.195
219 401 44 49 0.189
87 551 20 30 0.177
921 475 17 22 0.176
612 466 17 22 0.152
3 480 16 34 0.131
958 486 17 22 0.100
91 522 20 67 0.100
2 538 16 24 0.096
59 466 17 21 0.087
109 491 16 20 0.085
554 587 23 44 0.077
921 468 20 23 0.075
961 489 20 25 0.072
293 387 30 36 0.071
59 474 17 23 0.067
999 510 18 23 0.065
62 441 19 60 0.063
604 490 19 22 0.061
668 430 27 34 0.060
66 444 14 18 0.058
128 502 19 24 0.055
0 448 10 21 0.054
1015 457 10 39 0.053
3 581 19 27 0.048
414 583 23 27 0.047
752 435 31 42 0.044
37 449 12 16 0.042
1016 470 9 20 0.042
76 563 22 24 0.039
1014 494 11 21 0.034
14 467 16 23 0.034
1003 518 17 24 0.033
8 539 19 26 0.029
8 574 21 31 0.027
116 494 19 22 0.022
750 446 24 34 0.021
211 397 43 40 0.021
1014 458 10 22 0.019
854 454 24 28 0.017
1001 528 22 46 0.017
5 533 19 26 0.015
949 490 21 22 0.015
52 488 16 20 0.015
0 509 11 21 0.015
911 516 20 29 0.014
11 527 17 27 0.014
664 489 21 28 0.014
900 465 16 19 0.014
601 494 18 22 0.014
659 269 26 36 0.013
905 465 21 20 0.013
717 435 16 19 0.013
956 493 18 23 0.012
63 480 20 28 0.012
952 484 18 21 0.012
2 497 16 24 0.012
940 490 17 21 0.011
743 564 41 57 0.011
201 618 42 49 0.011
67 439 13 15 0.011
294 394 39 47 0.011
166 492 19 23 0.010
84 491 21 23 0.010
904 458 17 19 0.010
