21_Festival_Festival_21_331
41
744 226 59 70 0.868
352 295 45 56 0.862
60 366 38 45 0.850
152 409 86 99 0.848
265 273 30 36 0.819
662 278 44 55 0.801
163 283 18 22 0.787
988 266 36 47 0.786
304 392 36 41 0.760
520 298 30 33 0.739
462 272 10 13 0.722
237 279 26 31 0.711
0 297 16 41 0.700
877 238 31 44 0.653
141 317 24 29 0.566
640 280 24 36 0.227
496 292 20 25 0.221
576 271 8 10 0.214
478 285 11 14 0.165
957 281 22 31 0.118
487 287 16 19 0.105
641 279 18 26 0.064
497 289 17 19 0.061
484 265 10 13 0.058
498 295 36 37 0.056
483 260 10 31 0.037
496 302 27 35 0.032
119 309 13 18 0.020
929 270 15 19 0.017
492 297 23 30 0.015
558 263 9 9 0.015
924 263 22 29 0.014
864 243 32 42 0.013
90 306 13 17 0.013
125 310 19 24 0.012
555 264 9 11 0.011
891 239 27 41 0.011
5 300 23 42 0.011
511 306 35 30 0.011
968 281 29 34 0.010
562 262 10 11 0.010
