21_Festival_Festival_21_373
95
79 183 37 48 0.865
872 181 16 21 0.795
832 170 17 24 0.766
935 170 18 22 0.741
399 248 30 28 0.728
400 203 18 24 0.697
746 191 9 11 0.688
645 195 8 10 0.684
726 188 9 10 0.679
597 270 28 28 0.666
606 215 12 14 0.663
861 221 19 20 0.647
549 221 14 21 0.550
564 193 10 11 0.536
691 198 9 9 0.535
685 223 13 14 0.475
801 187 10 12 0.401
3 192 7 8 0.304
39 198 7 8 0.266
647 216 12 18 0.227
849 180 13 17 0.211
583 183 7 9 0.210
5 193 6 7 0.199
393 179 8 11 0.197
601 193 9 10 0.175
855 204 17 36 0.171
710 184 8 10 0.158
442 196 11 14 0.118
401 256 22 25 0.110
439 198 12 15 0.104
791 206 10 13 0.103
484 188 11 13 0.098
544 206 12 18 0.096
370 197 12 14 0.072
40 196 11 12 0.071
550 194 11 13 0.066
67 198 9 13 0.066
558 160 14 87 0.064
588 189 20 11 0.062
692 168 7 82 0.061
546 198 11 13 0.061
40 195 7 8 0.060
643 221 14 19 0.056
708 185 10 12 0.054
794 197 11 25 0.052
848 188 13 17 0.049
516 187 9 11 0.046
608 283 19 19 0.043
510 206 11 14 0.041
605 265 25 29 0.041
932 174 15 20 0.039
552 226 16 19 0.035
349 186 8 9 0.035
428 206 17 22 0.034
687 227 13 15 0.032
357 102 11 14 0.031
512 188 12 21 0.030
560 248 14 20 0.028
715 218 9 13 0.027
408 243 24 24 0.027
557 253 16 21 0.027
553 192 8 11 0.027
637 242 15 18 0.026
492 257 19 22 0.025
715 233 8 10 0.025
677 220 11 13 0.024
645 199 11 34 0.024
66 199 7 9 0.022
851 172 14 16 0.021
632 244 17 19 0.021
577 199 12 15 0.018
425 212 17 20 0.016
715 209 8 11 0.016
747 187 8 11 0.015
12 202 10 8 0.014
9 193 7 8 0.014
539 259 26 23 0.013
683 227 13 16 0.013
514 209 15 18 0.013
460 184 12 13 0.012
618 280 18 22 0.012
934 182 15 17 0.012
493 188 17 15 0.012
677 201 14 12 0.011
57 203 15 11 0.011
657 273 10 14 0.011
549 234 17 22 0.011
601 220 16 26 0.011
672 201 9 10 0.011
370 191 11 12 0.011
673 196 19 11 0.011
626 253 18 21 0.010
513 199 21 37 0.010
588 235 12 13 0.010
526 223 13 16 0.010
