21_Festival_Festival_21_526
393
623 631 16 19 0.611
79 599 22 26 0.543
258 677 15 19 0.458
122 627 16 25 0.445
825 627 17 23 0.413
421 674 12 16 0.378
986 618 14 18 0.368
59 758 23 32 0.351
43 524 15 20 0.329
828 571 15 17 0.279
161 757 23 29 0.259
647 638 13 20 0.244
578 610 10 11 0.243
1012 609 11 18 0.239
465 773 14 21 0.231
911 620 14 18 0.228
539 670 15 18 0.225
986 668 15 22 0.223
931 563 11 13 0.202
755 592 19 22 0.194
647 737 17 25 0.191
986 561 13 17 0.188
935 721 23 33 0.154
177 575 20 22 0.152
835 805 25 15 0.140
64 753 20 28 0.136
798 527 9 12 0.131
972 715 21 30 0.122
627 635 31 20 0.121
950 556 11 14 0.120
913 577 11 15 0.118
106 504 11 13 0.114
224 579 15 18 0.113
754 678 16 19 0.112
951 630 14 20 0.111
418 553 11 13 0.101
881 645 16 23 0.099
45 519 16 44 0.098
987 553 11 16 0.098
52 768 26 31 0.097
930 667 18 26 0.097
821 569 16 17 0.096
267 505 11 14 0.093
448 808 15 12 0.092
48 556 17 18 0.092
885 576 13 17 0.091
911 579 13 24 0.090
50 558 20 21 0.089
218 579 15 19 0.086
-1 537 6 19 0.084
206 632 17 23 0.077
21 545 17 22 0.075
865 570 14 19 0.074
462 774 19 28 0.071
94 541 12 16 0.069
949 533 11 14 0.069
828 562 25 34 0.067
960 657 15 22 0.066
490 799 13 20 0.066
933 732 18 25 0.066
1 496 10 15 0.065
865 565 13 18 0.064
926 663 18 23 0.064
933 607 15 18 0.062
160 596 17 20 0.061
467 549 10 13 0.061
55 493 9 11 0.060
976 663 17 21 0.059
982 600 15 46 0.056
907 571 12 15 0.056
652 736 20 24 0.054
865 556 11 13 0.054
25 534 16 25 0.053
961 691 16 22 0.052
26 529 14 18 0.052
251 678 17 21 0.052
212 634 20 23 0.052
83 585 18 24 0.052
920 544 10 14 0.051
681 546 12 13 0.051
927 526 11 13 0.051
982 537 10 12 0.051
945 512 10 15 0.051
644 745 13 21 0.050
2 491 11 32 0.050
25 520 35 36 0.050
937 716 20 25 0.049
218 636 18 23 0.047
968 598 14 18 0.047
469 545 10 13 0.047
921 667 18 23 0.047
951 610 16 47 0.046
617 715 15 18 0.046
911 593 14 18 0.046
106 497 12 24 0.046
779 648 14 18 0.046
725 718 20 24 0.046
191 198 17 23 0.045
769 536 11 14 0.045
952 636 15 21 0.045
43 650 26 37 0.044
826 618 17 22 0.044
262 673 15 21 0.043
921 540 13 15 0.043
1014 742 11 43 0.043
742 594 20 21 0.043
721 660 20 25 0.042
0 668 12 38 0.042
903 568 10 14 0.041
313 251 15 18 0.041
759 544 11 14 0.040
125 621 16 22 0.040
566 747 17 24 0.039
808 571 13 14 0.039
242 497 10 13 0.038
933 562 11 23 0.038
56 564 18 21 0.037
826 632 31 22 0.037
650 728 19 25 0.037
614 711 15 19 0.037
851 638 14 18 0.037
910 628 16 22 0.037
306 519 9 10 0.036
999 538 12 15 0.036
176 528 10 12 0.036
4 498 15 16 0.035
852 574 23 18 0.034
967 710 19 27 0.034
514 630 13 15 0.034
971 579 10 13 0.034
573 639 14 17 0.033
799 663 17 21 0.033
693 567 12 15 0.033
696 563 11 15 0.033
206 624 17 24 0.032
878 636 32 37 0.032
576 607 24 16 0.032
12 556 20 30 0.032
943 701 32 39 0.032
947 507 10 26 0.032
289 517 9 11 0.031
997 523 11 24 0.030
935 679 18 21 0.030
3 500 9 16 0.030
842 571 16 17 0.030
978 716 23 38 0.030
969 590 13 16 0.030
55 553 16 20 0.030
917 549 11 13 0.029
14 548 45 26 0.029
569 607 16 15 0.029
1008 604 13 18 0.029
143 790 23 24 0.029
178 567 19 22 0.028
1013 616 10 23 0.028
791 569 16 16 0.028
17 552 21 23 0.028
969 704 19 25 0.028
911 586 19 20 0.028
878 639 16 21 0.028
252 581 14 16 0.028
458 524 9 12 0.028
773 599 13 18 0.028
124 734 22 31 0.028
135 544 13 17 0.028
85 484 10 16 0.028
833 629 19 22 0.027
794 472 8 21 0.027
988 678 15 20 0.027
109 506 11 15 0.027
984 652 17 23 0.027
916 499 10 17 0.027
1011 503 10 11 0.027
470 548 11 15 0.026
23 528 11 15 0.026
86 582 14 18 0.025
986 651 15 44 0.025
1015 595 10 17 0.025
996 536 16 27 0.025
987 599 13 101 0.025
64 477 9 11 0.025
574 546 9 12 0.024
129 624 14 22 0.024
93 515 13 54 0.024
181 580 20 20 0.024
657 571 11 13 0.023
287 519 9 12 0.023
771 533 12 20 0.023
222 521 11 12 0.023
827 545 10 12 0.023
876 538 11 13 0.023
982 532 16 26 0.023
414 551 11 14 0.022
411 677 14 17 0.022
403 610 16 20 0.022
798 504 10 66 0.022
945 614 16 19 0.022
596 609 11 15 0.022
991 522 12 26 0.022
84 500 11 13 0.022
934 710 37 47 0.022
86 474 10 24 0.022
786 564 15 17 0.022
46 515 13 21 0.022
951 532 13 18 0.022
895 515 13 21 0.021
754 671 17 21 0.021
31 548 20 22 0.021
860 581 14 17 0.021
979 514 11 14 0.021
413 512 7 11 0.021
602 695 13 18 0.021
571 644 15 17 0.020
951 641 18 23 0.020
347 783 18 27 0.020
782 492 10 21 0.020
209 611 15 21 0.020
531 659 16 23 0.020
414 507 8 11 0.020
930 659 16 21 0.020
57 421 6 8 0.020
929 590 14 18 0.020
625 531 13 15 0.020
700 548 11 13 0.020
462 554 13 16 0.020
929 655 34 52 0.020
719 522 10 12 0.019
240 681 22 27 0.019
186 485 12 19 0.019
753 558 17 76 0.019
783 497 8 10 0.019
53 554 32 37 0.019
465 784 17 23 0.019
596 603 11 16 0.019
449 543 11 13 0.019
252 655 16 21 0.019
856 634 15 18 0.019
941 575 12 15 0.019
931 554 12 25 0.019
985 583 18 18 0.019
779 484 12 28 0.019
189 559 16 22 0.019
798 571 22 19 0.018
592 804 20 15 0.018
868 605 15 19 0.018
948 518 10 33 0.018
466 528 12 52 0.018
682 544 18 21 0.018
1010 496 12 23 0.018
1004 516 11 17 0.018
146 761 26 37 0.018
822 542 12 13 0.018
735 589 15 18 0.018
970 582 14 30 0.017
792 767 24 29 0.017
929 521 18 27 0.017
940 708 24 35 0.017
770 531 10 16 0.017
202 613 19 27 0.017
61 471 10 20 0.017
153 592 18 26 0.017
869 607 17 23 0.017
466 541 11 19 0.017
109 544 15 18 0.017
924 597 19 19 0.017
880 535 13 17 0.017
712 640 14 19 0.017
12 502 13 15 0.017
565 737 18 26 0.016
958 604 16 22 0.016
832 548 13 17 0.016
98 542 18 19 0.016
190 482 9 28 0.016
466 537 10 16 0.016
593 810 16 10 0.016
993 525 12 17 0.016
961 673 15 28 0.016
883 566 14 25 0.016
213 583 14 18 0.016
749 529 10 13 0.016
950 661 19 22 0.016
1015 631 9 17 0.016
992 583 14 16 0.016
750 567 14 16 0.016
735 596 14 18 0.015
915 663 19 24 0.015
167 754 19 25 0.015
849 675 17 22 0.015
1004 538 15 18 0.015
924 509 12 29 0.015
447 799 15 22 0.015
103 516 13 15 0.015
840 808 31 12 0.015
986 504 11 106 0.015
879 626 18 20 0.015
17 540 15 20 0.015
973 510 14 23 0.015
915 757 19 24 0.015
229 543 9 11 0.015
913 548 10 95 0.015
931 740 19 23 0.015
176 530 12 16 0.015
927 526 26 15 0.015
933 630 15 19 0.015
976 594 16 24 0.014
430 509 8 23 0.014
454 520 13 19 0.014
198 610 17 21 0.014
249 584 15 17 0.014
18 493 16 24 0.014
1011 540 13 28 0.014
0 774 15 37 0.014
241 501 13 17 0.014
9 566 19 31 0.014
990 624 19 31 0.014
714 574 11 14 0.014
452 545 12 18 0.014
0 532 6 19 0.014
467 557 12 13 0.014
216 626 18 26 0.014
641 591 13 16 0.014
110 525 12 17 0.014
898 590 16 19 0.014
794 479 8 10 0.014
74 673 23 27 0.014
636 632 16 21 0.014
617 743 15 21 0.013
400 603 15 22 0.013
982 639 17 23 0.013
533 672 15 20 0.013
210 576 15 20 0.013
863 567 31 25 0.013
736 714 20 24 0.013
153 754 22 27 0.013
868 520 11 86 0.013
569 650 13 20 0.013
79 506 13 15 0.013
707 507 10 12 0.013
154 748 33 45 0.013
419 725 15 19 0.012
773 589 14 20 0.012
465 591 11 14 0.012
874 615 19 21 0.012
168 550 15 19 0.012
468 788 18 24 0.012
967 652 35 92 0.012
734 580 20 38 0.012
749 534 11 15 0.012
97 506 13 22 0.012
158 591 15 21 0.012
1017 553 8 31 0.012
800 550 12 17 0.012
939 524 22 87 0.012
816 632 23 26 0.012
561 610 14 20 0.011
787 525 18 17 0.011
51 648 18 26 0.011
686 696 17 20 0.011
456 560 10 20 0.011
1013 569 12 24 0.011
0 783 7 35 0.011
725 653 21 24 0.011
905 673 22 24 0.011
737 644 17 19 0.011
649 707 15 21 0.011
55 464 10 59 0.011
804 568 38 19 0.011
464 594 11 18 0.011
506 743 15 20 0.011
745 564 17 16 0.011
762 539 13 24 0.011
807 632 17 20 0.011
903 614 17 20 0.011
442 537 11 17 0.011
895 679 19 24 0.011
41 511 15 28 0.011
168 594 21 23 0.011
798 671 17 21 0.010
766 691 17 20 0.010
312 525 10 12 0.010
825 603 16 20 0.010
852 641 17 20 0.010
788 470 14 27 0.010
863 583 14 23 0.010
130 537 20 29 0.010
811 619 25 63 0.010
795 546 15 24 0.010
753 504 15 28 0.010
863 537 36 83 0.010
862 594 16 17 0.010
946 603 19 20 0.010
936 494 15 24 0.010
152 524 10 14 0.010
