21_Festival_Festival_21_378
190
89 269 13 17 0.811
636 242 20 26 0.808
742 215 13 15 0.793
478 215 11 14 0.774
779 215 12 14 0.758
872 225 10 13 0.758
913 231 11 13 0.756
191 211 11 14 0.745
445 211 12 14 0.718
547 228 9 12 0.713
838 274 11 12 0.708
859 220 11 14 0.706
968 215 12 14 0.704
208 202 11 13 0.704
233 222 10 13 0.704
581 217 9 10 0.694
820 219 11 14 0.682
838 227 10 12 0.673
60 286 11 14 0.650
628 221 11 14 0.650
765 292 10 13 0.641
896 225 10 14 0.640
125 229 11 14 0.627
682 226 9 12 0.617
30 208 11 14 0.615
79 210 12 14 0.613
520 217 11 13 0.609
717 218 11 13 0.606
709 221 10 11 0.605
3 192 12 15 0.603
257 215 10 13 0.593
333 206 11 12 0.567
996 235 11 14 0.556
60 208 10 12 0.553
46 213 10 12 0.550
350 214 12 13 0.543
540 216 11 11 0.532
804 223 11 15 0.493
596 225 9 12 0.490
374 206 10 12 0.475
171 212 10 13 0.466
222 208 10 12 0.462
116 206 10 12 0.462
284 208 12 14 0.462
382 221 9 11 0.451
422 220 10 12 0.449
899 274 21 26 0.438
280 205 12 13 0.429
138 211 11 12 0.423
946 221 11 13 0.412
300 206 11 14 0.395
400 214 14 15 0.393
713 218 12 15 0.348
135 209 11 13 0.319
692 215 10 11 0.318
148 209 10 12 0.318
96 206 10 13 0.314
666 229 9 12 0.297
364 217 11 12 0.294
256 205 10 12 0.293
465 218 11 13 0.275
424 274 10 12 0.268
760 221 9 13 0.263
363 207 12 13 0.249
77 209 27 13 0.232
88 209 12 14 0.208
875 225 17 13 0.188
641 223 13 15 0.188
965 236 12 14 0.179
114 208 11 21 0.178
399 208 11 13 0.165
744 217 17 15 0.163
462 215 11 12 0.144
321 208 10 11 0.138
28 209 21 13 0.136
588 223 18 10 0.135
664 222 8 13 0.134
629 205 17 62 0.131
288 213 11 12 0.131
516 219 10 13 0.130
1010 262 12 17 0.125
661 223 9 10 0.122
108 214 11 13 0.119
677 223 37 14 0.110
866 223 13 16 0.110
213 205 20 13 0.107
306 207 25 11 0.099
425 210 11 13 0.099
502 215 10 12 0.093
353 212 17 14 0.090
693 210 9 11 0.089
233 204 17 13 0.087
581 236 8 9 0.087
668 232 8 11 0.086
182 203 18 22 0.084
135 210 22 12 0.081
303 207 14 13 0.081
421 278 9 11 0.078
369 220 12 12 0.075
967 221 12 18 0.075
887 219 17 17 0.074
465 214 29 14 0.071
495 215 13 13 0.068
503 216 15 12 0.067
605 216 9 10 0.066
231 201 10 12 0.066
112 220 10 14 0.065
713 209 17 31 0.065
435 210 15 15 0.060
931 222 11 14 0.059
94 203 11 13 0.057
131 212 12 28 0.056
186 206 28 22 0.052
17 196 10 13 0.049
930 224 17 22 0.049
689 212 10 12 0.046
405 212 15 17 0.046
257 209 12 22 0.045
309 263 10 12 0.045
365 212 27 20 0.044
1013 225 10 14 0.043
340 208 26 19 0.041
223 201 11 13 0.041
728 245 8 9 0.039
321 204 9 12 0.039
418 273 11 13 0.038
144 196 11 15 0.038
347 201 12 13 0.037
170 209 32 14 0.036
361 203 12 13 0.035
627 224 28 11 0.034
857 185 21 90 0.033
665 217 8 9 0.033
491 214 10 13 0.032
304 204 11 12 0.031
1011 226 12 20 0.031
257 219 9 12 0.030
1 220 9 15 0.030
407 219 14 13 0.030
972 224 39 27 0.030
197 233 8 11 0.029
832 233 12 17 0.026
137 235 12 14 0.026
562 227 10 11 0.025
935 232 14 17 0.025
244 202 11 12 0.025
171 195 11 16 0.024
858 248 10 11 0.023
960 193 52 73 0.023
112 227 11 15 0.023
897 285 23 26 0.023
132 200 11 15 0.023
943 233 14 18 0.023
1012 233 12 16 0.022
409 206 27 15 0.022
426 277 10 12 0.021
615 216 10 10 0.021
478 311 11 13 0.021
56 284 12 14 0.020
785 203 59 41 0.019
139 185 51 67 0.018
257 161 13 111 0.018
79 199 11 13 0.018
629 213 10 13 0.017
128 182 11 89 0.017
273 192 11 23 0.016
566 216 14 19 0.016
571 550 44 30 0.016
291 205 67 15 0.015
486 530 83 65 0.015
826 238 10 14 0.015
947 217 10 12 0.015
890 209 9 13 0.015
307 213 13 17 0.014
493 209 16 11 0.014
71 241 10 12 0.014
4 217 11 14 0.014
346 197 50 40 0.013
139 239 10 13 0.013
409 202 12 12 0.012
618 220 14 20 0.012
169 220 11 13 0.012
175 195 11 17 0.012
192 202 11 12 0.012
968 238 27 17 0.011
826 295 8 10 0.011
706 212 12 15 0.011
926 232 10 13 0.010
990 223 10 13 0.010
70 285 12 14 0.010
