21_Festival_Festival_21_201
116
771 310 32 45 0.776
218 428 21 26 0.771
676 298 25 33 0.769
719 379 22 29 0.765
506 350 23 31 0.750
392 369 25 31 0.734
41 380 30 43 0.732
905 308 19 25 0.723
553 313 18 23 0.709
275 365 16 19 0.690
941 305 20 28 0.600
614 330 14 20 0.578
640 295 16 24 0.565
402 345 15 19 0.508
293 345 16 20 0.505
322 408 25 34 0.354
438 345 14 19 0.319
438 339 12 19 0.282
955 400 19 26 0.252
647 327 16 21 0.247
576 340 15 17 0.216
275 389 18 22 0.148
313 350 17 21 0.142
438 335 13 16 0.138
394 348 22 59 0.137
653 440 15 18 0.121
0 248 20 38 0.121
200 385 17 22 0.099
439 351 14 19 0.099
601 315 15 17 0.085
589 321 16 17 0.080
476 330 17 20 0.080
243 388 14 18 0.077
374 341 16 23 0.076
399 337 16 22 0.076
556 316 28 33 0.074
662 312 17 20 0.063
747 283 18 25 0.061
465 330 24 18 0.061
150 365 23 30 0.060
665 304 21 27 0.057
430 329 14 18 0.055
649 432 17 22 0.050
588 319 28 17 0.045
11 400 17 25 0.043
492 320 11 16 0.039
598 239 14 17 0.037
636 298 16 22 0.037
333 411 20 28 0.035
375 335 13 17 0.034
330 349 18 22 0.034
260 394 27 22 0.034
453 321 12 17 0.034
1010 212 13 21 0.029
244 390 18 22 0.029
582 322 15 17 0.028
521 327 14 18 0.027
460 328 20 21 0.027
1018 400 7 21 0.027
1017 406 8 21 0.027
447 354 15 22 0.026
340 405 26 35 0.026
957 307 22 26 0.025
311 414 21 26 0.025
77 300 16 19 0.024
745 284 15 21 0.024
745 288 29 32 0.023
740 491 19 26 0.022
560 227 13 14 0.022
336 355 15 18 0.022
590 375 15 20 0.020
656 325 17 22 0.020
490 322 16 20 0.020
381 297 13 16 0.019
426 325 15 19 0.019
638 415 15 18 0.018
949 305 22 26 0.018
1017 369 7 60 0.018
302 407 22 27 0.018
572 350 16 20 0.017
640 410 15 19 0.017
483 332 18 20 0.017
136 369 26 37 0.017
499 333 17 20 0.016
654 446 17 23 0.016
448 368 14 20 0.015
402 312 16 21 0.015
532 318 15 18 0.014
655 432 19 26 0.014
445 446 19 31 0.013
1013 340 11 52 0.013
633 417 13 16 0.013
967 279 22 30 0.013
300 375 30 66 0.013
333 359 17 20 0.013
964 313 18 23 0.012
643 423 15 22 0.012
144 369 21 26 0.012
773 254 19 24 0.012
239 381 15 24 0.012
669 289 18 26 0.012
207 383 14 20 0.011
95 260 81 89 0.011
618 156 22 35 0.011
232 380 23 58 0.011
376 348 16 19 0.011
453 335 17 24 0.011
243 402 20 22 0.011
298 375 19 23 0.011
515 321 18 19 0.011
317 418 20 25 0.010
656 489 16 21 0.010
354 378 24 55 0.010
754 282 22 32 0.010
303 397 36 41 0.010
626 318 15 21 0.010
