21_Festival_Festival_21_140
46
518 493 45 54 0.736
429 462 23 27 0.669
345 479 24 27 0.526
1013 517 11 31 0.444
112 598 18 25 0.194
588 497 17 21 0.079
753 478 19 21 0.079
342 473 20 25 0.077
115 618 21 31 0.056
112 605 21 30 0.043
340 602 28 34 0.036
122 350 18 22 0.033
949 449 12 15 0.027
341 614 19 23 0.027
651 302 19 20 0.025
424 427 25 25 0.025
511 419 15 20 0.023
802 554 21 25 0.023
302 595 21 26 0.022
463 403 17 20 0.022
629 447 22 23 0.021
285 597 20 27 0.020
286 603 20 32 0.020
117 631 22 25 0.020
668 433 27 32 0.019
662 431 26 29 0.019
424 461 18 28 0.018
424 471 17 25 0.016
424 440 24 34 0.016
626 445 18 22 0.015
361 476 20 25 0.015
614 475 17 23 0.014
740 476 12 13 0.014
346 591 28 31 0.013
465 424 19 22 0.013
461 394 20 50 0.013
620 401 14 19 0.013
477 426 18 19 0.012
97 695 18 28 0.012
1016 502 10 25 0.012
426 433 20 30 0.012
65 446 19 21 0.011
1007 517 16 34 0.011
96 712 19 26 0.010
637 440 28 28 0.010
688 480 16 22 0.010
