21_Festival_Festival_21_340
278
361 264 11 14 0.686
483 232 8 11 0.656
593 255 10 13 0.652
708 238 7 9 0.650
565 264 10 14 0.634
701 292 13 15 0.613
295 266 10 12 0.573
661 279 10 13 0.517
234 336 16 21 0.499
656 257 8 11 0.479
17 348 17 26 0.479
462 262 9 12 0.471
622 256 10 13 0.452
472 248 9 11 0.444
417 233 8 11 0.431
445 253 11 15 0.431
674 243 9 11 0.421
737 244 11 12 0.393
456 233 8 10 0.388
761 258 8 11 0.347
382 236 8 12 0.341
429 281 13 16 0.322
309 244 10 12 0.297
764 277 10 13 0.293
65 348 16 22 0.293
514 317 13 20 0.270
169 265 11 13 0.233
339 221 6 9 0.223
100 322 11 15 0.214
361 246 11 43 0.212
178 287 10 14 0.211
378 238 10 12 0.199
70 345 16 22 0.198
550 266 11 14 0.195
136 304 11 17 0.194
799 248 9 13 0.191
168 329 13 18 0.187
352 239 8 10 0.186
657 281 11 16 0.171
761 254 9 22 0.169
328 255 10 13 0.161
393 253 13 14 0.153
480 222 9 40 0.153
734 245 10 12 0.151
100 284 9 13 0.150
536 253 9 13 0.138
253 356 15 20 0.138
400 253 11 13 0.138
215 302 10 15 0.134
440 210 7 8 0.131
620 254 9 12 0.131
764 261 9 38 0.125
287 257 9 12 0.121
965 355 8 11 0.121
671 239 8 12 0.119
765 269 10 23 0.117
310 240 13 17 0.116
623 259 11 13 0.116
465 265 11 13 0.114
72 330 13 17 0.112
398 222 7 10 0.110
401 227 8 19 0.109
61 350 14 21 0.102
388 254 13 14 0.098
289 234 10 11 0.097
55 302 10 13 0.095
446 244 11 31 0.095
266 297 12 15 0.094
454 221 10 33 0.093
222 337 15 19 0.092
800 245 10 12 0.092
198 259 9 10 0.092
546 257 12 26 0.091
332 258 10 11 0.091
223 272 9 11 0.091
761 253 8 12 0.090
352 236 8 20 0.090
27 303 10 13 0.089
509 264 10 15 0.087
624 255 9 10 0.087
336 217 9 26 0.083
360 236 11 10 0.082
216 302 13 25 0.082
676 244 9 12 0.081
170 336 16 20 0.080
659 332 11 15 0.076
332 238 10 13 0.074
59 292 8 12 0.074
780 276 8 12 0.073
420 234 9 11 0.073
400 232 10 26 0.073
24 454 41 90 0.071
236 278 11 12 0.070
79 302 10 13 0.068
471 220 8 11 0.066
659 230 10 94 0.062
652 285 13 14 0.062
230 259 9 12 0.061
241 304 10 14 0.060
175 274 11 19 0.060
373 238 19 11 0.060
479 267 10 12 0.059
577 301 13 17 0.058
398 257 13 14 0.057
305 223 8 16 0.056
327 234 10 13 0.051
349 251 12 14 0.050
778 268 8 20 0.049
706 262 12 14 0.048
374 225 13 34 0.047
138 296 12 23 0.047
143 274 10 15 0.047
456 259 15 15 0.047
305 226 8 28 0.047
159 249 9 20 0.046
197 253 9 26 0.045
169 254 11 29 0.045
300 233 17 27 0.045
275 240 8 15 0.044
966 345 8 12 0.042
718 274 11 12 0.041
289 227 15 25 0.038
57 288 9 25 0.038
79 344 13 17 0.038
473 218 7 9 0.037
785 293 9 13 0.037
350 239 22 11 0.037
416 229 8 10 0.037
261 262 8 12 0.037
650 281 11 15 0.036
74 323 12 20 0.036
703 256 11 18 0.036
131 299 12 17 0.036
794 247 13 24 0.036
443 246 12 15 0.036
651 289 11 13 0.035
159 255 8 10 0.035
415 200 10 89 0.035
132 308 13 22 0.035
438 261 14 18 0.034
260 267 10 12 0.034
455 230 8 10 0.033
367 234 25 13 0.033
912 311 9 12 0.032
535 246 9 11 0.032
81 303 13 17 0.032
31 302 14 19 0.031
87 262 10 18 0.031
806 241 10 11 0.030
137 360 16 21 0.029
384 259 12 16 0.029
290 214 10 51 0.029
717 241 31 13 0.028
177 277 12 26 0.028
783 296 9 12 0.028
319 284 12 15 0.028
188 278 15 20 0.027
260 264 8 18 0.027
475 271 10 12 0.027
452 221 9 23 0.027
518 323 15 19 0.027
699 253 13 16 0.027
552 253 11 12 0.026
145 292 9 14 0.026
949 351 9 10 0.025
215 307 11 14 0.025
508 269 12 16 0.025
295 268 11 17 0.025
174 344 16 18 0.024
196 278 11 18 0.024
192 240 9 10 0.024
453 277 13 16 0.024
427 271 12 23 0.022
650 267 11 14 0.022
241 308 12 15 0.022
649 232 32 53 0.022
322 258 11 13 0.022
99 326 14 19 0.021
737 289 12 13 0.021
108 248 11 11 0.021
963 349 9 24 0.021
170 227 10 93 0.020
631 216 8 9 0.020
140 250 8 28 0.020
122 261 13 28 0.019
144 261 8 31 0.019
60 330 13 16 0.019
193 284 11 12 0.019
167 241 10 21 0.019
437 243 24 46 0.019
739 241 10 11 0.019
309 199 12 104 0.019
113 246 13 17 0.019
134 270 29 75 0.018
480 235 11 14 0.018
170 262 12 25 0.018
63 356 15 19 0.018
933 362 12 12 0.018
234 284 11 15 0.018
66 319 14 26 0.017
795 107 12 12 0.017
750 266 11 15 0.017
800 242 9 10 0.017
274 291 13 14 0.017
167 362 16 26 0.017
252 349 13 19 0.017
508 256 10 18 0.016
715 270 15 15 0.016
281 287 11 14 0.016
119 246 13 30 0.016
802 240 17 24 0.016
699 289 12 16 0.016
706 237 11 14 0.016
66 326 17 43 0.016
697 295 12 13 0.016
802 108 11 10 0.016
61 340 14 26 0.016
631 217 11 12 0.016
482 228 9 12 0.016
232 233 8 26 0.015
475 220 8 10 0.015
27 304 29 14 0.015
284 215 9 9 0.015
652 227 9 10 0.015
946 352 8 10 0.015
962 347 12 13 0.015
16 383 13 23 0.015
229 237 9 19 0.015
340 217 6 8 0.015
213 296 18 41 0.015
21 336 12 15 0.015
535 29 7 10 0.014
131 321 10 13 0.014
587 275 11 13 0.014
817 117 11 12 0.014
155 260 16 25 0.014
699 236 11 21 0.014
438 216 27 102 0.014
163 348 18 28 0.014
165 329 19 25 0.013
209 309 10 13 0.013
581 294 13 17 0.013
106 264 11 22 0.013
454 232 11 14 0.013
39 315 11 17 0.013
397 217 8 8 0.013
225 261 17 30 0.013
178 250 15 28 0.013
294 201 10 115 0.013
41 290 12 25 0.013
720 197 31 101 0.013
101 240 10 91 0.012
628 286 10 14 0.012
274 214 9 24 0.012
117 288 13 13 0.012
96 308 11 19 0.012
372 247 17 25 0.012
125 301 12 24 0.012
955 372 11 13 0.011
317 291 12 15 0.011
128 269 16 19 0.011
16 408 16 35 0.011
809 239 12 17 0.011
237 266 14 25 0.011
375 226 9 11 0.011
50 308 14 20 0.011
738 282 13 18 0.011
420 249 12 20 0.011
106 241 13 28 0.011
28 351 14 22 0.011
435 224 14 16 0.010
810 106 15 22 0.010
330 245 17 31 0.010
511 244 11 17 0.010
176 221 13 114 0.010
723 263 12 22 0.010
19 326 13 43 0.010
282 230 16 30 0.010
