21_Festival_Festival_21_585
305
122 334 23 28 0.799
199 317 18 21 0.759
181 338 22 28 0.710
214 291 15 19 0.709
27 260 13 16 0.702
59 349 20 24 0.686
22 236 12 15 0.675
114 285 15 19 0.666
16 302 16 19 0.660
255 340 17 23 0.638
132 282 14 17 0.634
93 199 8 11 0.627
128 205 9 11 0.624
262 231 10 12 0.609
7 208 11 13 0.584
20 325 19 23 0.584
0 391 9 29 0.560
0 346 12 25 0.545
308 325 15 18 0.540
32 209 9 12 0.515
266 263 12 16 0.506
369 59 23 36 0.504
52 234 10 13 0.501
73 203 9 10 0.501
197 194 8 10 0.497
50 207 9 12 0.488
153 194 8 11 0.482
67 229 10 13 0.464
142 264 11 14 0.453
94 258 13 16 0.431
99 213 10 11 0.425
79 286 13 16 0.421
310 281 14 18 0.421
199 246 13 16 0.395
60 258 13 17 0.376
115 200 8 10 0.365
157 241 10 13 0.355
45 290 14 17 0.349
174 190 8 11 0.341
557 49 29 39 0.329
269 200 8 9 0.325
179 257 13 15 0.310
77 219 9 13 0.302
58 282 13 16 0.302
291 242 11 13 0.286
305 173 8 11 0.271
128 178 8 11 0.263
69 225 10 16 0.251
59 183 8 10 0.249
262 223 10 25 0.244
95 11 8 10 0.243
260 255 11 13 0.243
98 256 14 17 0.236
251 188 8 11 0.236
231 238 11 12 0.231
110 237 11 14 0.231
79 170 8 10 0.230
167 165 7 12 0.227
174 229 10 12 0.225
91 165 7 11 0.217
230 187 8 10 0.204
78 241 11 14 0.199
0 282 10 22 0.192
27 184 9 13 0.188
321 185 9 12 0.184
243 407 26 28 0.177
121 158 8 11 0.175
751 191 33 57 0.173
130 287 16 25 0.172
314 206 9 11 0.168
250 278 13 17 0.163
291 190 9 13 0.154
315 226 10 13 0.150
160 176 9 17 0.147
321 281 14 18 0.143
174 243 10 13 0.141
138 263 14 28 0.139
67 196 9 18 0.136
273 151 7 8 0.132
105 234 12 13 0.131
228 239 11 13 0.124
270 187 7 25 0.122
54 155 8 11 0.121
291 198 9 11 0.120
77 156 8 10 0.119
88 166 8 16 0.115
250 155 9 11 0.114
25 181 9 12 0.113
121 155 8 26 0.112
153 177 9 46 0.109
49 291 15 17 0.106
204 169 8 25 0.101
158 222 10 48 0.100
177 253 12 17 0.100
57 179 10 20 0.095
76 163 8 18 0.094
96 230 10 14 0.092
116 282 32 20 0.091
134 274 16 19 0.090
130 305 17 22 0.090
289 180 8 26 0.090
302 168 11 23 0.089
321 265 12 15 0.087
252 154 11 13 0.085
165 159 8 24 0.084
40 199 17 23 0.084
179 261 13 17 0.083
291 247 12 15 0.077
200 232 10 12 0.077
135 202 12 12 0.077
269 296 11 15 0.075
318 217 11 15 0.075
292 218 10 60 0.075
73 37 9 12 0.075
265 233 10 13 0.074
201 214 11 75 0.074
160 213 10 13 0.073
284 171 8 26 0.073
272 145 9 24 0.072
292 239 10 12 0.070
231 245 12 15 0.066
113 201 21 10 0.065
121 154 10 13 0.065
270 176 8 18 0.065
76 244 12 15 0.064
121 159 12 27 0.064
123 248 11 14 0.063
93 197 17 24 0.063
255 281 15 17 0.063
78 162 10 21 0.063
26 141 7 9 0.062
223 183 14 23 0.061
108 247 16 18 0.060
265 295 16 21 0.059
269 170 10 28 0.058
53 149 13 20 0.058
282 521 25 31 0.057
233 172 9 28 0.057
0 258 6 14 0.057
225 187 11 14 0.055
107 252 13 17 0.055
162 216 11 13 0.054
249 271 11 15 0.053
2 279 13 17 0.052
189 249 21 17 0.051
176 242 40 31 0.047
142 179 9 12 0.047
192 320 21 26 0.046
172 258 14 14 0.045
161 177 20 16 0.045
93 151 9 27 0.044
84 235 14 24 0.043
315 203 10 29 0.043
324 188 10 12 0.043
99 248 19 24 0.042
94 0 9 36 0.042
209 193 8 10 0.042
163 170 15 30 0.041
143 240 13 18 0.041
177 193 11 11 0.039
50 6 9 11 0.039
30 174 13 23 0.039
72 215 12 28 0.039
136 280 15 20 0.037
227 195 9 12 0.037
25 187 10 108 0.037
185 157 12 30 0.036
53 315 17 22 0.036
250 365 17 22 0.036
163 145 11 69 0.035
79 291 14 17 0.034
192 107 6 8 0.034
139 176 13 18 0.034
221 244 14 14 0.034
209 375 16 21 0.034
406 519 18 21 0.034
284 160 9 30 0.032
316 183 13 26 0.032
221 195 11 11 0.031
31 199 12 30 0.030
196 339 23 32 0.029
321 173 11 12 0.029
193 596 40 43 0.029
-1 294 12 22 0.029
157 150 8 9 0.028
50 58 10 13 0.028
301 149 10 21 0.028
96 160 13 25 0.028
189 165 16 31 0.027
209 342 15 20 0.027
72 267 15 18 0.027
272 293 12 16 0.027
206 192 13 13 0.027
240 227 13 15 0.026
288 143 9 13 0.025
151 191 15 109 0.025
30 163 11 20 0.025
247 151 8 9 0.025
32 183 13 28 0.025
19 234 13 15 0.024
41 6 12 12 0.024
268 156 12 31 0.024
109 188 14 22 0.024
48 214 28 54 0.024
228 149 13 26 0.024
147 233 11 13 0.024
757 201 41 61 0.023
43 262 42 56 0.023
107 265 15 17 0.023
548 265 23 34 0.022
648 13 42 67 0.022
204 453 23 34 0.022
292 255 12 16 0.021
251 357 19 26 0.021
326 283 12 18 0.021
158 309 18 20 0.021
-1 351 20 24 0.021
58 148 18 24 0.021
259 168 15 31 0.021
56 302 14 18 0.020
330 444 20 24 0.020
243 224 11 13 0.020
96 145 10 24 0.020
247 152 11 32 0.020
261 301 18 20 0.020
228 157 14 12 0.020
353 517 24 23 0.020
322 217 11 34 0.020
26 138 8 9 0.019
196 150 9 9 0.019
204 150 9 9 0.019
52 148 8 114 0.019
35 158 11 24 0.019
110 209 12 21 0.019
247 192 11 13 0.018
186 148 11 27 0.018
202 155 15 31 0.017
270 291 16 40 0.017
83 214 30 102 0.017
220 171 13 30 0.017
273 300 13 19 0.017
320 324 17 21 0.017
296 154 16 31 0.017
136 307 25 22 0.016
284 234 13 19 0.016
75 318 14 18 0.016
179 166 18 32 0.016
237 416 28 25 0.015
230 256 12 14 0.015
13 328 19 24 0.015
271 149 7 42 0.015
303 235 12 23 0.015
228 219 11 13 0.015
144 205 9 11 0.015
153 146 14 27 0.015
102 167 14 25 0.015
192 147 7 48 0.014
691 134 35 49 0.014
49 243 32 99 0.014
257 149 9 9 0.014
205 144 10 35 0.014
0 292 7 21 0.014
218 148 15 27 0.014
218 292 15 19 0.014
55 357 21 26 0.014
325 176 11 16 0.014
314 213 12 28 0.014
27 138 8 21 0.014
53 141 12 21 0.013
149 472 19 23 0.013
20 171 9 13 0.013
262 332 18 22 0.013
331 321 15 19 0.013
107 275 17 21 0.013
242 170 17 31 0.013
300 140 10 17 0.013
292 138 15 24 0.013
190 146 18 30 0.012
293 143 16 31 0.012
185 153 13 15 0.012
254 153 16 32 0.012
248 250 16 20 0.012
229 383 18 22 0.012
303 279 15 19 0.012
21 353 19 24 0.012
252 308 18 22 0.012
314 329 15 19 0.012
349 223 11 14 0.012
92 141 8 42 0.012
351 226 10 13 0.012
328 402 19 23 0.012
18 345 27 29 0.011
176 226 9 13 0.011
31 142 10 111 0.011
55 152 30 15 0.011
291 197 28 91 0.011
231 147 9 44 0.011
249 310 15 19 0.011
316 158 8 112 0.011
115 290 17 21 0.011
277 142 16 30 0.010
744 189 31 45 0.010
74 24 11 26 0.010
102 127 11 14 0.010
156 152 9 13 0.010
