21_Festival_Festival_21_107
42
177 211 60 84 0.743
466 196 49 64 0.391
1001 192 17 20 0.333
971 217 13 16 0.238
605 243 33 29 0.195
920 184 19 24 0.169
845 250 16 18 0.097
941 232 15 18 0.079
991 195 31 23 0.067
855 284 20 21 0.061
603 196 36 49 0.058
784 178 12 15 0.052
1004 213 15 18 0.052
860 221 15 17 0.050
916 242 15 17 0.046
833 294 13 16 0.045
603 219 38 47 0.039
640 174 13 14 0.033
841 311 15 17 0.031
951 208 12 15 0.029
658 280 24 30 0.029
1015 164 10 18 0.027
945 267 17 17 0.023
835 288 21 21 0.023
956 209 14 14 0.022
848 197 15 19 0.021
829 212 20 23 0.020
845 233 19 68 0.020
935 220 20 35 0.020
1001 254 17 21 0.019
611 252 32 26 0.018
928 213 14 16 0.018
797 210 18 20 0.017
846 238 17 20 0.015
616 240 23 25 0.014
801 162 12 13 0.013
966 222 16 17 0.012
915 236 43 21 0.011
841 282 38 30 0.011
827 219 20 22 0.011
564 229 28 29 0.011
764 160 12 14 0.010
