21_Festival_Festival_21_513
28
211 112 79 109 0.880
509 100 77 101 0.867
60 164 36 47 0.764
980 369 19 22 0.573
643 208 33 38 0.334
759 110 49 100 0.181
360 144 31 54 0.121
984 202 13 17 0.115
24 63 31 34 0.102
1004 204 13 18 0.092
971 239 15 19 0.091
998 203 15 17 0.071
938 206 16 18 0.070
1025 229 8 23 0.049
982 198 19 30 0.044
644 208 22 27 0.033
909 200 17 19 0.033
976 373 18 22 0.028
973 213 18 21 0.023
661 196 29 32 0.023
950 207 17 21 0.022
961 214 19 22 0.021
995 413 18 25 0.017
912 202 37 21 0.015
964 227 18 26 0.015
1020 224 13 30 0.011
-7 154 19 62 0.011
970 370 18 23 0.010
