21_Festival_Festival_21_193
172
204 439 34 44 0.795
631 439 19 36 0.666
974 442 16 25 0.515
24 502 32 53 0.509
171 391 15 25 0.471
48 423 23 37 0.456
961 357 10 12 0.414
817 431 18 27 0.409
133 377 11 19 0.343
238 408 16 27 0.309
209 382 15 22 0.258
83 250 9 10 0.205
960 315 7 8 0.182
715 457 21 37 0.165
104 371 13 20 0.160
43 376 17 24 0.157
918 333 7 9 0.154
934 510 27 44 0.152
211 328 6 7 0.144
963 330 8 9 0.135
237 330 6 8 0.128
33 496 28 48 0.119
188 331 5 6 0.119
448 360 7 10 0.107
988 406 15 19 0.102
271 330 7 8 0.097
129 267 7 8 0.093
966 331 6 9 0.092
8 366 18 26 0.092
813 460 27 37 0.089
797 351 10 12 0.089
1002 350 9 9 0.087
968 440 17 26 0.084
961 311 7 19 0.083
817 374 9 11 0.082
742 403 10 15 0.081
19 512 30 51 0.079
38 353 9 11 0.077
340 353 7 9 0.065
378 411 13 18 0.063
189 330 9 8 0.062
242 404 15 26 0.060
378 388 9 14 0.059
141 375 13 19 0.057
34 369 28 39 0.054
814 372 10 12 0.052
452 348 8 10 0.051
193 331 7 7 0.051
809 470 23 28 0.047
238 357 10 13 0.045
966 394 10 15 0.044
220 379 12 18 0.043
724 343 6 7 0.041
450 353 9 16 0.041
831 355 10 13 0.041
137 381 11 19 0.040
213 379 16 23 0.039
253 369 10 13 0.039
993 346 8 10 0.039
303 357 8 11 0.038
855 393 10 15 0.038
920 333 9 11 0.038
17 365 12 19 0.037
212 326 7 8 0.036
585 385 8 10 0.036
51 372 15 25 0.035
262 368 9 13 0.034
961 315 8 25 0.034
793 385 8 10 0.034
899 389 11 15 0.034
56 375 15 24 0.034
398 459 15 34 0.033
302 280 7 10 0.032
411 350 7 9 0.031
65 345 13 21 0.031
114 374 13 19 0.031
6 370 19 36 0.031
153 327 8 7 0.030
208 323 13 19 0.028
934 330 8 9 0.027
136 352 9 11 0.027
902 391 11 17 0.027
962 347 10 24 0.026
917 328 18 22 0.026
217 347 14 79 0.025
385 368 13 11 0.025
267 390 11 15 0.024
371 350 7 9 0.024
193 356 10 13 0.024
933 331 9 14 0.023
412 367 10 12 0.023
55 421 21 35 0.023
175 355 9 14 0.022
916 333 8 11 0.022
76 348 12 17 0.022
167 330 7 6 0.022
865 366 10 13 0.021
146 377 11 17 0.021
991 342 7 9 0.021
301 359 7 11 0.020
650 409 14 19 0.020
35 352 13 18 0.020
724 337 6 20 0.020
875 373 10 12 0.020
235 358 11 13 0.019
408 347 8 14 0.019
416 368 9 11 0.019
380 368 9 12 0.018
46 351 12 17 0.018
282 376 9 12 0.018
389 363 9 19 0.018
664 426 13 18 0.018
288 299 7 9 0.017
999 340 17 28 0.017
794 352 9 12 0.017
816 449 21 30 0.017
772 378 9 17 0.017
174 398 15 25 0.017
871 370 11 14 0.017
147 368 10 15 0.017
300 278 8 9 0.016
174 370 44 60 0.016
450 348 7 29 0.016
180 347 9 16 0.016
1007 430 14 19 0.016
76 324 12 16 0.016
991 347 8 10 0.016
185 382 42 27 0.016
107 373 14 21 0.015
924 382 10 12 0.015
591 418 13 23 0.015
916 329 8 11 0.015
801 347 11 17 0.015
177 387 14 20 0.014
806 481 17 26 0.014
966 384 11 16 0.014
228 415 19 27 0.014
378 384 10 55 0.014
978 438 29 25 0.014
270 388 10 18 0.013
817 358 14 44 0.013
98 376 14 23 0.013
672 330 6 7 0.013
989 401 12 18 0.013
198 341 9 21 0.013
854 367 11 55 0.012
793 375 10 36 0.012
720 461 23 36 0.012
340 351 10 22 0.012
179 349 15 24 0.012
1011 372 8 13 0.012
318 341 10 14 0.012
452 339 15 26 0.012
802 366 10 21 0.011
373 330 6 8 0.011
340 345 11 19 0.011
934 336 12 25 0.011
191 359 10 12 0.011
556 362 7 14 0.011
340 349 8 10 0.011
273 330 7 9 0.011
963 430 15 24 0.011
10 382 18 24 0.011
379 372 10 21 0.011
1008 346 14 18 0.011
941 383 10 13 0.011
579 385 10 13 0.011
567 347 8 12 0.011
1005 410 19 36 0.011
938 386 10 14 0.011
816 427 14 21 0.010
934 352 11 15 0.010
