21_Festival_Festival_21_943
111
102 179 10 15 0.694
760 185 10 14 0.669
112 195 12 16 0.656
737 190 10 13 0.630
293 187 16 19 0.599
830 194 10 13 0.599
938 198 9 10 0.591
805 191 10 14 0.588
353 176 9 13 0.554
188 195 12 14 0.510
708 195 10 13 0.500
168 192 10 12 0.466
883 180 10 14 0.441
67 193 11 14 0.414
495 193 7 9 0.410
543 190 9 11 0.376
260 194 10 13 0.347
517 185 8 10 0.343
385 184 7 9 0.275
650 195 8 9 0.246
153 196 11 12 0.243
210 192 11 13 0.213
978 208 6 9 0.198
563 286 30 36 0.197
735 189 30 11 0.154
108 188 14 20 0.153
420 191 8 9 0.153
129 195 10 12 0.153
321 195 9 11 0.144
53 179 10 13 0.143
539 184 15 23 0.141
569 190 8 10 0.133
144 193 15 12 0.128
562 185 9 9 0.126
298 188 20 18 0.112
572 194 6 9 0.104
55 183 11 13 0.092
868 204 7 8 0.091
886 181 11 14 0.090
555 183 13 12 0.086
978 206 7 7 0.085
15 340 50 58 0.079
61 321 34 43 0.073
144 191 10 11 0.072
124 193 27 14 0.072
154 194 20 13 0.070
496 192 9 9 0.066
486 191 7 10 0.064
324 194 9 10 0.063
621 217 5 8 0.063
935 196 9 11 0.062
60 186 13 14 0.062
259 190 10 12 0.059
997 202 8 10 0.059
105 180 12 17 0.059
645 196 8 10 0.058
546 185 14 10 0.053
230 186 9 11 0.049
86 186 13 15 0.045
640 195 7 9 0.042
399 197 9 12 0.040
389 185 8 9 0.039
522 186 12 11 0.037
997 199 8 20 0.037
557 187 20 11 0.034
322 191 8 10 0.034
274 185 12 14 0.033
276 186 15 16 0.032
516 189 12 11 0.032
74 190 19 15 0.030
250 189 15 17 0.030
835 193 10 12 0.029
565 186 13 19 0.029
225 184 11 12 0.027
574 196 7 9 0.027
713 196 13 12 0.025
736 193 10 13 0.024
492 195 8 9 0.023
129 190 10 12 0.023
79 178 13 21 0.023
868 199 8 12 0.022
356 182 10 12 0.022
352 181 10 12 0.022
569 196 9 9 0.021
644 192 8 10 0.021
182 188 11 13 0.021
418 187 9 11 0.021
544 287 41 43 0.020
824 197 12 13 0.020
998 209 9 10 0.018
482 191 6 9 0.018
998 204 10 12 0.017
386 180 7 8 0.017
152 190 12 13 0.016
995 200 9 10 0.015
1017 210 7 11 0.015
306 188 12 14 0.015
73 195 13 13 0.013
77 178 9 9 0.013
543 194 9 11 0.013
939 201 8 11 0.013
497 195 8 9 0.012
233 188 24 21 0.012
740 194 10 12 0.012
230 181 12 13 0.012
866 201 8 11 0.012
235 199 10 13 0.011
279 194 12 14 0.011
33 353 34 45 0.010
399 217 10 15 0.010
399 183 10 44 0.010
