21_Festival_Festival_21_22
497
209 494 33 48 0.848
914 399 13 18 0.640
451 266 7 10 0.622
319 493 19 31 0.621
324 266 6 9 0.593
352 448 15 27 0.525
337 438 14 26 0.508
411 263 8 11 0.419
185 463 16 32 0.413
231 459 23 26 0.394
273 540 23 35 0.352
165 276 11 15 0.347
935 417 17 19 0.329
945 498 18 25 0.319
981 409 13 16 0.297
900 336 8 10 0.241
526 350 9 12 0.231
357 405 13 18 0.231
432 477 18 24 0.223
661 329 11 15 0.220
753 305 7 10 0.217
402 289 11 14 0.216
116 269 8 9 0.204
1011 482 12 22 0.186
154 333 17 24 0.180
352 380 11 15 0.178
890 455 19 25 0.176
1013 321 7 9 0.175
898 492 15 26 0.175
68 285 10 10 0.172
885 456 17 24 0.171
707 194 7 7 0.165
900 276 6 6 0.163
567 461 21 21 0.161
372 276 7 10 0.158
960 324 7 10 0.152
164 269 11 30 0.147
95 276 8 11 0.146
649 338 11 16 0.140
84 310 31 44 0.137
378 309 8 10 0.132
294 296 7 9 0.131
885 375 10 13 0.129
911 422 13 16 0.128
139 309 15 20 0.125
93 279 11 13 0.122
981 382 14 18 0.121
555 370 11 16 0.118
977 430 12 20 0.116
391 268 8 10 0.113
352 290 9 11 0.113
321 295 8 10 0.110
136 285 12 14 0.109
911 415 14 18 0.109
815 300 8 10 0.105
802 344 10 12 0.103
602 367 11 15 0.102
335 443 25 29 0.102
186 266 7 9 0.100
919 276 7 16 0.099
442 279 7 9 0.097
163 298 14 15 0.097
887 369 11 22 0.095
489 463 19 31 0.094
178 347 18 22 0.092
1013 311 7 24 0.092
991 250 7 8 0.087
746 279 8 9 0.087
647 330 9 12 0.087
186 456 17 26 0.085
53 284 8 10 0.085
599 301 8 10 0.085
707 320 9 10 0.085
2 371 21 42 0.084
812 296 9 11 0.083
979 433 15 22 0.083
981 389 13 41 0.082
373 279 7 9 0.078
242 382 9 11 0.077
558 290 7 12 0.077
934 409 16 17 0.077
938 429 19 26 0.076
261 269 7 9 0.075
959 313 8 25 0.075
897 453 17 21 0.075
276 424 13 24 0.075
355 390 13 41 0.075
3 280 9 11 0.073
556 289 7 11 0.071
989 321 7 10 0.071
804 346 10 12 0.071
978 377 15 19 0.070
709 193 6 7 0.067
814 296 10 19 0.066
44 277 9 11 0.065
662 526 21 35 0.065
386 269 9 18 0.063
295 269 7 9 0.062
68 273 10 32 0.062
0 247 4 10 0.061
6 318 17 20 0.061
771 375 12 19 0.061
182 264 10 21 0.060
682 333 10 12 0.060
991 313 7 17 0.059
943 442 17 20 0.059
802 426 14 22 0.056
897 305 7 26 0.056
280 531 24 39 0.055
318 289 10 17 0.055
974 339 8 10 0.055
403 516 19 33 0.054
149 333 17 23 0.054
564 298 7 9 0.053
977 498 14 25 0.053
531 501 23 28 0.053
386 425 14 22 0.053
936 294 8 17 0.052
119 292 11 15 0.051
894 368 10 13 0.050
325 386 10 13 0.050
559 293 9 12 0.049
620 340 9 12 0.049
620 345 8 12 0.049
871 376 10 12 0.049
278 401 9 16 0.049
920 276 7 7 0.048
521 330 9 11 0.048
162 506 25 36 0.047
170 298 10 13 0.047
884 290 8 20 0.047
492 311 8 10 0.046
673 313 9 12 0.046
739 424 13 18 0.046
915 309 10 26 0.045
719 318 12 13 0.045
881 323 14 20 0.045
780 297 9 10 0.044
1012 295 8 26 0.044
1014 394 10 16 0.044
884 328 10 11 0.043
803 497 19 25 0.043
2 272 7 13 0.043
53 275 7 8 0.043
439 304 9 12 0.042
356 381 13 18 0.042
985 477 14 19 0.042
440 279 8 12 0.041
190 447 18 30 0.040
627 234 7 9 0.040
879 324 10 19 0.040
623 215 7 10 0.039
600 340 10 13 0.039
361 405 11 16 0.039
400 275 11 27 0.038
695 311 10 11 0.038
821 309 10 10 0.038
625 209 8 15 0.038
48 272 13 25 0.038
519 365 10 15 0.038
866 426 10 17 0.038
188 347 15 24 0.037
18 294 10 13 0.037
938 297 6 11 0.037
766 342 8 10 0.037
1012 289 7 23 0.036
930 357 8 11 0.036
604 318 7 10 0.036
510 260 8 9 0.035
43 275 12 19 0.035
312 336 8 10 0.035
892 353 9 11 0.035
868 377 10 13 0.035
92 264 11 41 0.035
21 289 12 16 0.034
767 375 11 17 0.034
254 290 9 11 0.034
689 295 8 9 0.034
935 316 12 25 0.034
267 307 8 10 0.034
929 354 11 22 0.032
125 285 24 15 0.032
504 278 7 10 0.032
741 430 14 17 0.032
115 246 9 58 0.032
912 314 12 25 0.032
844 467 17 19 0.032
0 510 15 46 0.032
199 276 9 11 0.032
35 309 12 24 0.031
473 271 9 9 0.031
416 261 10 24 0.030
37 320 13 18 0.030
914 319 8 14 0.030
278 244 7 8 0.030
138 299 15 27 0.030
896 350 9 16 0.030
521 358 11 26 0.030
684 328 11 15 0.030
695 340 12 13 0.029
699 342 11 14 0.029
255 373 9 12 0.029
993 536 20 28 0.029
66 264 15 55 0.029
837 332 9 12 0.029
892 304 10 29 0.028
7 280 14 12 0.028
902 398 12 17 0.028
622 221 7 9 0.028
816 291 9 19 0.028
391 350 11 14 0.028
976 483 20 47 0.028
992 378 13 16 0.027
520 266 8 9 0.027
509 264 9 11 0.027
901 302 8 82 0.026
669 357 12 19 0.026
305 307 9 10 0.026
714 310 15 24 0.026
971 333 9 20 0.026
1016 389 8 18 0.026
338 277 9 11 0.025
682 295 11 10 0.025
555 399 10 15 0.025
129 289 18 26 0.025
667 351 11 15 0.024
971 508 17 24 0.024
422 271 8 22 0.024
932 292 14 30 0.024
498 330 8 11 0.024
718 302 10 26 0.024
392 347 11 28 0.024
808 369 11 15 0.023
52 268 7 34 0.023
709 194 8 13 0.023
568 261 8 9 0.023
197 273 9 14 0.023
29 267 9 10 0.023
692 369 14 14 0.023
693 307 9 14 0.023
180 282 9 12 0.023
923 406 19 22 0.023
663 291 11 85 0.023
788 405 16 22 0.022
574 451 20 26 0.022
720 309 14 23 0.022
975 280 11 30 0.022
1005 485 17 23 0.022
471 272 9 15 0.022
182 473 15 30 0.022
370 259 8 8 0.022
903 413 15 19 0.022
566 257 8 16 0.021
627 194 10 10 0.021
947 307 16 31 0.021
751 270 9 74 0.021
1009 345 10 14 0.021
383 279 8 11 0.021
616 298 10 10 0.021
265 256 8 9 0.021
1013 472 11 19 0.021
875 330 11 15 0.021
523 370 12 15 0.021
253 268 10 11 0.020
737 293 10 26 0.020
167 343 23 25 0.020
705 196 8 10 0.020
924 333 9 18 0.020
623 217 9 24 0.020
940 391 13 16 0.020
372 241 8 78 0.020
862 278 6 35 0.020
36 300 10 21 0.020
495 333 9 11 0.020
423 280 9 20 0.020
987 437 14 20 0.020
26 271 11 13 0.020
739 417 11 18 0.020
576 383 10 13 0.020
649 348 10 15 0.019
751 284 11 23 0.019
491 335 8 11 0.019
599 327 9 11 0.019
422 258 8 11 0.019
773 290 12 16 0.019
267 282 9 11 0.019
624 200 9 11 0.019
94 314 21 28 0.019
639 313 8 11 0.019
426 481 16 22 0.019
917 299 6 44 0.019
1 354 13 26 0.019
339 331 9 12 0.018
380 266 20 24 0.018
791 401 19 21 0.018
96 282 16 22 0.018
578 358 11 14 0.018
16 282 15 28 0.018
573 426 13 17 0.018
635 446 13 17 0.018
845 306 10 24 0.018
895 482 16 24 0.018
856 277 14 23 0.018
575 313 8 12 0.018
799 415 15 27 0.017
794 282 13 25 0.017
440 303 13 13 0.017
867 411 11 38 0.017
693 296 9 29 0.017
930 416 16 18 0.017
515 366 11 16 0.017
132 260 9 22 0.017
539 265 10 11 0.017
950 270 7 9 0.017
600 291 8 32 0.017
338 311 10 15 0.017
184 340 16 24 0.017
1000 337 12 18 0.017
983 483 15 30 0.017
368 263 9 11 0.017
615 398 12 16 0.017
149 280 18 101 0.017
74 264 8 11 0.017
334 279 11 17 0.017
1008 401 12 16 0.017
894 489 13 22 0.017
790 459 15 26 0.017
735 286 10 23 0.017
622 254 6 8 0.017
855 319 10 20 0.017
786 339 11 13 0.016
515 399 12 19 0.016
257 289 9 21 0.016
575 313 9 21 0.016
287 334 8 13 0.016
329 445 15 24 0.016
740 305 17 12 0.016
988 315 9 20 0.016
509 257 8 9 0.016
36 261 8 23 0.016
970 301 11 28 0.016
951 273 7 28 0.016
693 358 15 28 0.016
243 275 9 13 0.016
947 328 11 26 0.016
792 288 16 14 0.016
744 297 14 29 0.016
681 401 12 16 0.016
866 387 13 24 0.016
621 251 9 12 0.016
268 248 9 23 0.015
215 413 11 17 0.015
305 301 11 16 0.015
458 301 13 15 0.015
794 415 15 24 0.015
600 319 10 22 0.015
658 279 9 12 0.015
747 354 11 15 0.015
710 292 9 14 0.015
337 336 9 12 0.015
279 244 7 15 0.015
1001 307 19 28 0.014
849 292 8 31 0.014
778 380 12 17 0.014
210 400 12 16 0.014
411 348 10 13 0.014
262 261 8 21 0.014
196 279 11 12 0.014
812 302 11 17 0.014
28 259 8 8 0.014
807 425 15 21 0.014
303 498 20 30 0.014
120 255 18 78 0.014
958 411 16 16 0.014
413 431 16 20 0.014
949 437 16 21 0.014
898 276 6 9 0.014
581 345 12 24 0.014
130 264 9 11 0.014
518 331 10 16 0.014
769 308 11 10 0.014
397 522 20 31 0.013
478 290 9 19 0.013
923 293 15 31 0.013
30 317 17 22 0.013
967 406 14 16 0.013
844 282 8 27 0.013
701 368 12 13 0.013
982 379 14 38 0.013
976 358 12 25 0.013
555 277 10 23 0.013
974 350 9 22 0.013
944 406 16 18 0.013
578 461 20 27 0.013
128 269 15 31 0.013
871 380 11 26 0.013
345 433 15 22 0.013
713 476 13 28 0.013
347 274 15 23 0.013
582 343 10 16 0.013
612 401 12 14 0.013
7 526 38 50 0.013
283 271 10 20 0.013
788 360 13 15 0.013
133 261 8 10 0.013
746 275 8 10 0.013
383 338 12 22 0.013
696 346 11 20 0.013
787 355 11 15 0.013
725 322 12 18 0.013
785 334 10 13 0.013
916 265 9 37 0.013
528 282 12 12 0.013
574 327 9 12 0.013
664 387 13 16 0.012
942 448 17 31 0.012
744 425 14 19 0.012
652 311 12 22 0.012
133 249 19 106 0.012
514 263 9 11 0.012
834 509 21 34 0.012
973 322 11 29 0.012
308 280 8 14 0.012
70 255 38 70 0.012
351 276 8 8 0.012
0 383 17 35 0.012
576 302 9 21 0.012
940 331 12 22 0.012
846 280 10 30 0.012
942 389 15 15 0.012
636 440 17 22 0.012
155 272 17 28 0.012
734 175 7 10 0.012
960 299 7 51 0.012
742 412 13 21 0.012
784 358 14 22 0.012
963 358 13 13 0.012
879 381 12 17 0.012
866 400 11 15 0.012
150 160 7 7 0.012
511 256 13 25 0.012
996 380 15 15 0.012
814 305 8 12 0.012
668 377 14 24 0.012
897 293 10 99 0.012
884 288 12 32 0.011
584 348 10 13 0.011
552 402 13 17 0.011
672 296 12 27 0.011
631 438 17 21 0.011
1008 319 10 26 0.011
368 378 14 13 0.011
154 269 12 19 0.011
900 365 11 15 0.011
474 265 8 24 0.011
1001 358 11 19 0.011
544 368 16 21 0.011
937 445 19 20 0.011
477 293 11 22 0.011
896 284 12 30 0.011
982 367 13 17 0.011
989 410 13 18 0.011
134 264 8 12 0.011
542 263 7 9 0.011
245 270 12 18 0.011
866 283 15 9 0.011
969 350 12 23 0.011
575 429 17 19 0.011
410 351 11 18 0.011
838 280 15 29 0.011
364 383 12 16 0.011
912 277 16 12 0.011
294 530 20 31 0.011
1009 281 9 18 0.011
895 272 9 22 0.011
742 274 15 32 0.011
270 523 24 46 0.010
358 447 16 25 0.010
413 510 19 26 0.010
292 318 9 10 0.010
917 304 18 32 0.010
931 311 21 35 0.010
734 174 8 20 0.010
950 277 12 31 0.010
855 288 13 31 0.010
656 275 9 19 0.010
716 239 8 9 0.010
536 278 12 21 0.010
877 291 13 30 0.010
607 313 8 20 0.010
132 311 17 26 0.010
982 535 21 26 0.010
370 375 11 12 0.010
944 383 12 18 0.010
580 450 18 24 0.010
34 306 32 40 0.010
972 291 13 31 0.010
