21_Festival_Festival_21_42
957
17 1165 13 17 0.844
800 1287 14 18 0.819
97 1168 14 16 0.803
699 1320 13 16 0.780
594 1164 13 15 0.770
140 1279 15 17 0.768
899 1207 13 18 0.762
773 1223 14 17 0.762
703 1291 15 18 0.752
2 1186 14 19 0.745
754 1317 15 17 0.739
626 1335 13 18 0.733
902 1326 16 20 0.725
874 1330 13 17 0.723
709 1217 13 15 0.717
541 863 9 11 0.715
769 1276 13 18 0.709
363 992 11 16 0.694
536 1285 13 17 0.692
762 1196 13 17 0.688
726 1275 13 17 0.686
773 1318 14 17 0.667
159 1268 12 15 0.663
602 1267 11 15 0.663
857 1223 12 17 0.661
973 1049 11 14 0.642
572 1199 12 15 0.638
75 1274 14 17 0.634
591 1206 13 17 0.630
873 904 9 11 0.617
916 1135 12 15 0.615
793 1012 10 13 0.611
838 1055 11 14 0.611
865 1174 13 15 0.611
217 1122 10 13 0.609
986 1167 11 15 0.603
639 1259 13 17 0.601
449 1005 10 14 0.599
19 1104 12 16 0.599
48 1211 13 15 0.594
78 1328 13 16 0.591
146 1150 11 16 0.588
700 1191 12 16 0.588
384 1294 12 17 0.588
696 1075 13 15 0.584
653 1193 12 16 0.582
887 1025 10 14 0.578
923 990 8 11 0.571
742 1193 12 15 0.569
801 873 7 9 0.567
682 1269 13 18 0.565
776 902 8 9 0.563
100 993 10 13 0.563
109 1113 12 16 0.556
80 1224 13 17 0.552
44 972 9 11 0.547
228 1055 11 13 0.545
93 1097 11 14 0.539
104 1333 15 20 0.535
94 1071 11 13 0.530
38 1269 15 18 0.525
824 868 8 10 0.524
160 1087 10 14 0.524
38 1284 14 18 0.524
64 1226 15 19 0.521
724 1342 14 19 0.521
748 950 8 10 0.517
111 1257 13 16 0.515
645 1149 12 15 0.513
661 1326 11 16 0.510
649 1047 10 12 0.506
687 1050 11 14 0.506
128 1133 12 15 0.506
671 1225 12 17 0.506
729 1177 11 15 0.504
120 1163 13 16 0.499
622 1193 12 16 0.497
141 1174 12 15 0.493
657 1305 13 16 0.490
878 1001 9 13 0.488
39 1096 12 15 0.482
669 1288 13 18 0.464
0 1319 12 20 0.464
60 964 11 13 0.462
393 1144 13 14 0.462
627 1232 12 18 0.462
253 1321 16 19 0.462
441 964 9 12 0.460
89 1047 11 13 0.451
828 946 10 12 0.449
151 1115 11 13 0.444
98 1291 14 17 0.436
588 1057 10 13 0.431
37 1275 16 22 0.427
628 1023 10 13 0.425
111 1054 11 13 0.425
552 1329 12 17 0.425
112 1233 13 17 0.423
177 980 10 13 0.421
474 1015 10 12 0.414
103 1015 10 12 0.414
640 1174 13 15 0.414
107 1208 15 18 0.414
691 878 9 11 0.412
600 948 10 12 0.410
607 1076 11 14 0.403
664 1259 12 16 0.403
835 1092 11 14 0.399
34 794 7 9 0.399
37 1070 11 14 0.399
124 879 9 11 0.391
844 966 10 14 0.384
700 1008 10 13 0.384
940 1156 12 15 0.384
571 1020 11 13 0.382
635 1069 12 15 0.382
722 1123 9 13 0.382
832 1089 12 15 0.379
172 1111 10 14 0.378
668 1138 13 16 0.378
620 976 9 12 0.372
701 1346 14 18 0.370
734 1104 11 14 0.368
535 908 8 11 0.365
671 851 9 11 0.361
687 999 11 13 0.361
184 854 8 10 0.359
646 886 8 10 0.359
767 954 8 11 0.357
770 940 9 11 0.353
309 930 8 10 0.347
0 1264 9 19 0.345
759 1315 22 20 0.343
750 914 8 11 0.341
143 868 9 12 0.335
708 1153 11 15 0.331
845 961 9 13 0.327
177 1013 10 13 0.325
646 995 10 14 0.325
261 1028 11 14 0.325
178 1138 11 14 0.325
528 804 7 8 0.324
827 1002 10 14 0.322
247 1143 11 14 0.314
709 897 8 10 0.312
614 1226 14 16 0.310
604 1001 10 14 0.308
679 1265 16 17 0.308
150 1017 12 13 0.306
70 1025 11 14 0.304
175 1214 13 18 0.302
631 899 8 12 0.301
807 1011 10 13 0.301
172 1219 14 18 0.295
610 1025 10 15 0.291
619 1310 11 14 0.288
432 1301 12 17 0.287
156 1244 12 15 0.286
623 979 12 14 0.284
574 979 9 11 0.280
833 1057 14 15 0.277
123 1093 12 16 0.277
536 1025 11 14 0.275
748 1264 10 14 0.275
18 1047 14 15 0.270
129 1072 10 13 0.270
32 829 7 9 0.266
529 999 11 12 0.264
582 880 9 13 0.261
752 1095 11 15 0.258
36 1343 16 21 0.258
463 954 10 12 0.254
197 1085 11 15 0.254
42 1329 13 18 0.254
177 820 7 10 0.252
103 948 11 16 0.252
826 1086 11 16 0.249
595 1348 12 16 0.247
792 1350 17 16 0.247
118 924 10 11 0.244
733 1180 14 21 0.241
247 1347 15 16 0.241
2 1252 10 18 0.236
142 915 9 11 0.233
99 874 8 10 0.231
695 1004 12 15 0.231
507 805 8 9 0.230
91 1350 17 18 0.230
341 1136 11 15 0.228
202 1280 12 16 0.227
626 1320 12 41 0.226
865 875 7 9 0.223
164 1201 14 16 0.223
660 1314 13 29 0.220
155 1328 13 17 0.219
611 1227 11 15 0.218
634 870 7 10 0.213
715 1216 15 17 0.213
668 1293 13 19 0.213
654 919 8 11 0.211
116 1050 13 14 0.211
700 1100 13 15 0.211
285 871 9 12 0.210
238 997 11 17 0.210
648 1183 14 23 0.210
256 1007 11 12 0.208
165 1045 13 17 0.208
22 1049 12 16 0.208
41 1230 18 19 0.208
647 843 7 10 0.204
203 936 8 11 0.204
73 1056 12 15 0.204
439 1141 11 16 0.202
139 1176 18 16 0.202
843 958 10 21 0.201
595 1298 12 14 0.199
648 839 10 17 0.197
857 1218 13 16 0.193
659 1060 10 14 0.192
795 967 9 12 0.190
797 969 10 11 0.188
696 1350 16 16 0.188
587 825 9 11 0.187
145 1162 12 24 0.187
50 1232 15 19 0.184
98 985 13 23 0.183
206 979 12 14 0.182
590 1055 12 24 0.182
601 1127 13 17 0.182
934 1151 18 16 0.176
730 1272 15 18 0.175
592 1246 11 15 0.174
620 1164 12 15 0.171
27 1339 15 22 0.171
62 848 7 10 0.170
199 1078 11 20 0.170
179 1142 17 16 0.170
39 1332 14 27 0.170
615 936 12 12 0.169
713 1344 28 18 0.168
205 1055 13 15 0.168
581 918 13 12 0.166
664 1351 15 15 0.166
717 1205 14 39 0.165
617 963 9 28 0.164
257 998 11 23 0.164
0 1082 7 17 0.163
820 1061 9 12 0.161
99 895 9 11 0.160
819 944 10 12 0.160
126 993 8 12 0.160
285 889 9 21 0.159
459 1011 21 14 0.159
11 1047 15 16 0.159
125 1097 20 14 0.158
251 977 11 14 0.154
169 1174 13 16 0.153
729 1165 12 33 0.152
482 1246 14 17 0.152
62 844 8 10 0.151
119 1013 10 14 0.151
191 913 8 11 0.146
138 1243 14 81 0.142
227 934 10 14 0.142
169 1038 13 25 0.142
172 1169 13 17 0.142
65 811 7 9 0.141
726 821 7 11 0.141
100 891 9 21 0.141
744 901 9 23 0.141
816 1006 19 14 0.140
269 950 13 13 0.139
718 896 12 13 0.138
207 976 10 26 0.136
275 1186 11 14 0.136
20 1087 14 46 0.135
734 869 9 23 0.135
102 942 11 15 0.135
572 955 16 10 0.134
99 1147 12 57 0.134
288 1070 10 12 0.132
567 960 13 21 0.130
659 1157 13 17 0.130
584 1001 10 14 0.128
620 1313 11 15 0.128
219 974 13 13 0.127
125 989 10 23 0.127
459 1337 13 18 0.127
610 1009 14 32 0.125
600 897 10 25 0.123
564 1068 11 14 0.123
6 877 8 11 0.122
110 1237 13 38 0.122
247 1339 16 20 0.122
312 902 8 11 0.120
187 1151 14 15 0.120
612 1023 20 16 0.119
680 1207 12 16 0.119
44 1324 12 15 0.119
642 936 9 12 0.119
731 1152 11 15 0.119
694 1245 13 16 0.119
277 838 9 33 0.118
634 861 8 23 0.118
1 1339 10 17 0.118
117 1196 13 17 0.116
52 964 18 16 0.115
252 968 11 35 0.115
93 1062 11 25 0.113
832 996 12 20 0.112
652 916 10 25 0.111
559 973 9 14 0.111
208 1013 11 26 0.111
276 849 8 12 0.111
605 1123 11 13 0.110
365 792 7 10 0.110
640 929 12 27 0.108
852 1218 12 16 0.107
615 1333 23 31 0.106
692 786 8 23 0.106
808 1007 12 14 0.106
0 1087 8 28 0.106
1 1237 10 58 0.105
528 989 11 28 0.104
713 1151 15 21 0.104
582 768 7 9 0.104
577 917 9 12 0.104
162 1051 11 32 0.104
121 1162 16 24 0.103
722 1216 14 16 0.102
697 1248 12 16 0.102
746 931 9 40 0.101
710 890 20 25 0.101
192 1063 13 35 0.101
691 1100 14 16 0.101
706 1098 14 17 0.101
783 1090 10 13 0.101
589 911 12 15 0.100
101 906 10 13 0.100
265 1005 11 13 0.098
792 1011 24 12 0.098
185 1065 17 14 0.097
193 1130 19 17 0.097
85 1201 14 19 0.097
161 1210 10 107 0.096
793 952 10 33 0.096
66 961 11 16 0.096
239 990 12 28 0.096
117 1001 13 32 0.096
542 850 9 37 0.096
733 874 9 13 0.096
459 776 7 8 0.096
798 1341 16 21 0.096
76 1241 13 83 0.095
568 907 10 19 0.095
690 1022 10 13 0.093
605 876 9 35 0.093
638 1069 13 19 0.093
580 869 9 27 0.092
596 1131 11 15 0.092
686 1002 22 18 0.092
663 939 15 12 0.092
572 985 10 28 0.092
681 940 9 12 0.091
433 1296 12 17 0.090
252 1328 16 23 0.090
511 809 8 9 0.090
222 818 10 20 0.089
699 731 8 10 0.088
628 888 14 26 0.088
73 1046 13 27 0.088
630 894 9 14 0.088
253 911 15 26 0.087
670 843 9 22 0.087
272 914 15 29 0.087
604 985 11 14 0.087
191 850 11 12 0.086
128 955 10 13 0.086
204 1039 13 33 0.086
625 1114 14 16 0.086
742 1088 10 13 0.085
607 856 9 28 0.082
556 952 10 12 0.082
2 1051 12 17 0.082
750 1092 11 13 0.082
605 886 9 16 0.081
204 928 11 22 0.081
70 956 12 13 0.081
680 1049 13 15 0.081
742 1083 14 50 0.081
573 857 10 18 0.080
672 840 12 33 0.080
691 1016 11 13 0.080
318 1163 11 14 0.080
304 917 15 29 0.079
599 1302 15 16 0.079
776 1093 18 14 0.078
635 981 18 33 0.078
651 1302 19 64 0.077
718 1124 10 13 0.077
227 922 11 31 0.077
272 1058 10 14 0.077
173 1176 13 84 0.076
227 828 10 38 0.076
189 955 16 26 0.076
607 1035 11 15 0.076
218 1087 10 85 0.076
145 858 8 12 0.075
52 1039 12 32 0.075
608 1229 32 16 0.075
674 878 10 28 0.074
617 920 10 35 0.074
175 1004 11 38 0.074
200 1037 13 25 0.074
175 939 11 88 0.074
688 1017 10 69 0.074
593 1294 19 32 0.074
624 1215 13 20 0.074
270 934 12 36 0.073
49 1051 16 26 0.073
197 1081 14 29 0.073
524 1315 13 16 0.072
658 926 11 28 0.072
145 1141 11 49 0.071
612 1238 13 26 0.071
330 820 9 18 0.070
112 1047 19 37 0.070
563 1063 10 14 0.070
524 1262 10 15 0.070
662 1260 11 110 0.069
557 949 10 23 0.069
594 1068 12 23 0.069
278 1185 11 13 0.069
789 943 9 18 0.068
694 993 12 39 0.068
312 1316 15 19 0.067
604 992 11 19 0.067
713 1153 20 34 0.066
227 836 9 22 0.066
628 804 9 19 0.066
570 961 11 36 0.065
402 1010 10 13 0.065
635 1093 12 23 0.065
293 1222 13 18 0.065
588 814 15 32 0.065
819 1011 13 12 0.065
691 793 8 11 0.065
863 875 9 15 0.064
696 1266 16 18 0.064
40 1231 12 105 0.064
257 949 15 32 0.064
526 1060 11 14 0.064
336 1134 13 25 0.063
607 827 7 30 0.063
20 1041 12 13 0.063
743 1266 20 16 0.062
327 826 9 17 0.062
309 1319 14 19 0.062
752 953 25 10 0.062
163 1066 17 27 0.062
592 1071 11 18 0.061
364 773 7 11 0.061
690 784 8 39 0.060
179 440 9 11 0.059
97 872 8 10 0.059
728 864 12 34 0.059
324 999 10 13 0.059
14 756 8 9 0.059
158 1240 16 24 0.059
191 960 13 16 0.058
365 782 7 23 0.058
606 981 13 34 0.058
307 925 11 19 0.057
326 817 11 37 0.057
129 1062 16 23 0.057
275 1062 14 15 0.057
644 1120 14 15 0.057
116 907 10 37 0.056
826 1056 12 14 0.056
83 1246 16 25 0.056
79 1257 15 26 0.056
478 1248 13 18 0.056
665 1286 13 16 0.056
187 961 10 13 0.055
43 1235 14 24 0.055
320 1305 12 14 0.055
170 1212 15 20 0.055
675 1066 15 24 0.054
584 1203 21 18 0.053
275 918 9 23 0.053
63 850 8 11 0.053
633 1106 14 26 0.052
890 881 9 10 0.052
558 1139 10 13 0.052
302 1217 11 17 0.052
311 913 8 44 0.051
126 1353 20 15 0.051
142 920 10 12 0.050
837 1096 11 15 0.050
552 1334 14 18 0.050
78 1292 13 67 0.050
286 1072 12 15 0.049
117 966 11 38 0.049
86 1096 12 16 0.049
118 949 15 30 0.049
617 1157 13 17 0.049
178 1227 14 18 0.049
156 975 9 14 0.048
726 805 8 27 0.048
-2 836 6 13 0.047
792 984 18 66 0.047
651 1325 24 19 0.047
441 967 10 16 0.047
331 1180 11 14 0.047
624 797 16 36 0.046
377 1223 12 15 0.046
675 880 9 16 0.046
420 1131 12 14 0.046
504 805 23 10 0.045
698 1275 13 114 0.045
712 849 10 32 0.044
77 998 10 15 0.044
585 815 9 40 0.043
249 843 14 39 0.043
682 1007 10 13 0.043
425 1132 19 18 0.043
262 875 13 41 0.043
644 929 21 27 0.043
125 1229 12 16 0.043
437 960 34 12 0.043
590 1240 12 18 0.043
329 917 11 12 0.042
256 749 8 36 0.042
222 897 15 31 0.042
638 1093 11 16 0.042
341 1221 11 14 0.042
596 1263 13 18 0.042
102 891 11 41 0.041
732 851 9 38 0.041
271 1139 11 14 0.041
642 1118 13 24 0.041
733 1118 11 131 0.041
110 1214 14 34 0.041
189 852 20 11 0.040
537 990 10 87 0.040
699 1259 14 29 0.040
243 1041 13 17 0.040
213 974 28 14 0.039
256 762 8 11 0.039
255 983 12 40 0.039
289 1223 12 16 0.039
318 1311 13 17 0.039
707 896 31 11 0.039
934 940 8 10 0.039
154 973 15 19 0.039
822 1035 11 79 0.038
275 863 17 39 0.038
466 955 10 12 0.038
205 997 16 40 0.038
589 1226 14 33 0.038
725 808 7 40 0.038
290 896 11 38 0.037
679 997 16 15 0.037
195 1138 13 20 0.037
445 1235 11 16 0.037
591 1246 25 17 0.037
89 1158 14 17 0.037
175 1111 11 16 0.037
196 957 12 21 0.037
859 1148 10 139 0.037
201 842 13 36 0.037
154 970 11 13 0.037
184 956 12 26 0.037
592 1235 20 32 0.037
15 756 13 8 0.036
806 1048 11 14 0.036
55 1128 11 15 0.036
107 916 22 26 0.036
637 1178 10 144 0.036
63 965 20 14 0.036
223 954 13 37 0.036
534 1027 12 37 0.036
176 1107 16 27 0.036
403 1137 14 15 0.036
161 1062 38 16 0.035
491 769 7 9 0.035
327 1172 13 25 0.035
584 754 9 36 0.035
522 1000 12 15 0.035
171 934 10 13 0.034
70 1337 19 30 0.034
748 912 9 23 0.034
307 1326 11 17 0.034
805 870 15 12 0.033
49 436 8 24 0.033
78 437 9 21 0.033
633 799 10 41 0.033
561 1072 12 14 0.033
248 1147 10 15 0.033
845 937 9 71 0.033
33 1228 13 16 0.033
519 1246 11 25 0.033
72 1024 16 19 0.033
723 1153 14 44 0.033
502 806 13 15 0.033
934 935 7 11 0.033
315 1239 11 15 0.033
621 1304 13 16 0.033
182 831 9 50 0.032
277 820 7 57 0.032
665 944 10 12 0.032
613 1064 16 25 0.032
100 923 11 14 0.032
234 1014 15 34 0.032
708 1144 10 135 0.032
247 1123 17 65 0.032
748 875 10 18 0.031
591 1337 12 17 0.031
434 1143 13 16 0.031
638 914 14 40 0.031
639 1266 12 17 0.031
915 835 9 12 0.031
307 1225 15 29 0.031
609 816 8 54 0.031
769 1143 12 140 0.030
667 795 12 41 0.030
245 914 20 32 0.030
241 991 21 40 0.030
66 1197 18 83 0.030
570 974 11 52 0.030
266 866 7 59 0.030
119 437 10 11 0.030
751 1189 15 21 0.030
391 951 9 11 0.030
112 1150 11 144 0.030
635 942 14 20 0.030
293 1150 13 16 0.030
844 1281 11 15 0.030
227 865 14 36 0.029
228 1012 15 37 0.029
580 858 9 49 0.029
1017 1073 8 13 0.029
691 1095 16 32 0.029
264 1352 16 15 0.029
324 990 13 26 0.029
528 1066 12 12 0.029
814 1091 12 16 0.029
310 1155 12 19 0.029
207 434 8 11 0.028
208 858 13 34 0.028
619 894 17 39 0.028
123 920 10 40 0.028
514 1125 13 24 0.028
227 800 6 55 0.028
670 786 6 57 0.028
741 751 8 10 0.028
526 1051 12 27 0.028
576 726 6 40 0.028
95 1105 12 119 0.027
606 1031 10 28 0.027
209 777 11 24 0.027
76 1307 14 18 0.027
255 839 13 42 0.027
81 1272 23 133 0.027
598 913 17 39 0.027
552 1137 17 19 0.027
75 1062 13 15 0.027
34 790 8 27 0.027
4 1249 12 17 0.027
636 938 39 13 0.026
651 1197 12 16 0.026
76 1251 30 16 0.026
559 939 8 46 0.026
167 1051 24 38 0.026
400 1008 10 12 0.026
433 1135 14 20 0.025
4 870 8 14 0.025
61 1352 21 14 0.025
27 854 10 12 0.025
561 948 13 17 0.025
659 1252 19 18 0.025
727 809 7 13 0.025
299 838 17 41 0.025
366 1028 12 14 0.025
914 828 9 25 0.025
72 1232 15 32 0.025
670 1168 9 151 0.024
225 806 12 42 0.024
988 1173 11 15 0.024
521 1252 12 27 0.024
564 1053 12 18 0.024
202 1169 13 16 0.024
134 1280 16 20 0.024
594 1156 16 36 0.024
305 822 20 41 0.024
261 1138 14 16 0.024
146 1184 16 29 0.024
698 1019 12 140 0.024
840 1091 12 15 0.024
554 951 26 11 0.024
146 823 10 11 0.023
790 1003 12 16 0.023
470 1012 14 23 0.023
110 1041 29 49 0.023
152 1191 12 18 0.023
188 982 11 36 0.023
531 908 9 12 0.023
589 1137 12 24 0.023
750 917 8 14 0.023
169 940 10 13 0.023
112 1293 15 15 0.023
437 962 11 13 0.023
723 820 10 41 0.023
603 877 25 35 0.023
29 829 8 10 0.023
651 1249 19 24 0.023
686 823 17 40 0.022
418 874 8 11 0.022
783 1011 11 14 0.022
506 808 8 10 0.022
411 1226 10 14 0.022
712 834 7 58 0.022
753 1194 19 17 0.022
456 950 11 13 0.022
575 982 19 40 0.022
83 1199 13 16 0.022
817 1058 18 13 0.022
310 814 8 58 0.022
536 952 9 126 0.022
860 857 10 36 0.022
517 1125 11 13 0.022
296 1212 12 44 0.022
744 881 11 32 0.021
493 1205 11 15 0.021
153 1334 17 22 0.021
37 1307 22 76 0.021
66 1246 22 26 0.021
642 904 7 64 0.021
362 1030 13 12 0.021
490 768 6 9 0.021
759 838 8 13 0.021
715 1178 17 37 0.021
81 1250 11 43 0.021
147 854 8 20 0.020
64 817 7 34 0.020
820 940 10 11 0.020
649 1117 21 37 0.020
332 798 8 30 0.020
18 753 8 9 0.020
603 861 13 42 0.020
606 855 20 41 0.020
530 1144 14 15 0.020
334 1110 11 91 0.020
49 442 8 11 0.020
440 1193 12 17 0.020
60 841 9 19 0.020
155 887 8 16 0.020
323 1005 10 14 0.020
383 1300 12 16 0.020
701 1111 10 151 0.019
510 799 10 17 0.019
579 837 9 21 0.019
756 832 12 27 0.019
777 883 13 45 0.019
426 1310 14 17 0.019
242 1032 16 35 0.019
211 900 21 31 0.019
80 436 11 23 0.019
274 1153 13 89 0.019
205 785 18 10 0.019
495 725 12 12 0.019
264 983 17 34 0.019
664 1170 19 35 0.019
853 1357 21 11 0.019
16 879 13 11 0.018
326 904 15 25 0.018
398 847 11 11 0.018
618 901 8 69 0.018
116 433 17 21 0.018
644 758 19 42 0.018
238 803 22 42 0.018
28 821 9 29 0.018
318 1143 18 60 0.018
533 1148 10 14 0.018
608 849 5 67 0.018
269 1062 28 14 0.018
497 726 7 10 0.018
512 1243 12 16 0.018
260 929 21 41 0.018
286 969 11 14 0.017
77 1016 21 36 0.017
292 882 6 66 0.017
330 795 15 34 0.017
588 810 9 27 0.017
837 1003 10 144 0.017
191 1027 24 47 0.017
411 1005 12 14 0.017
580 1147 33 129 0.017
585 1223 11 50 0.017
513 1129 10 14 0.017
789 941 9 10 0.017
571 1193 12 17 0.017
578 842 16 39 0.017
6 1324 13 17 0.017
161 1059 21 47 0.017
403 846 8 10 0.017
333 912 9 12 0.017
351 1025 13 19 0.017
524 1262 15 27 0.017
631 780 8 65 0.016
647 927 11 138 0.016
256 884 9 67 0.016
663 754 17 42 0.016
719 1237 15 24 0.016
613 1079 17 20 0.016
210 848 8 56 0.016
196 1286 12 15 0.016
636 1114 19 33 0.016
42 765 8 18 0.016
176 965 26 40 0.016
426 1299 12 18 0.016
311 858 15 27 0.016
334 830 11 14 0.016
359 1022 19 21 0.016
574 873 13 38 0.015
341 1044 10 13 0.015
493 1210 10 14 0.015
254 895 17 63 0.015
323 970 16 59 0.015
96 431 11 19 0.015
407 1012 12 14 0.015
531 1315 20 34 0.015
731 872 18 42 0.015
195 783 15 28 0.015
222 996 25 39 0.015
52 1116 13 25 0.015
364 1174 11 13 0.015
155 968 9 41 0.015
99 438 18 11 0.015
662 740 15 43 0.015
270 874 23 42 0.015
369 1217 12 15 0.015
571 910 10 142 0.015
643 1144 15 25 0.015
225 872 12 42 0.015
79 441 7 11 0.015
699 921 11 18 0.015
589 1291 12 17 0.015
250 1186 11 14 0.014
714 844 19 41 0.014
444 1188 12 18 0.014
468 1254 12 20 0.014
541 1284 15 18 0.014
379 1280 14 26 0.014
324 840 15 35 0.014
284 1219 13 17 0.014
901 1334 16 20 0.014
80 1233 9 156 0.014
702 1241 16 105 0.014
876 901 13 19 0.014
324 757 17 42 0.014
662 1227 14 20 0.014
0 837 7 11 0.014
438 1227 17 27 0.014
142 815 13 26 0.014
197 1174 15 19 0.014
674 1178 16 26 0.014
257 827 7 67 0.014
225 790 14 43 0.014
911 899 11 20 0.014
552 974 17 37 0.014
681 944 10 14 0.014
893 1028 10 12 0.014
450 997 12 18 0.014
146 430 11 25 0.013
343 734 15 40 0.013
249 1189 11 30 0.013
171 1319 15 18 0.013
202 432 10 27 0.013
1017 950 7 13 0.013
698 710 12 41 0.013
845 982 15 29 0.013
85 1159 13 16 0.013
391 658 9 24 0.013
834 853 17 28 0.013
586 742 12 42 0.013
144 1094 11 152 0.013
97 1033 12 152 0.013
234 1347 15 18 0.013
180 887 11 19 0.013
203 830 21 41 0.013
613 847 15 39 0.012
329 904 9 41 0.012
684 938 12 29 0.012
186 1014 22 39 0.012
79 1156 14 17 0.012
228 780 6 65 0.012
178 855 13 24 0.012
885 944 10 149 0.012
577 969 23 64 0.012
728 792 7 12 0.012
584 887 20 58 0.012
559 746 8 29 0.012
817 963 13 17 0.012
728 786 8 23 0.012
282 730 6 61 0.012
221 798 10 61 0.012
146 821 8 10 0.012
693 824 18 41 0.012
666 725 17 41 0.012
701 928 12 13 0.012
536 1113 12 15 0.012
552 1002 18 27 0.012
450 1011 11 14 0.012
457 1343 15 16 0.012
421 1132 18 15 0.012
641 980 12 24 0.011
549 1002 15 32 0.011
137 1042 14 28 0.011
580 1082 14 15 0.011
105 871 11 151 0.011
226 996 15 70 0.011
605 1062 32 26 0.011
741 747 8 21 0.011
407 1188 11 14 0.011
429 697 10 13 0.011
489 834 8 12 0.011
488 837 9 12 0.011
394 1003 17 35 0.011
669 777 10 144 0.011
601 1263 61 17 0.011
304 1191 13 90 0.011
61 894 21 149 0.011
519 1132 14 29 0.011
493 1201 11 14 0.011
679 1116 17 32 0.011
645 769 22 43 0.011
-1 1263 24 154 0.011
807 960 38 106 0.011
986 1158 12 16 0.011
183 1234 17 28 0.011
385 521 10 34 0.011
99 1105 20 23 0.011
537 1039 11 22 0.011
287 837 24 42 0.010
801 876 7 9 0.010
95 930 16 154 0.010
189 1221 14 48 0.010
320 1261 12 84 0.010
266 732 9 11 0.010
245 1203 12 17 0.010
733 835 7 66 0.010
277 741 16 41 0.010
8 757 10 13 0.010
584 808 31 45 0.010
682 1111 11 17 0.010
214 1091 13 14 0.010
