21_Festival_Festival_21_605
50
178 116 61 76 0.908
311 63 72 95 0.897
804 81 65 82 0.896
633 62 68 90 0.890
446 31 82 114 0.872
986 185 18 24 0.867
937 260 30 37 0.833
992 267 29 32 0.772
758 163 20 27 0.764
7 248 15 23 0.763
86 268 17 26 0.743
31 230 15 19 0.742
934 208 14 20 0.699
57 236 19 25 0.634
77 161 13 16 0.573
964 224 15 19 0.506
148 192 13 17 0.496
85 314 13 18 0.466
61 220 16 20 0.290
40 260 13 16 0.256
124 268 13 21 0.210
1 232 8 14 0.201
961 199 13 15 0.194
53 281 13 16 0.161
0 265 9 21 0.130
50 243 16 21 0.109
283 136 18 26 0.089
45 273 15 19 0.087
1007 296 16 22 0.079
79 317 14 15 0.061
1 229 7 12 0.060
996 297 19 23 0.059
64 237 16 23 0.055
994 278 28 38 0.053
961 229 17 22 0.049
29 227 14 17 0.041
895 174 17 25 0.031
955 197 13 15 0.030
121 273 13 18 0.025
13 107 9 11 0.023
1015 196 9 17 0.020
128 245 11 23 0.018
65 228 15 22 0.017
29 254 16 21 0.017
75 320 11 13 0.016
78 321 11 14 0.013
63 181 13 16 0.013
994 298 28 29 0.012
134 198 14 18 0.011
122 193 8 11 0.011
