21_Festival_Festival_21_275
135
966 330 16 19 0.809
752 227 11 13 0.786
255 263 33 58 0.783
687 230 10 13 0.771
998 346 16 20 0.665
1 181 33 102 0.650
688 107 8 10 0.611
311 337 29 35 0.604
920 350 8 11 0.575
882 342 8 11 0.560
903 348 8 10 0.365
713 114 7 9 0.291
747 123 7 9 0.263
790 98 8 10 0.259
862 343 10 12 0.230
129 205 26 40 0.212
741 336 13 15 0.195
352 297 25 45 0.195
868 345 10 12 0.188
749 104 7 8 0.170
724 124 7 9 0.163
710 93 7 8 0.163
566 339 22 27 0.157
109 204 33 48 0.141
766 112 6 8 0.130
538 332 12 16 0.125
647 105 8 9 0.115
627 335 19 21 0.110
645 107 7 9 0.105
765 346 10 11 0.103
809 95 9 10 0.100
922 347 8 11 0.098
512 324 17 27 0.098
899 387 9 11 0.097
747 114 7 23 0.096
860 340 14 19 0.095
849 346 8 9 0.094
705 239 10 13 0.094
834 346 7 8 0.092
852 344 14 11 0.078
854 344 22 10 0.077
860 340 11 13 0.077
652 101 12 10 0.074
866 116 6 9 0.073
946 348 9 12 0.072
528 326 16 22 0.069
948 345 11 14 0.065
658 98 9 11 0.059
914 403 10 11 0.057
944 352 9 11 0.057
748 341 17 14 0.055
842 91 10 13 0.052
716 328 15 21 0.052
514 304 17 60 0.051
530 311 14 22 0.048
657 98 7 9 0.048
803 96 15 11 0.048
872 335 12 13 0.044
536 313 10 13 0.042
831 343 13 11 0.039
634 333 17 23 0.038
787 97 21 11 0.038
735 332 13 17 0.037
826 339 9 12 0.037
516 317 16 26 0.037
824 338 9 10 0.032
747 127 8 9 0.032
874 312 21 73 0.030
796 105 8 9 0.027
519 308 17 26 0.027
724 127 6 8 0.026
877 341 15 14 0.025
804 194 12 15 0.025
712 328 14 18 0.025
957 333 18 17 0.024
896 337 10 12 0.024
621 336 19 20 0.024
996 343 14 18 0.023
93 196 49 66 0.022
831 341 9 10 0.022
645 110 8 12 0.021
857 104 7 11 0.021
854 391 6 8 0.021
759 346 12 12 0.020
513 325 32 23 0.020
954 338 10 14 0.019
786 94 12 22 0.019
463 337 18 24 0.019
739 94 11 22 0.019
849 206 10 13 0.019
810 353 9 11 0.018
825 215 10 13 0.017
534 333 37 21 0.017
663 95 8 10 0.017
134 274 24 43 0.017
745 331 13 16 0.017
522 303 16 21 0.016
806 190 15 31 0.016
555 333 18 23 0.016
839 95 11 13 0.015
743 95 10 11 0.015
578 345 17 21 0.015
824 87 9 11 0.015
137 213 19 30 0.015
737 104 10 22 0.015
337 302 37 49 0.015
646 103 19 14 0.014
744 343 11 13 0.014
962 394 10 11 0.014
747 228 12 14 0.014
1002 335 13 15 0.014
644 119 9 12 0.014
766 398 8 12 0.013
928 343 14 15 0.013
900 390 9 11 0.013
827 339 12 18 0.013
799 107 9 10 0.013
868 118 6 8 0.013
560 337 15 22 0.013
902 351 7 57 0.012
402 140 8 9 0.012
765 403 6 7 0.012
740 324 13 15 0.012
899 391 22 12 0.012
642 253 8 11 0.012
765 236 12 13 0.011
733 88 11 16 0.011
310 334 18 24 0.011
643 222 9 12 0.010
649 164 7 10 0.010
843 87 13 27 0.010
708 333 14 17 0.010
907 300 25 108 0.010
824 219 9 12 0.010
810 342 11 20 0.010
