21_Festival_Festival_21_604
838
163 627 21 24 0.800
10 544 17 20 0.797
72 591 18 22 0.783
207 629 22 22 0.707
200 496 12 16 0.699
508 442 9 12 0.690
685 504 12 15 0.684
139 474 9 13 0.675
920 532 16 17 0.650
273 625 16 19 0.641
27 497 11 15 0.640
206 437 9 11 0.632
763 554 15 22 0.627
861 511 12 15 0.613
9 478 11 13 0.609
946 464 11 14 0.586
730 585 15 19 0.582
892 658 19 17 0.579
219 455 9 12 0.575
897 460 9 11 0.571
798 649 18 22 0.558
16 629 19 22 0.555
56 560 14 20 0.554
207 594 16 20 0.553
988 472 9 12 0.543
1005 480 11 14 0.522
703 551 14 17 0.506
61 504 13 16 0.493
237 534 12 16 0.482
294 497 12 14 0.479
33 570 13 19 0.471
219 510 12 16 0.466
343 467 10 12 0.464
188 515 12 16 0.464
695 577 14 17 0.464
971 504 10 15 0.462
132 586 15 22 0.449
290 562 14 19 0.444
392 618 17 18 0.444
742 610 14 19 0.442
100 537 12 17 0.429
340 489 12 14 0.425
960 642 15 24 0.412
477 464 11 13 0.408
294 472 10 11 0.395
377 468 10 12 0.393
57 507 14 16 0.393
392 428 9 11 0.391
412 462 13 14 0.391
397 478 13 16 0.388
739 639 16 29 0.388
849 482 10 12 0.380
287 595 15 19 0.380
241 558 12 17 0.376
659 496 10 14 0.372
257 488 12 14 0.359
675 534 12 14 0.357
760 515 12 14 0.353
654 472 10 13 0.347
740 504 10 12 0.345
413 444 10 10 0.341
893 485 10 13 0.337
907 490 10 12 0.337
245 464 10 12 0.324
177 490 10 14 0.312
730 634 16 29 0.310
4 413 8 10 0.308
261 489 12 14 0.308
102 501 11 14 0.308
110 552 17 20 0.308
224 425 8 10 0.306
713 582 16 18 0.304
664 456 9 12 0.301
155 557 16 20 0.297
43 480 9 14 0.297
12 633 16 19 0.297
302 593 14 18 0.289
123 616 15 19 0.281
366 480 10 13 0.280
58 466 10 12 0.279
51 509 11 15 0.271
156 451 9 12 0.268
139 463 9 34 0.265
142 497 13 16 0.261
745 641 15 24 0.258
200 541 12 14 0.252
966 529 13 19 0.251
78 471 11 13 0.241
217 477 9 12 0.239
73 493 11 14 0.238
755 484 10 13 0.238
951 524 11 16 0.238
997 401 7 10 0.236
146 428 10 12 0.234
248 580 14 20 0.234
206 428 9 28 0.233
327 427 9 11 0.233
358 503 11 14 0.233
36 566 18 21 0.233
42 426 8 10 0.230
811 613 13 20 0.228
98 444 10 13 0.223
684 460 9 12 0.223
338 552 17 18 0.223
960 439 9 11 0.219
25 433 7 11 0.214
859 590 14 20 0.210
208 564 14 17 0.207
863 493 10 13 0.201
240 445 9 12 0.195
992 429 9 11 0.194
898 487 13 13 0.194
110 407 9 12 0.191
985 446 10 13 0.188
428 465 10 15 0.188
468 475 11 14 0.188
246 587 15 22 0.187
308 445 12 13 0.187
1013 464 9 17 0.187
40 510 11 13 0.187
241 428 10 11 0.186
34 445 9 11 0.186
397 441 9 12 0.186
997 453 14 13 0.186
63 500 14 17 0.182
107 411 9 9 0.178
874 462 8 11 0.178
962 413 7 10 0.176
107 476 10 12 0.176
952 430 8 11 0.174
249 463 10 13 0.174
484 556 18 20 0.172
920 451 9 11 0.170
317 529 12 17 0.170
418 417 10 12 0.169
989 450 12 15 0.169
425 415 10 12 0.168
804 511 10 14 0.168
748 532 13 17 0.168
279 420 8 14 0.165
96 448 10 12 0.155
117 551 19 21 0.154
960 526 16 17 0.153
93 526 14 20 0.153
787 543 11 16 0.153
240 481 10 13 0.152
192 502 14 20 0.152
461 451 9 11 0.151
314 446 10 12 0.150
969 497 11 39 0.149
701 478 9 10 0.148
294 527 11 14 0.148
1014 407 8 11 0.147
102 436 9 13 0.147
958 434 9 14 0.146
278 459 12 13 0.145
416 462 17 15 0.143
626 443 12 14 0.142
844 450 8 11 0.141
138 496 12 14 0.141
991 469 12 19 0.139
375 446 12 13 0.136
140 452 10 13 0.136
272 457 14 13 0.136
370 528 15 17 0.136
42 538 13 16 0.136
862 489 10 53 0.136
335 577 14 17 0.135
928 469 10 12 0.133
267 405 8 13 0.132
830 540 12 16 0.132
354 453 11 13 0.131
973 467 15 15 0.131
806 616 17 29 0.131
283 439 10 12 0.130
862 562 13 19 0.128
780 501 10 12 0.127
60 494 13 35 0.126
760 445 10 11 0.125
141 450 13 18 0.125
747 537 13 18 0.125
29 468 10 12 0.124
931 429 7 10 0.122
240 524 11 58 0.121
250 484 15 21 0.120
71 499 12 23 0.120
716 508 9 11 0.120
441 432 9 12 0.119
796 423 8 9 0.118
756 446 12 13 0.117
146 417 10 22 0.116
635 465 10 13 0.115
844 414 6 13 0.114
808 476 12 15 0.114
293 552 13 44 0.113
796 451 8 10 0.113
859 575 14 38 0.112
237 429 12 12 0.110
398 445 9 12 0.110
661 457 13 17 0.110
643 467 16 16 0.110
750 464 10 12 0.110
66 481 11 13 0.110
205 541 13 37 0.108
177 451 9 11 0.107
195 475 11 13 0.106
885 525 11 18 0.105
793 448 10 11 0.104
276 480 11 14 0.103
205 403 8 79 0.102
896 488 23 13 0.102
357 424 8 12 0.101
710 552 13 15 0.101
252 577 12 18 0.101
947 423 9 83 0.101
141 443 11 21 0.099
245 597 15 19 0.095
738 607 14 21 0.095
36 500 13 23 0.094
465 400 8 12 0.094
1016 546 8 17 0.094
679 505 10 52 0.093
969 535 15 18 0.093
140 461 10 60 0.092
162 562 15 20 0.092
295 444 12 67 0.091
866 483 10 12 0.090
359 447 12 13 0.090
832 446 12 10 0.090
289 499 13 16 0.090
655 458 10 44 0.089
497 630 16 19 0.089
256 465 11 62 0.089
481 563 16 18 0.087
1001 419 7 10 0.087
385 514 12 15 0.087
76 443 9 11 0.086
948 506 10 14 0.085
454 429 9 11 0.084
437 437 10 20 0.083
401 406 9 11 0.082
974 444 16 13 0.082
447 420 10 12 0.082
356 415 9 21 0.081
710 420 7 10 0.081
374 524 17 20 0.080
783 435 9 15 0.079
747 536 18 27 0.078
140 444 9 12 0.078
179 413 8 21 0.077
632 444 9 12 0.077
197 471 11 12 0.077
270 485 12 15 0.077
461 376 6 9 0.077
872 440 8 20 0.077
128 412 10 17 0.076
217 457 10 31 0.076
1000 415 9 21 0.075
730 529 13 15 0.075
54 407 9 30 0.074
385 507 14 17 0.074
388 503 12 16 0.073
261 452 11 18 0.072
75 468 13 26 0.072
178 447 10 13 0.072
854 442 14 15 0.070
111 472 13 13 0.070
147 552 19 21 0.070
57 420 9 28 0.069
419 417 18 9 0.069
44 465 9 22 0.069
443 390 9 11 0.068
29 470 13 16 0.068
154 550 16 19 0.068
389 436 15 21 0.068
940 440 9 17 0.068
4 398 7 33 0.067
193 533 13 21 0.067
829 445 10 12 0.066
533 472 12 16 0.066
1010 387 6 11 0.066
175 415 10 19 0.064
52 455 11 27 0.064
733 647 15 25 0.064
42 412 9 29 0.063
749 453 9 19 0.063
169 473 13 14 0.062
363 472 12 22 0.062
225 416 7 22 0.061
443 426 12 18 0.061
99 402 18 23 0.060
87 406 10 28 0.060
846 473 10 18 0.060
728 530 10 14 0.060
678 422 8 10 0.060
1008 450 14 28 0.059
305 477 12 14 0.059
61 462 10 13 0.059
720 455 10 13 0.059
839 480 10 13 0.059
810 540 11 14 0.059
805 478 9 14 0.058
718 463 10 13 0.058
96 492 15 15 0.058
265 551 14 16 0.058
314 466 10 17 0.057
305 457 10 13 0.057
92 398 9 30 0.057
755 458 11 61 0.057
767 510 13 15 0.056
373 547 13 16 0.056
745 418 9 11 0.056
225 402 9 20 0.056
874 453 9 21 0.055
224 404 8 15 0.055
61 421 11 28 0.055
895 462 9 12 0.055
81 395 9 31 0.054
784 437 10 19 0.054
991 415 10 29 0.054
194 466 13 22 0.053
744 525 11 16 0.053
670 537 12 14 0.053
13 447 15 22 0.053
85 557 14 17 0.053
887 522 10 13 0.052
956 466 16 17 0.052
395 416 9 26 0.051
970 446 12 29 0.051
945 385 9 30 0.051
260 402 15 21 0.051
308 444 12 29 0.051
374 443 12 26 0.051
968 493 10 16 0.051
347 444 14 18 0.050
76 524 12 16 0.050
107 557 12 16 0.050
26 667 25 18 0.050
352 415 11 18 0.049
368 543 17 18 0.049
221 399 11 23 0.049
403 402 10 20 0.049
412 428 9 28 0.049
663 447 10 23 0.049
693 583 14 19 0.049
125 550 17 19 0.049
850 543 13 15 0.049
349 552 14 18 0.049
923 492 11 12 0.048
432 443 14 22 0.048
146 501 13 16 0.048
248 504 12 16 0.048
1009 382 8 21 0.048
152 462 11 13 0.048
835 506 10 14 0.048
97 520 13 17 0.048
434 446 10 14 0.047
997 381 7 51 0.047
52 439 9 23 0.047
167 471 11 13 0.047
891 488 10 13 0.047
879 540 12 16 0.047
986 628 15 20 0.047
966 475 11 17 0.046
746 545 11 16 0.046
311 591 15 20 0.046
242 420 9 21 0.045
332 416 10 22 0.045
336 434 10 22 0.045
22 447 11 24 0.045
169 565 12 17 0.045
832 441 13 23 0.045
461 412 11 13 0.045
767 472 9 12 0.044
749 446 10 13 0.044
366 532 15 16 0.043
890 436 8 22 0.043
708 415 8 20 0.043
255 438 15 23 0.043
215 514 13 16 0.043
827 644 20 29 0.043
950 521 22 19 0.043
209 399 7 14 0.043
829 415 14 14 0.042
208 394 8 24 0.042
942 447 11 23 0.042
40 465 16 25 0.042
961 399 9 30 0.041
903 424 15 28 0.041
784 538 11 17 0.041
310 390 7 19 0.041
324 578 17 20 0.041
737 530 16 18 0.041
760 476 12 21 0.041
926 470 10 26 0.041
963 466 17 14 0.040
320 398 11 24 0.040
789 448 10 17 0.040
955 436 12 17 0.040
293 435 18 21 0.040
342 431 9 99 0.039
832 508 10 64 0.039
736 418 10 12 0.039
505 630 14 19 0.039
822 645 18 24 0.039
158 442 11 18 0.039
261 378 10 29 0.038
309 385 10 27 0.038
316 447 14 26 0.038
420 451 16 28 0.038
225 428 27 12 0.038
443 436 11 12 0.038
271 410 12 30 0.037
379 442 28 13 0.036
209 585 14 21 0.036
50 629 16 20 0.036
383 388 7 17 0.036
42 397 11 30 0.036
300 457 15 18 0.036
168 556 13 19 0.036
164 570 14 18 0.036
988 605 16 20 0.036
228 445 17 25 0.036
830 511 13 14 0.036
105 546 57 32 0.036
672 478 11 14 0.035
4 482 10 14 0.035
821 524 10 13 0.035
394 447 30 65 0.035
998 438 12 30 0.035
821 418 17 9 0.035
24 431 14 31 0.035
897 434 15 27 0.034
217 454 21 12 0.034
810 403 9 26 0.034
427 411 17 24 0.034
179 501 14 27 0.034
949 502 29 62 0.034
904 451 26 12 0.034
1010 649 14 30 0.034
70 432 13 27 0.034
842 442 16 20 0.033
140 475 28 57 0.033
466 396 8 11 0.033
305 458 17 28 0.033
76 511 12 27 0.033
563 405 9 11 0.033
1007 422 15 26 0.033
441 384 9 23 0.033
822 410 16 26 0.033
506 441 11 20 0.033
654 469 11 23 0.033
279 420 9 30 0.032
952 428 14 28 0.032
193 450 10 23 0.032
860 417 12 29 0.032
827 418 23 9 0.031
1012 438 12 24 0.031
686 462 10 14 0.031
412 369 9 28 0.031
798 459 9 13 0.031
278 511 13 17 0.031
925 592 14 17 0.031
8 448 12 23 0.031
171 500 12 17 0.031
1003 434 11 92 0.031
184 383 9 31 0.030
358 507 12 15 0.030
361 540 15 19 0.030
992 420 17 29 0.030
391 528 11 16 0.030
131 573 15 21 0.030
94 407 25 12 0.030
913 503 12 16 0.030
914 533 16 17 0.030
956 426 14 28 0.030
933 393 12 32 0.030
910 442 19 27 0.030
437 400 10 25 0.029
854 440 11 28 0.029
129 616 18 21 0.029
464 396 9 24 0.029
292 483 12 80 0.029
79 413 13 30 0.029
198 425 15 27 0.029
176 493 29 16 0.029
378 409 10 23 0.029
0 429 9 21 0.029
76 442 11 25 0.029
43 492 13 16 0.029
393 383 8 100 0.029
862 462 13 16 0.028
657 493 12 42 0.028
109 488 12 15 0.028
87 478 15 18 0.028
137 548 15 17 0.028
293 550 14 18 0.028
1012 404 11 28 0.027
336 495 13 18 0.027
774 516 11 16 0.027
753 439 11 90 0.027
719 453 10 21 0.027
368 503 18 17 0.027
661 397 7 8 0.027
167 420 13 25 0.027
635 457 11 18 0.027
883 382 7 31 0.027
393 607 16 21 0.027
816 466 13 19 0.027
814 648 17 24 0.027
965 646 18 22 0.027
844 402 10 28 0.026
843 421 11 28 0.026
903 434 16 31 0.026
84 406 19 28 0.026
401 487 12 16 0.026
331 523 14 16 0.026
255 554 18 18 0.026
296 563 15 20 0.026
962 449 15 15 0.026
65 381 15 31 0.026
379 448 10 22 0.026
671 421 12 11 0.025
644 535 11 15 0.025
790 548 13 15 0.025
537 477 11 16 0.025
875 516 21 60 0.025
739 419 17 9 0.025
2 440 10 22 0.025
295 556 16 20 0.025
336 564 18 24 0.025
227 411 15 29 0.025
252 407 25 10 0.024
803 499 12 33 0.024
701 549 12 16 0.024
822 495 11 14 0.024
413 375 7 17 0.024
83 387 6 46 0.024
947 377 5 45 0.024
904 463 10 14 0.024
784 546 13 17 0.024
832 367 8 16 0.024
485 551 17 19 0.024
861 411 9 28 0.023
316 476 15 16 0.023
315 461 12 26 0.023
24 500 11 15 0.023
248 601 14 18 0.023
295 632 16 20 0.023
71 375 6 44 0.023
265 414 22 23 0.023
359 449 12 94 0.023
807 441 11 82 0.023
496 553 13 17 0.023
827 493 11 21 0.023
675 556 11 16 0.023
833 545 11 14 0.023
969 471 17 20 0.023
949 366 8 8 0.023
695 400 7 13 0.023
184 392 8 32 0.023
618 434 11 12 0.023
750 459 15 24 0.023
981 576 18 19 0.023
460 407 11 25 0.023
860 525 14 80 0.022
387 608 18 22 0.022
987 503 13 16 0.022
801 604 19 75 0.022
296 394 12 28 0.022
332 451 14 26 0.022
414 358 9 14 0.022
960 443 15 25 0.022
1013 659 11 20 0.022
283 395 12 29 0.022
730 419 10 21 0.022
727 468 14 16 0.022
381 614 20 22 0.022
983 378 15 32 0.022
725 578 12 16 0.022
837 506 14 19 0.022
109 456 10 19 0.022
820 445 12 25 0.022
936 471 11 15 0.022
617 443 11 15 0.021
866 420 14 30 0.021
773 553 16 20 0.021
345 524 37 54 0.021
548 378 8 10 0.021
312 522 15 20 0.021
167 416 22 16 0.021
0 451 20 17 0.021
105 502 12 15 0.021
323 558 16 18 0.021
202 594 16 20 0.021
259 418 14 30 0.021
335 520 12 15 0.020
166 471 16 23 0.020
291 581 16 21 0.020
896 422 18 30 0.020
375 552 12 15 0.020
179 415 12 28 0.020
456 396 14 25 0.020
442 420 18 31 0.020
338 548 34 24 0.020
984 586 17 24 0.020
456 368 11 26 0.020
8 374 6 42 0.019
839 542 24 15 0.019
141 493 14 36 0.019
116 405 17 30 0.019
106 465 13 44 0.019
824 389 8 27 0.019
50 399 14 32 0.019
116 421 11 13 0.019
478 460 12 15 0.019
1011 531 10 25 0.019
286 586 14 22 0.019
106 435 15 98 0.019
728 494 12 19 0.019
833 371 6 8 0.019
89 560 11 16 0.019
414 413 8 47 0.019
884 409 9 31 0.019
938 441 11 28 0.019
247 399 14 25 0.019
944 468 13 16 0.019
763 507 21 21 0.019
299 409 9 27 0.018
367 481 15 17 0.018
347 410 18 26 0.018
467 443 9 13 0.018
194 546 14 19 0.018
294 427 9 113 0.018
268 418 17 31 0.018
160 543 17 20 0.018
32 628 16 21 0.018
953 636 14 21 0.018
887 394 8 32 0.018
730 474 16 17 0.018
233 485 14 21 0.018
3 637 13 16 0.018
164 392 13 31 0.018
418 415 13 25 0.018
120 621 13 18 0.017
986 580 14 62 0.017
224 398 15 27 0.017
253 509 13 15 0.017
20 443 21 30 0.017
1014 510 10 69 0.017
679 505 14 24 0.017
876 529 13 22 0.017
746 409 15 25 0.017
695 411 9 27 0.017
89 416 16 30 0.017
807 421 12 29 0.017
40 441 14 30 0.017
464 363 8 83 0.017
354 369 15 31 0.017
805 489 12 18 0.017
1012 541 13 22 0.017
1010 594 11 20 0.017
208 440 21 33 0.017
244 417 9 113 0.016
77 493 34 75 0.016
769 419 11 30 0.016
847 545 13 16 0.016
186 375 6 46 0.016
61 452 9 31 0.016
392 428 19 103 0.016
186 383 16 32 0.016
487 499 12 15 0.016
821 394 13 31 0.016
610 415 8 11 0.016
322 564 19 25 0.016
660 433 37 61 0.016
799 618 15 20 0.016
801 493 12 14 0.016
885 659 21 18 0.016
764 430 11 25 0.016
898 402 8 113 0.016
805 450 8 107 0.015
130 395 11 31 0.015
35 566 11 17 0.015
401 476 13 35 0.015
1008 583 13 20 0.015
346 419 17 28 0.015
133 497 14 16 0.015
977 537 15 18 0.015
286 439 33 19 0.015
292 424 12 28 0.015
44 386 7 52 0.015
23 393 16 32 0.015
699 437 10 20 0.015
979 531 14 19 0.015
78 563 16 20 0.015
189 429 27 20 0.015
430 470 11 14 0.015
790 645 14 19 0.015
332 406 13 38 0.015
771 410 9 30 0.015
660 434 8 22 0.015
883 496 13 23 0.015
698 436 18 85 0.015
466 413 9 16 0.015
218 481 14 28 0.014
698 583 19 27 0.014
316 490 14 20 0.014
179 467 17 20 0.014
179 520 14 23 0.014
188 414 11 27 0.014
946 406 15 31 0.014
856 532 14 23 0.014
712 477 20 14 0.014
640 472 17 13 0.014
1002 501 14 17 0.014
702 440 18 14 0.014
101 398 9 111 0.014
26 406 15 31 0.014
766 441 14 22 0.014
53 568 15 20 0.014
272 506 15 21 0.014
73 401 21 42 0.014
51 431 11 41 0.014
621 447 11 18 0.014
709 384 9 23 0.014
633 564 11 15 0.014
373 611 17 20 0.014
937 383 6 54 0.014
158 573 16 20 0.014
135 418 13 26 0.013
986 607 19 56 0.013
816 422 11 29 0.013
874 565 13 17 0.013
709 388 9 11 0.013
847 535 13 22 0.013
999 508 11 14 0.013
490 503 12 14 0.013
1013 599 10 20 0.013
996 612 18 19 0.013
358 503 19 16 0.013
30 568 15 47 0.013
660 426 9 24 0.013
264 433 18 30 0.013
974 424 14 27 0.013
973 361 10 15 0.013
305 496 17 20 0.013
212 540 18 17 0.013
737 649 16 26 0.013
53 387 9 54 0.013
1013 525 9 16 0.013
645 589 13 18 0.013
645 532 14 15 0.013
801 448 15 22 0.013
970 653 16 19 0.013
292 590 18 20 0.013
963 385 6 56 0.013
100 380 18 31 0.012
971 631 16 23 0.012
774 495 14 17 0.012
347 383 14 30 0.012
683 561 13 16 0.012
143 592 14 19 0.012
705 600 13 17 0.012
109 352 7 8 0.012
140 393 15 32 0.012
882 546 13 17 0.012
289 614 16 20 0.012
729 419 22 10 0.012
836 417 12 31 0.012
713 438 15 25 0.012
36 489 15 50 0.012
647 528 30 29 0.012
826 399 15 32 0.012
180 496 19 38 0.012
898 449 12 71 0.012
787 367 7 18 0.012
769 488 16 23 0.012
-1 595 6 18 0.012
788 655 16 20 0.011
58 400 8 117 0.011
306 533 16 17 0.011
622 431 14 23 0.011
489 563 13 18 0.011
893 466 11 45 0.011
420 387 13 26 0.011
804 406 17 31 0.011
178 496 15 71 0.011
847 430 15 110 0.011
378 609 18 21 0.011
475 489 16 18 0.011
341 569 16 23 0.011
317 501 13 22 0.011
137 595 18 19 0.011
725 437 12 19 0.011
107 517 11 15 0.011
744 482 29 96 0.011
245 385 11 29 0.011
893 393 17 31 0.011
674 440 12 22 0.011
172 510 13 17 0.011
208 376 7 48 0.011
225 403 20 43 0.011
990 580 21 20 0.011
561 397 10 25 0.011
899 381 11 32 0.011
30 623 15 22 0.011
1014 530 9 28 0.011
916 365 6 8 0.011
993 398 6 60 0.011
931 471 14 20 0.011
665 509 14 15 0.011
802 608 14 20 0.011
360 473 23 104 0.011
692 591 15 20 0.011
161 383 16 32 0.011
125 382 17 32 0.011
163 415 19 36 0.011
1014 391 7 58 0.011
166 384 7 47 0.011
172 465 30 21 0.011
61 429 24 37 0.011
999 592 19 22 0.011
396 402 11 47 0.011
144 374 10 113 0.011
264 356 17 32 0.010
784 627 14 19 0.010
903 462 19 13 0.010
449 366 12 21 0.010
989 633 19 25 0.010
175 536 17 18 0.010
847 513 15 15 0.010
283 643 17 21 0.010
512 627 13 19 0.010
1006 530 14 17 0.010
358 382 17 31 0.010
765 464 24 94 0.010
247 510 13 15 0.010
