21_Festival_Festival_21_218
33
98 155 44 59 0.800
951 145 38 43 0.793
303 117 36 55 0.792
637 170 35 39 0.791
859 116 39 50 0.759
571 196 33 49 0.702
542 210 29 43 0.696
317 192 30 39 0.678
431 257 22 28 0.611
397 232 27 35 0.410
530 249 21 29 0.308
688 198 19 27 0.214
547 202 61 46 0.168
469 256 19 29 0.090
0 329 14 38 0.077
1001 24 24 84 0.062
415 243 19 26 0.061
476 258 21 27 0.055
767 191 26 28 0.045
545 236 20 26 0.039
409 234 24 31 0.038
404 249 17 22 0.038
535 234 22 28 0.034
484 249 24 35 0.032
143 190 22 27 0.032
325 202 43 49 0.028
130 189 25 32 0.024
471 270 16 20 0.023
36 366 17 27 0.021
460 238 17 27 0.019
10 315 20 25 0.014
514 214 28 45 0.013
526 273 19 26 0.012
