21_Festival_Festival_21_219
131
562 284 83 109 0.862
583 437 8 12 0.648
610 439 8 11 0.646
644 444 8 10 0.609
559 447 8 10 0.597
633 452 8 11 0.545
65 396 15 20 0.460
669 447 8 12 0.457
542 444 8 10 0.376
526 438 9 10 0.306
583 436 15 14 0.234
708 448 11 12 0.208
360 439 31 48 0.187
554 446 13 13 0.182
694 453 9 11 0.178
974 142 11 13 0.171
706 381 8 11 0.170
704 357 7 8 0.170
632 444 9 25 0.152
555 444 11 11 0.138
557 451 9 10 0.125
51 396 14 18 0.116
696 446 8 9 0.112
318 541 8 10 0.096
963 151 11 13 0.090
865 337 6 8 0.087
521 437 14 14 0.082
694 447 28 14 0.080
825 139 9 13 0.076
693 443 13 23 0.075
888 279 9 9 0.065
669 448 10 17 0.064
704 346 7 25 0.063
12 560 9 10 0.061
997 133 9 11 0.061
944 142 11 13 0.059
942 281 8 11 0.052
513 478 9 13 0.049
807 363 8 9 0.049
707 383 11 10 0.045
704 450 13 12 0.042
527 434 10 12 0.041
890 148 9 15 0.041
513 483 8 11 0.038
971 386 7 9 0.036
319 535 9 21 0.036
726 354 10 12 0.031
767 361 9 11 0.030
862 330 13 21 0.030
605 424 31 48 0.030
979 364 7 10 0.029
517 473 9 12 0.029
600 476 8 11 0.028
697 345 9 18 0.028
601 412 9 10 0.027
872 147 10 14 0.026
825 335 7 16 0.026
484 426 8 10 0.026
899 288 8 15 0.026
396 532 7 8 0.025
147 537 7 9 0.024
507 454 9 15 0.024
592 452 12 15 0.023
1015 145 9 13 0.023
907 151 8 11 0.022
832 323 8 14 0.022
855 144 8 11 0.022
504 446 12 21 0.021
518 460 10 18 0.020
600 456 9 12 0.020
599 409 8 15 0.020
510 476 9 12 0.020
936 137 10 12 0.020
173 537 13 11 0.020
310 521 7 10 0.019
670 418 8 10 0.019
970 127 9 15 0.019
576 457 9 11 0.019
702 373 9 12 0.019
23 563 11 11 0.019
782 345 9 18 0.018
66 390 14 21 0.018
667 414 10 15 0.017
511 454 13 27 0.017
785 368 9 11 0.017
638 455 12 19 0.017
655 455 13 15 0.017
170 531 10 17 0.017
857 142 10 13 0.016
969 122 14 59 0.016
144 545 9 12 0.016
671 422 7 9 0.016
970 129 10 21 0.015
277 548 13 15 0.015
539 452 10 14 0.015
131 543 10 11 0.015
528 416 40 64 0.014
280 548 9 11 0.014
998 132 17 18 0.014
45 471 8 9 0.014
894 277 14 25 0.014
509 444 9 27 0.013
704 331 7 58 0.013
692 457 10 12 0.013
510 427 10 17 0.013
829 282 13 14 0.013
166 541 12 12 0.012
395 529 9 17 0.012
333 522 8 10 0.012
711 444 10 14 0.012
699 339 9 13 0.012
602 409 11 25 0.012
717 347 16 28 0.011
833 326 6 9 0.011
890 140 11 23 0.011
914 128 8 18 0.011
26 557 10 17 0.011
942 115 12 68 0.011
806 361 11 13 0.011
827 319 11 22 0.011
565 452 13 11 0.011
862 365 8 12 0.010
166 531 19 23 0.010
514 464 7 38 0.010
888 271 9 31 0.010
882 151 19 13 0.010
784 356 10 25 0.010
868 135 15 29 0.010
964 157 10 13 0.010
130 535 9 20 0.010
354 526 13 20 0.010
