21_Festival_Festival_21_414
37
287 343 20 37 0.540
821 580 90 103 0.223
910 368 33 51 0.149
811 569 64 96 0.083
151 347 15 20 0.075
339 615 53 67 0.072
599 331 44 86 0.060
986 364 13 17 0.045
113 252 18 22 0.045
8 336 16 21 0.043
958 598 65 84 0.040
998 378 15 26 0.037
971 379 15 18 0.032
25 368 14 18 0.032
1018 394 6 28 0.031
434 595 62 84 0.028
590 340 60 114 0.027
44 308 17 21 0.025
126 419 25 36 0.024
42 342 17 20 0.023
477 380 11 15 0.020
969 378 20 29 0.018
991 356 16 50 0.018
105 279 22 28 0.018
984 360 18 43 0.018
549 297 20 32 0.017
49 397 23 27 0.017
413 351 22 36 0.017
299 343 18 26 0.015
981 366 16 19 0.015
984 346 14 43 0.014
43 348 18 21 0.014
944 384 33 40 0.012
958 399 15 23 0.011
48 349 17 25 0.011
474 382 15 22 0.011
274 306 19 21 0.010
