13_Interview_Interview_On_Location_13_521
35
177 217 37 51 0.886
895 10 111 143 0.885
708 40 88 148 0.850
881 211 32 43 0.833
537 407 52 62 0.122
489 314 6 7 0.093
487 316 7 9 0.054
536 269 7 9 0.052
636 319 12 15 0.044
388 347 15 19 0.043
399 301 7 8 0.034
404 264 7 8 0.030
483 328 6 8 0.030
437 263 7 7 0.027
607 263 7 8 0.024
603 329 14 14 0.024
498 215 8 10 0.022
589 283 8 11 0.022
432 308 7 9 0.020
608 259 7 16 0.020
439 211 7 8 0.020
432 259 8 15 0.019
483 324 7 17 0.018
444 264 11 12 0.014
398 301 11 13 0.014
405 301 7 17 0.013
431 304 11 15 0.013
604 298 9 11 0.012
445 322 10 9 0.011
397 303 7 8 0.011
435 256 13 24 0.010
612 322 41 18 0.010
612 336 13 13 0.010
392 301 13 18 0.010
644 268 8 16 0.010
