13_Interview_Interview_Sequences_13_495
47
538 68 44 56 0.807
351 126 27 34 0.719
431 143 31 34 0.698
496 123 28 32 0.659
408 145 23 31 0.519
669 112 15 21 0.448
590 98 18 24 0.405
400 119 21 27 0.382
405 133 25 37 0.333
581 93 29 37 0.208
104 141 22 33 0.151
110 127 21 28 0.132
0 118 24 44 0.127
188 139 19 23 0.107
175 139 30 24 0.101
172 140 18 25 0.095
66 122 22 34 0.084
102 151 21 27 0.080
304 139 22 26 0.079
592 128 21 27 0.079
210 108 26 36 0.070
596 101 16 24 0.058
191 123 33 36 0.057
337 124 25 31 0.050
461 20 14 18 0.042
57 92 17 24 0.038
667 180 17 21 0.037
61 102 23 57 0.035
379 103 23 27 0.025
184 131 24 26 0.023
99 159 20 27 0.021
198 117 38 37 0.020
600 123 18 24 0.018
123 125 21 28 0.018
604 130 18 21 0.017
314 137 20 24 0.017
45 88 22 30 0.016
392 108 20 25 0.015
412 158 17 19 0.015
589 116 18 26 0.014
335 124 18 25 0.013
594 137 21 26 0.013
407 125 23 28 0.013
193 130 20 25 0.012
108 41 16 23 0.011
87 97 16 26 0.010
669 107 11 14 0.010
