13_Interview_Interview_On_Location_13_921
25
661 388 25 34 0.854
201 390 21 27 0.828
753 392 27 34 0.819
935 384 20 34 0.771
504 384 12 17 0.463
590 385 11 15 0.443
438 390 16 26 0.381
846 377 9 12 0.358
543 388 8 11 0.170
641 396 11 16 0.134
71 380 8 9 0.133
543 376 8 12 0.071
443 390 14 22 0.062
71 377 10 11 0.058
641 388 22 29 0.054
140 389 7 8 0.032
590 391 10 14 0.021
651 389 27 30 0.020
785 395 10 13 0.020
641 404 13 18 0.019
440 380 15 24 0.012
156 377 10 15 0.012
518 360 8 11 0.012
543 395 9 13 0.011
227 398 14 13 0.010
