13_Interview_Interview_On_Location_13_138
51
671 276 20 24 0.778
98 261 16 20 0.759
337 229 14 18 0.671
57 340 33 39 0.666
167 139 19 23 0.567
501 248 19 20 0.553
594 276 17 18 0.473
412 248 13 14 0.455
214 175 12 13 0.405
242 171 13 14 0.343
508 251 17 17 0.207
439 302 17 20 0.127
210 172 14 15 0.109
639 275 17 17 0.103
231 171 26 14 0.102
408 252 12 14 0.098
206 173 13 15 0.089
195 112 16 22 0.073
496 247 15 17 0.053
371 256 10 11 0.051
198 172 12 16 0.049
239 175 18 15 0.045
643 272 15 16 0.041
66 346 31 36 0.039
234 164 12 14 0.034
300 166 11 14 0.030
439 294 17 20 0.028
513 253 17 18 0.027
372 258 11 14 0.024
298 189 10 12 0.024
299 181 10 22 0.020
438 309 14 16 0.019
633 278 18 18 0.018
603 288 19 19 0.017
246 174 11 14 0.017
335 239 14 15 0.016
514 248 14 18 0.015
299 158 10 48 0.015
296 156 13 29 0.015
592 281 15 21 0.015
267 206 10 12 0.014
610 285 16 19 0.014
384 262 10 11 0.014
192 111 15 18 0.013
331 230 14 17 0.012
379 259 13 16 0.012
292 185 18 20 0.011
292 156 12 18 0.011
222 189 12 20 0.011
614 321 16 19 0.011
611 291 17 17 0.010
