13_Interview_Interview_2_People_Visible_13_1001
60
815 315 23 33 0.820
123 367 17 23 0.815
474 351 19 27 0.810
957 333 17 22 0.788
187 353 18 23 0.786
626 324 20 28 0.771
295 144 16 20 0.754
726 342 15 21 0.733
578 339 17 27 0.732
216 148 15 18 0.702
296 358 15 22 0.692
377 150 13 16 0.561
661 335 16 21 0.560
209 367 14 20 0.397
501 159 10 11 0.339
464 143 12 16 0.304
92 339 12 17 0.238
241 149 11 13 0.138
203 360 16 23 0.100
214 371 14 18 0.093
639 285 13 21 0.093
276 200 14 16 0.076
208 185 13 17 0.072
130 333 14 20 0.065
411 148 10 12 0.065
294 354 14 19 0.055
482 164 9 12 0.050
443 169 9 13 0.050
202 330 13 16 0.047
325 165 13 16 0.045
469 302 14 23 0.041
153 374 15 19 0.037
662 385 15 20 0.032
666 337 15 21 0.029
498 162 15 13 0.028
300 364 16 21 0.025
468 310 14 20 0.024
480 157 10 17 0.024
636 282 15 42 0.022
322 168 12 15 0.022
476 150 14 21 0.019
381 153 15 21 0.018
259 316 13 18 0.018
642 282 12 17 0.018
475 165 14 14 0.017
464 136 11 15 0.017
137 334 15 18 0.014
233 209 13 16 0.014
407 150 14 14 0.014
145 332 11 15 0.013
242 159 14 17 0.013
672 384 14 18 0.013
199 200 14 19 0.012
219 368 15 20 0.012
158 378 15 19 0.011
92 346 11 16 0.011
467 297 15 20 0.011
656 339 15 23 0.010
235 143 14 18 0.010
135 367 18 23 0.010
