13_Interview_Interview_2_People_Visible_13_223
36
570 108 31 37 0.846
120 45 42 50 0.828
120 318 40 48 0.826
419 49 42 50 0.820
652 319 38 45 0.818
277 105 35 41 0.814
865 320 40 47 0.806
293 375 31 38 0.804
458 377 28 35 0.782
699 64 39 50 0.775
822 107 32 40 0.733
743 260 13 15 0.329
714 294 6 10 0.097
0 329 12 20 0.090
0 57 12 21 0.056
891 33 12 15 0.040
714 296 8 10 0.040
555 424 7 10 0.037
804 309 10 11 0.036
511 354 10 12 0.032
1016 57 7 11 0.028
919 301 10 14 0.026
645 60 23 27 0.025
27 342 12 16 0.023
739 303 7 8 0.023
946 23 10 11 0.020
712 297 8 11 0.018
766 31 10 15 0.017
1003 12 21 42 0.017
349 302 8 10 0.017
516 302 6 8 0.014
512 351 10 13 0.013
709 288 9 11 0.012
740 301 9 9 0.012
735 298 9 16 0.011
951 80 11 15 0.010
