13_Interview_Interview_2_People_Visible_13_325
40
291 119 38 55 0.836
226 520 13 17 0.770
497 581 15 18 0.752
370 642 27 32 0.750
422 571 11 13 0.740
88 506 9 12 0.646
178 527 10 14 0.640
455 571 12 14 0.623
102 524 10 11 0.611
157 525 9 11 0.603
138 526 10 12 0.560
195 532 9 12 0.543
69 488 12 18 0.493
283 554 9 10 0.405
66 495 12 18 0.220
113 514 8 10 0.175
452 570 11 13 0.118
278 552 11 11 0.100
110 515 12 13 0.086
428 571 14 12 0.079
102 495 10 63 0.078
438 570 9 11 0.054
87 489 17 55 0.053
149 518 47 31 0.047
272 552 15 10 0.035
73 483 11 14 0.034
62 493 13 18 0.032
285 551 11 11 0.030
437 573 9 11 0.029
223 522 12 17 0.025
50 510 10 15 0.022
322 557 7 8 0.020
51 505 13 18 0.019
268 556 8 11 0.019
319 555 9 14 0.017
99 525 10 13 0.014
267 549 9 13 0.012
489 580 12 14 0.011
180 534 10 13 0.011
74 477 10 12 0.010
