13_Interview_Interview_On_Location_13_313
67
772 332 24 32 0.865
801 362 24 35 0.863
219 444 26 36 0.856
263 355 23 31 0.854
829 336 26 33 0.850
452 497 27 38 0.848
591 475 23 34 0.843
597 370 26 34 0.838
878 319 26 35 0.834
296 475 27 35 0.830
805 322 24 28 0.828
177 371 23 31 0.828
155 354 21 29 0.824
559 364 24 30 0.820
624 340 23 31 0.816
739 333 24 29 0.812
308 347 22 31 0.801
517 361 20 26 0.795
494 362 23 30 0.791
361 349 25 31 0.781
414 366 21 27 0.777
931 345 25 31 0.776
660 338 24 30 0.759
211 362 22 29 0.750
656 475 27 36 0.746
115 348 25 28 0.736
392 360 18 23 0.732
37 354 25 32 0.654
443 358 21 28 0.647
959 352 26 30 0.617
639 324 22 25 0.609
59 356 23 29 0.464
87 331 20 27 0.406
201 345 22 25 0.355
699 330 21 29 0.269
209 345 22 26 0.268
162 363 34 33 0.130
706 356 22 29 0.117
655 329 24 31 0.102
194 348 20 24 0.097
4 27 8 8 0.083
618 337 63 35 0.065
706 332 21 29 0.064
94 328 19 25 0.063
704 327 19 25 0.060
453 386 16 20 0.055
710 343 21 27 0.052
29 32 8 10 0.042
32 33 6 8 0.030
188 351 20 27 0.029
18 29 6 15 0.028
10 23 17 20 0.028
670 342 22 27 0.027
510 366 23 27 0.022
203 339 28 25 0.022
703 339 24 35 0.021
85 328 17 23 0.020
454 355 18 24 0.020
68 34 8 25 0.018
6 29 21 9 0.016
894 564 6 8 0.016
26 24 13 28 0.016
0 348 10 23 0.015
32 349 21 30 0.014
859 570 6 8 0.014
332 363 16 20 0.012
218 345 21 25 0.011
