13_Interview_Interview_Sequences_13_868
34
285 87 35 44 0.867
403 293 11 13 0.457
735 548 8 12 0.431
930 548 10 11 0.421
770 251 11 14 0.252
580 264 10 12 0.075
735 544 9 12 0.058
526 299 13 17 0.052
1012 45 8 10 0.047
975 253 11 15 0.043
883 520 7 8 0.039
635 519 8 9 0.037
727 548 9 12 0.030
777 251 13 14 0.028
940 296 22 31 0.023
739 548 8 11 0.022
587 253 12 14 0.020
426 38 39 44 0.020
943 305 16 21 0.019
926 542 10 14 0.018
728 554 9 12 0.018
1013 44 8 18 0.016
590 268 10 9 0.016
387 285 11 11 0.015
578 256 15 21 0.015
560 238 11 14 0.013
765 253 13 17 0.013
931 542 11 14 0.013
733 555 10 11 0.013
573 260 12 12 0.011
968 511 8 10 0.011
964 512 10 12 0.011
562 235 11 21 0.010
654 526 8 9 0.010
