13_Interview_Interview_Sequences_13_717
28
302 186 166 205 0.877
625 149 82 113 0.825
71 309 18 22 0.798
845 281 18 23 0.786
807 407 20 25 0.758
680 447 17 26 0.756
132 306 18 23 0.751
900 320 19 24 0.694
650 465 20 30 0.668
605 406 23 30 0.655
833 461 21 34 0.555
388 404 20 25 0.548
495 384 27 33 0.509
163 421 17 23 0.460
648 455 36 31 0.219
258 445 14 19 0.186
172 376 20 26 0.139
341 473 24 31 0.113
295 143 20 20 0.026
234 466 22 31 0.023
384 409 21 24 0.022
242 449 23 36 0.020
259 441 12 16 0.018
252 443 15 18 0.018
614 410 18 25 0.016
905 310 15 19 0.014
57 310 12 18 0.011
845 269 19 21 0.011
