13_Interview_Interview_2_People_Visible_13_668
77
935 454 20 26 0.774
599 471 15 19 0.736
290 469 12 16 0.563
416 474 11 13 0.554
126 716 12 15 0.477
706 473 13 17 0.387
531 472 12 19 0.368
224 709 14 21 0.318
41 722 13 17 0.246
107 695 12 14 0.238
91 734 14 18 0.227
224 730 14 23 0.222
223 702 14 42 0.197
293 745 12 18 0.186
85 686 12 15 0.179
5 684 13 18 0.179
392 739 13 20 0.158
21 725 13 16 0.155
528 476 13 19 0.142
345 735 15 19 0.123
67 732 14 17 0.110
31 746 17 20 0.110
255 729 16 24 0.102
58 690 9 14 0.071
295 741 10 12 0.069
153 710 16 21 0.069
93 689 26 19 0.068
252 734 17 27 0.067
702 471 13 19 0.062
33 716 16 53 0.061
419 477 13 18 0.061
33 691 11 16 0.059
423 487 12 16 0.056
257 725 14 17 0.049
31 698 12 19 0.046
182 748 16 19 0.045
322 748 14 17 0.043
715 625 18 22 0.042
346 755 15 14 0.042
254 743 14 21 0.037
252 726 16 20 0.031
56 694 11 16 0.031
147 749 18 19 0.030
5 713 14 16 0.029
167 749 33 19 0.028
387 745 15 18 0.025
29 673 11 14 0.024
180 718 12 17 0.023
706 479 15 20 0.023
524 488 13 17 0.021
257 738 15 21 0.021
614 754 22 16 0.021
110 698 12 15 0.020
198 704 14 17 0.020
32 684 11 15 0.020
605 754 22 14 0.019
0 672 10 15 0.018
288 470 10 14 0.018
714 632 19 21 0.018
135 712 19 20 0.017
691 502 16 20 0.017
25 728 43 40 0.017
188 744 16 22 0.016
58 700 13 18 0.016
426 495 11 14 0.016
622 754 20 14 0.015
53 674 31 46 0.014
700 456 14 20 0.014
307 753 18 14 0.013
402 759 12 9 0.013
70 760 14 9 0.013
342 731 14 19 0.012
261 721 13 17 0.011
204 708 14 20 0.011
196 739 16 22 0.010
177 649 8 9 0.010
108 750 16 18 0.010
