13_Interview_Interview_2_People_Visible_13_252
32
872 13 64 81 0.889
324 559 47 57 0.879
32 31 51 65 0.874
620 33 61 78 0.872
865 523 31 41 0.855
577 509 34 42 0.846
109 553 46 60 0.843
805 274 32 42 0.831
84 286 27 33 0.817
434 11 24 29 0.814
225 16 30 39 0.796
273 264 24 29 0.740
502 282 25 30 0.700
21 261 26 30 0.629
280 297 28 32 0.238
621 307 23 26 0.173
216 137 16 21 0.094
981 314 28 33 0.087
23 310 27 36 0.030
781 234 27 27 0.030
25 306 21 25 0.020
244 335 20 29 0.015
571 308 23 27 0.014
341 310 17 21 0.013
301 360 28 35 0.013
110 4 36 37 0.012
749 244 15 17 0.012
287 292 26 32 0.011
385 301 16 21 0.011
446 304 17 24 0.010
459 289 19 23 0.010
547 348 16 19 0.010
