13_Interview_Interview_Sequences_13_2
30
639 242 53 69 0.880
493 172 52 61 0.876
739 291 83 91 0.862
265 190 54 68 0.850
120 268 57 65 0.845
656 28 35 44 0.841
645 147 31 38 0.827
917 220 36 47 0.823
325 29 31 41 0.821
547 202 30 40 0.820
0 25 23 42 0.818
568 31 40 46 0.810
237 30 35 44 0.800
948 19 45 55 0.799
227 186 32 46 0.772
315 137 27 36 0.770
0 135 13 37 0.729
121 1 34 18 0.694
450 0 35 18 0.656
994 248 12 15 0.186
1016 225 8 24 0.109
992 249 9 12 0.074
996 246 15 17 0.064
805 1 40 22 0.063
232 96 22 26 0.044
938 25 13 17 0.017
373 147 14 19 0.015
1015 204 9 29 0.013
9 242 26 27 0.013
996 256 13 14 0.012
