13_Interview_Interview_Sequences_13_867
167
385 254 240 347 0.897
284 402 36 48 0.812
216 456 19 25 0.737
880 429 24 30 0.712
22 462 19 25 0.671
998 371 16 20 0.669
175 421 19 25 0.648
555 72 10 11 0.619
597 63 11 15 0.609
9 439 18 22 0.609
884 332 15 19 0.607
240 416 20 27 0.590
575 73 9 11 0.563
628 40 10 13 0.560
720 25 11 14 0.496
60 473 14 16 0.486
754 5 10 13 0.462
649 39 10 13 0.462
122 450 16 18 0.451
772 2 11 14 0.449
453 109 9 11 0.449
1002 368 17 21 0.433
433 119 9 12 0.299
513 73 10 11 0.255
681 28 11 12 0.247
827 6 12 14 0.230
847 1 9 11 0.223
75 453 15 18 0.214
747 21 9 12 0.213
858 393 20 22 0.210
1014 366 10 15 0.208
391 135 9 11 0.201
563 72 12 13 0.192
182 217 6 6 0.190
944 365 15 20 0.186
228 427 19 24 0.186
752 10 10 14 0.183
489 97 9 11 0.165
774 6 12 14 0.164
398 129 14 13 0.157
807 3 11 13 0.142
664 32 12 13 0.142
877 470 16 18 0.139
804 428 17 19 0.137
555 118 10 11 0.134
631 65 10 15 0.119
448 131 9 11 0.115
469 100 9 12 0.112
819 28 11 12 0.111
181 216 10 8 0.111
885 4 10 11 0.108
478 116 9 11 0.107
826 1 12 26 0.105
391 131 18 13 0.100
554 71 34 12 0.097
822 25 12 14 0.087
403 128 12 13 0.085
668 27 29 14 0.084
870 67 16 18 0.084
137 449 16 19 0.078
782 423 11 15 0.077
125 86 13 13 0.073
838 389 20 23 0.072
193 217 7 8 0.072
645 39 11 14 0.067
101 450 16 18 0.067
821 6 15 14 0.064
707 33 10 12 0.060
389 137 10 12 0.058
644 21 32 42 0.056
9 433 15 21 0.056
189 218 10 7 0.055
251 425 21 28 0.052
210 226 6 7 0.051
481 99 10 22 0.051
680 32 19 15 0.049
110 453 19 17 0.046
970 324 14 22 0.046
436 128 22 12 0.044
101 447 32 21 0.043
630 72 11 13 0.043
933 432 14 18 0.043
980 386 10 12 0.043
771 -1 10 11 0.042
92 448 18 22 0.040
407 127 12 19 0.039
809 23 12 13 0.038
710 29 13 15 0.038
812 24 14 15 0.035
618 47 10 13 0.034
57 464 13 17 0.033
211 420 13 17 0.032
472 98 11 12 0.032
574 116 11 14 0.032
131 391 17 24 0.031
65 464 15 19 0.031
454 128 13 15 0.030
75 446 21 22 0.029
173 215 15 14 0.029
77 454 22 17 0.029
943 398 16 19 0.029
826 435 19 22 0.028
143 445 17 18 0.028
803 9 11 14 0.027
165 222 6 8 0.027
255 433 17 24 0.026
626 25 42 43 0.025
892 390 17 20 0.025
396 172 9 12 0.024
898 14 10 13 0.024
524 68 12 14 0.023
403 112 46 38 0.022
574 77 11 13 0.022
319 437 10 14 0.021
241 224 10 9 0.020
863 390 23 23 0.019
943 405 13 17 0.019
458 130 13 13 0.019
832 439 17 21 0.019
817 461 17 21 0.018
63 478 14 18 0.018
804 22 11 13 0.017
596 60 9 13 0.017
810 28 12 12 0.017
953 388 16 19 0.017
840 1 16 15 0.017
572 68 15 12 0.017
941 360 16 19 0.016
926 7 13 15 0.016
968 319 15 21 0.016
948 367 15 20 0.016
491 93 10 12 0.016
858 10 16 16 0.016
900 10 12 15 0.016
239 89 9 12 0.016
803 305 17 22 0.015
642 20 15 23 0.015
168 417 18 24 0.015
146 450 17 18 0.015
211 86 11 10 0.015
625 61 12 16 0.015
316 432 12 18 0.015
70 450 17 18 0.014
826 387 28 27 0.014
400 124 12 15 0.014
267 372 27 29 0.014
621 61 13 17 0.014
807 433 14 18 0.014
647 21 17 22 0.013
946 381 23 36 0.013
218 220 14 18 0.013
209 85 9 10 0.013
435 131 17 13 0.013
32 415 15 18 0.013
375 161 8 11 0.013
142 437 16 22 0.013
217 87 9 9 0.012
130 86 12 14 0.012
975 385 19 14 0.012
938 376 16 20 0.011
8 448 14 24 0.011
214 86 14 14 0.011
889 331 16 18 0.011
841 440 15 19 0.010
120 88 13 16 0.010
679 22 12 14 0.010
26 419 18 16 0.010
