35_Basketball_basketballgame_ball_35_82
558
440 194 48 60 0.839
285 255 48 59 0.820
650 407 19 24 0.819
648 320 14 19 0.817
801 408 20 27 0.810
604 412 17 22 0.795
771 409 21 26 0.788
251 169 12 15 0.783
34 375 13 17 0.777
208 295 13 16 0.771
704 312 21 27 0.767
48 176 13 16 0.765
29 208 13 15 0.754
110 372 15 18 0.754
193 120 12 16 0.753
706 257 12 15 0.753
142 230 12 15 0.752
184 250 12 15 0.752
130 71 11 16 0.742
43 93 12 16 0.725
171 271 11 15 0.723
77 207 12 16 0.720
293 197 13 16 0.717
48 222 12 16 0.717
154 306 12 16 0.717
342 223 12 15 0.716
227 66 11 14 0.711
31 117 11 14 0.709
653 251 13 16 0.708
10 289 14 17 0.708
439 155 12 15 0.701
647 217 12 14 0.701
100 33 12 15 0.697
498 97 10 13 0.697
113 212 13 16 0.694
162 43 12 14 0.692
555 186 12 15 0.692
610 218 11 14 0.690
240 242 12 14 0.690
996 1 29 74 0.689
153 204 13 15 0.684
36 325 14 16 0.681
122 105 12 14 0.673
754 121 11 14 0.673
412 370 15 18 0.669
755 275 12 16 0.666
175 229 10 13 0.665
106 298 13 17 0.665
193 158 12 17 0.663
207 263 11 13 0.661
86 95 11 15 0.656
436 137 11 14 0.656
260 142 11 15 0.654
513 187 13 17 0.648
13 62 12 15 0.646
601 144 11 14 0.646
88 318 12 15 0.638
55 43 13 15 0.634
166 101 12 15 0.634
798 210 13 16 0.634
613 173 12 15 0.632
682 194 12 14 0.627
633 378 13 16 0.622
266 5 12 15 0.620
591 16 10 12 0.619
802 276 12 17 0.618
734 143 10 13 0.615
571 172 12 16 0.615
412 194 11 14 0.613
88 181 11 14 0.611
223 24 11 14 0.609
195 186 12 14 0.609
101 230 13 14 0.603
466 116 12 14 0.601
114 165 12 16 0.601
764 222 12 15 0.601
494 118 12 15 0.599
570 123 10 13 0.597
770 136 13 15 0.597
65 108 12 16 0.594
396 103 12 14 0.593
50 74 12 15 0.591
801 97 11 14 0.591
537 36 11 12 0.588
595 230 11 14 0.586
39 160 12 14 0.580
741 328 13 17 0.571
201 93 11 15 0.569
152 108 11 14 0.569
51 369 14 17 0.569
631 41 10 13 0.563
618 399 12 15 0.563
684 102 11 14 0.555
26 23 13 13 0.554
840 108 12 15 0.554
673 154 12 15 0.545
783 28 11 13 0.541
2 81 13 16 0.541
723 196 11 14 0.536
379 4 10 13 0.532
186 4 10 12 0.530
11 193 12 15 0.528
392 137 11 14 0.525
107 78 13 16 0.524
141 42 11 13 0.521
237 84 12 14 0.519
630 154 12 14 0.519
727 98 11 13 0.513
140 267 14 16 0.510
784 383 15 19 0.508
203 139 12 14 0.501
685 232 12 14 0.499
252 229 10 14 0.495
220 147 12 16 0.477
237 108 11 14 0.475
812 236 12 15 0.468
0 139 8 17 0.457
223 183 14 18 0.451
35 134 13 17 0.444
248 189 11 15 0.440
197 54 12 14 0.439
778 114 12 15 0.421
563 417 15 19 0.416
603 126 12 13 0.403
743 272 10 12 0.403
43 260 13 14 0.402
751 37 11 14 0.397
210 405 15 17 0.396
401 155 13 15 0.376
92 211 12 16 0.374
603 193 13 15 0.370
102 149 11 14 0.365
882 14 11 12 0.357
90 136 12 15 0.355
639 173 12 14 0.345
89 75 12 15 0.341
238 117 12 17 0.341
582 404 13 17 0.335
33 294 14 17 0.329
730 307 14 16 0.327
725 237 11 13 0.325
783 246 14 16 0.312
662 142 10 13 0.310
633 123 10 13 0.297
727 214 13 16 0.293
735 306 14 15 0.293
108 125 12 17 0.289
242 123 13 16 0.284
637 238 12 14 0.282
426 124 11 13 0.275
61 135 13 16 0.275
695 139 12 13 0.271
68 337 14 18 0.270
517 173 14 17 0.266
690 218 11 12 0.266
47 25 12 13 0.263
384 422 18 22 0.262
686 227 12 16 0.256
117 342 15 17 0.255
194 303 11 14 0.255
437 133 12 34 0.246
55 2 11 13 0.245
11 66 13 15 0.244
240 83 13 14 0.242
432 131 12 16 0.238
630 216 12 15 0.238
654 386 15 18 0.233
29 371 31 18 0.226
557 397 12 17 0.225
635 365 14 17 0.223
577 408 14 19 0.219
790 213 23 17 0.214
151 162 15 19 0.205
721 124 11 14 0.202
550 129 9 11 0.201
233 86 13 16 0.198
76 401 13 17 0.197
802 238 24 16 0.189
249 180 11 16 0.188
404 120 11 14 0.184
195 236 13 15 0.184
641 170 11 24 0.182
365 20 10 12 0.180
681 374 14 18 0.176
644 239 13 16 0.175
733 120 13 16 0.174
602 130 12 23 0.169
616 8 11 13 0.168
639 198 12 14 0.168
18 68 14 14 0.166
593 189 11 15 0.164
716 214 11 15 0.163
228 66 12 21 0.163
366 14 11 14 0.154
715 211 10 14 0.151
80 318 21 21 0.141
685 116 12 16 0.140
270 166 11 14 0.138
196 60 12 16 0.135
799 335 17 21 0.134
264 71 11 13 0.133
814 190 11 16 0.131
36 141 12 16 0.127
778 335 15 19 0.126
764 216 13 33 0.126
513 169 14 17 0.125
716 202 14 26 0.124
496 82 10 63 0.124
29 72 11 14 0.122
398 209 11 15 0.122
157 -1 10 11 0.121
788 333 18 19 0.121
795 334 16 20 0.121
702 402 15 18 0.121
778 360 12 16 0.119
121 213 13 15 0.119
671 400 15 20 0.118
764 248 13 14 0.115
829 282 11 13 0.115
45 79 11 42 0.111
32 289 13 18 0.110
0 16 9 15 0.108
236 123 13 16 0.107
53 38 10 61 0.104
542 128 18 13 0.103
243 54 12 14 0.102
159 167 12 16 0.100
646 173 16 15 0.097
144 160 16 19 0.096
396 381 14 16 0.096
256 110 14 73 0.093
196 66 11 15 0.092
673 409 13 17 0.092
751 149 12 17 0.091
653 227 12 54 0.087
720 102 14 14 0.087
80 0 9 11 0.086
251 213 11 50 0.085
225 274 10 14 0.085
120 143 11 14 0.082
374 448 15 21 0.082
531 127 10 12 0.080
560 412 14 20 0.080
256 63 19 20 0.080
195 307 12 15 0.078
22 23 12 37 0.076
214 392 16 24 0.076
748 39 11 13 0.076
209 40 12 14 0.076
724 303 12 16 0.075
29 177 12 15 0.074
783 333 15 17 0.074
136 214 29 47 0.074
739 116 12 14 0.072
675 387 16 24 0.072
67 344 16 20 0.071
224 93 13 16 0.070
162 265 16 69 0.069
259 209 11 14 0.069
229 291 11 14 0.066
593 288 13 16 0.065
614 297 19 19 0.065
402 196 13 16 0.065
843 218 11 15 0.065
186 293 13 16 0.065
175 287 12 15 0.064
34 305 14 18 0.064
25 19 36 30 0.063
201 83 13 17 0.063
19 3 11 14 0.063
225 178 14 18 0.061
227 384 13 18 0.061
241 46 11 23 0.060
682 200 13 15 0.060
688 196 15 58 0.060
237 53 11 77 0.059
397 97 12 16 0.059
773 111 14 15 0.059
757 204 12 14 0.059
109 -2 10 9 0.057
721 200 14 29 0.057
611 158 13 41 0.057
562 412 25 21 0.056
407 122 11 13 0.056
48 2 11 13 0.055
90 197 13 22 0.055
733 212 14 16 0.055
199 98 13 16 0.054
715 108 10 13 0.054
610 295 14 17 0.054
116 135 12 28 0.054
179 340 12 14 0.054
598 205 27 48 0.053
845 81 11 13 0.053
7 384 16 18 0.053
636 301 15 17 0.052
73 -2 12 19 0.052
602 291 22 20 0.052
60 23 11 14 0.052
206 41 13 19 0.051
774 142 14 15 0.051
709 186 12 15 0.051
399 160 14 18 0.050
246 56 12 15 0.050
88 127 17 35 0.050
428 195 12 16 0.049
90 109 16 70 0.049
777 324 20 46 0.049
34 128 40 31 0.049
263 280 9 12 0.049
774 336 13 18 0.048
232 70 14 30 0.048
777 32 12 15 0.048
255 276 10 13 0.048
559 42 9 12 0.047
802 211 13 16 0.047
663 161 14 16 0.047
556 401 41 33 0.046
755 116 13 16 0.046
654 157 16 15 0.046
685 238 13 20 0.046
683 165 15 18 0.045
784 346 15 49 0.045
99 334 13 16 0.045
13 387 14 17 0.044
59 119 13 16 0.044
607 212 13 18 0.044
554 40 11 12 0.043
251 83 13 15 0.043
534 127 12 12 0.043
0 109 10 17 0.042
640 156 15 41 0.042
207 135 12 16 0.042
86 70 11 77 0.042
748 156 13 15 0.041
777 346 15 29 0.041
686 215 14 25 0.040
600 107 22 88 0.040
0 185 14 18 0.040
3 267 10 17 0.040
4 273 12 16 0.040
786 147 10 14 0.039
529 118 14 32 0.039
208 83 13 16 0.039
8 134 14 15 0.039
0 379 6 20 0.039
380 403 17 20 0.038
837 243 11 14 0.038
673 323 16 17 0.037
741 273 13 21 0.037
451 15 12 15 0.037
725 165 11 96 0.037
61 141 13 17 0.037
99 383 13 18 0.037
658 368 29 57 0.036
711 217 13 15 0.036
192 296 11 13 0.036
600 238 12 16 0.036
794 353 15 16 0.036
688 173 12 16 0.035
678 326 14 16 0.035
14 55 14 18 0.033
6 159 12 17 0.033
168 337 20 17 0.033
737 83 13 16 0.033
843 214 11 38 0.032
146 331 13 17 0.032
70 360 16 22 0.032
126 212 10 14 0.032
527 155 13 17 0.032
637 304 15 24 0.031
158 2 10 13 0.031
741 78 13 14 0.031
775 341 13 20 0.031
273 240 12 15 0.030
677 129 15 22 0.029
846 228 13 24 0.029
88 288 12 16 0.029
225 376 13 18 0.029
781 142 15 17 0.029
529 153 12 13 0.029
129 190 14 15 0.029
540 36 10 11 0.028
67 117 13 16 0.028
28 376 16 19 0.028
85 61 40 60 0.028
414 172 11 14 0.028
61 389 15 20 0.028
841 242 14 16 0.028
142 180 12 91 0.027
608 116 11 108 0.027
790 390 19 25 0.027
201 257 15 17 0.027
793 340 17 28 0.027
104 328 14 18 0.027
35 300 13 17 0.027
399 198 11 15 0.026
637 243 11 15 0.026
194 97 10 101 0.026
64 170 15 17 0.026
99 99 21 85 0.026
206 2 12 14 0.026
148 6 11 13 0.026
563 165 13 17 0.026
627 298 19 17 0.025
111 143 20 16 0.025
96 49 15 18 0.025
167 340 13 14 0.025
392 380 17 28 0.025
1 151 12 24 0.025
62 260 14 17 0.025
653 381 31 29 0.024
808 280 30 16 0.024
2 163 13 22 0.024
67 141 15 18 0.024
759 223 14 16 0.024
206 323 14 19 0.024
845 245 12 18 0.024
747 81 11 14 0.023
37 86 9 113 0.023
791 50 12 14 0.023
735 216 16 20 0.023
679 315 16 19 0.023
766 36 13 14 0.023
734 146 12 14 0.023
65 149 17 25 0.022
182 337 14 17 0.022
153 145 16 39 0.022
424 190 12 15 0.022
18 373 21 32 0.022
114 154 11 113 0.022
655 85 10 12 0.022
204 250 13 19 0.022
734 282 12 16 0.022
181 211 12 108 0.022
244 59 12 15 0.022
136 260 15 23 0.021
156 301 12 17 0.021
684 153 9 115 0.021
698 155 13 16 0.021
685 202 12 23 0.021
513 114 12 14 0.021
190 306 12 15 0.021
342 518 19 21 0.020
684 235 12 17 0.020
98 39 13 16 0.020
769 280 17 16 0.020
235 143 14 16 0.020
758 278 31 18 0.020
682 320 17 21 0.020
728 304 18 25 0.020
238 33 13 15 0.020
145 264 16 19 0.019
228 390 13 17 0.019
109 339 14 17 0.019
395 174 16 17 0.019
882 9 11 12 0.018
51 265 17 24 0.018
675 191 13 16 0.018
776 283 12 15 0.018
72 352 18 36 0.018
636 126 24 95 0.018
751 46 13 14 0.018
683 310 17 21 0.018
122 287 12 17 0.018
89 273 12 17 0.017
70 385 13 18 0.017
819 98 11 14 0.017
190 229 15 18 0.017
7 163 15 16 0.017
627 41 10 13 0.017
60 1 13 13 0.017
496 91 12 15 0.017
674 295 12 15 0.017
601 128 11 14 0.016
104 230 16 16 0.016
799 356 13 22 0.016
247 121 12 17 0.016
699 237 11 14 0.016
100 234 14 26 0.016
97 124 13 17 0.016
886 14 10 13 0.016
99 376 12 17 0.016
802 269 13 17 0.015
57 383 14 19 0.015
399 378 19 27 0.015
185 10 11 21 0.015
145 194 14 17 0.015
552 383 15 23 0.015
12 197 12 16 0.015
132 75 15 17 0.015
595 127 14 19 0.015
789 54 13 15 0.015
783 116 11 14 0.015
723 321 32 22 0.015
842 105 11 14 0.015
676 413 13 18 0.015
168 97 12 16 0.014
111 327 14 17 0.014
419 221 13 14 0.014
44 1 12 13 0.014
743 394 14 21 0.014
103 257 15 17 0.014
379 420 17 22 0.014
230 149 16 16 0.014
201 322 13 15 0.014
54 70 12 16 0.014
60 264 17 27 0.014
759 313 11 15 0.014
71 366 15 25 0.014
593 275 16 33 0.013
508 161 16 17 0.013
532 150 12 15 0.013
67 167 17 22 0.013
395 394 21 24 0.013
32 2 23 13 0.013
76 301 15 19 0.013
100 153 12 16 0.013
266 282 9 12 0.013
502 164 16 18 0.013
0 225 8 16 0.013
251 242 12 16 0.013
236 43 14 17 0.013
531 57 10 13 0.013
10 102 14 17 0.012
13 343 13 16 0.012
438 142 13 17 0.012
745 328 14 18 0.012
136 171 20 111 0.012
558 158 14 16 0.012
203 326 14 19 0.012
15 48 12 15 0.012
154 221 15 18 0.012
97 184 13 15 0.012
630 176 14 16 0.012
624 405 14 19 0.011
642 299 12 15 0.011
109 178 16 21 0.011
785 24 11 13 0.011
702 394 15 20 0.011
850 244 10 16 0.011
511 190 11 15 0.011
147 15 12 21 0.011
620 19 11 14 0.011
701 113 15 16 0.011
56 47 13 16 0.011
10 115 14 22 0.011
702 353 12 16 0.011
741 229 15 16 0.011
650 254 14 16 0.011
272 176 11 16 0.010
103 393 13 17 0.010
378 411 17 22 0.010
59 364 27 18 0.010
751 87 33 88 0.010
384 407 21 28 0.010
270 5 13 15 0.010
272 161 11 14 0.010
