35_Basketball_playingbasketball_35_495
345
824 823 65 73 0.854
341 757 64 74 0.842
684 964 23 24 0.827
205 965 26 34 0.815
783 818 18 23 0.810
6 775 87 78 0.808
737 752 18 23 0.807
233 1156 26 32 0.803
543 404 91 76 0.801
737 1059 25 32 0.798
722 849 18 22 0.797
741 990 24 32 0.793
168 632 18 24 0.790
262 773 21 27 0.788
793 757 18 21 0.786
988 695 16 20 0.784
670 985 21 29 0.783
252 1105 25 31 0.781
595 710 16 21 0.780
182 924 22 28 0.778
870 660 16 20 0.777
945 863 18 23 0.777
951 829 16 23 0.775
728 813 19 26 0.774
172 1118 26 35 0.774
904 816 20 25 0.773
676 824 18 22 0.773
803 727 16 20 0.767
289 705 18 22 0.763
918 672 16 21 0.759
970 896 23 26 0.754
284 672 18 23 0.753
590 686 15 21 0.753
819 658 17 21 0.752
226 742 21 28 0.752
1003 1096 20 28 0.750
961 739 17 19 0.743
207 610 17 20 0.742
831 632 14 19 0.742
993 610 14 17 0.740
861 765 16 19 0.740
261 606 17 21 0.739
168 569 16 20 0.737
772 858 18 23 0.732
287 581 15 19 0.730
942 793 19 22 0.727
1008 900 16 22 0.727
1006 1200 18 25 0.727
844 606 15 19 0.725
244 705 18 22 0.718
741 601 15 19 0.717
175 706 20 25 0.713
766 897 19 24 0.713
109 629 17 20 0.711
304 635 16 19 0.708
661 858 20 23 0.706
287 743 19 23 0.706
709 623 16 20 0.702
105 575 17 22 0.699
721 902 19 21 0.699
45 569 16 20 0.698
935 696 15 20 0.695
834 795 19 23 0.694
232 641 18 20 0.689
690 692 15 22 0.682
220 588 15 19 0.682
973 843 16 20 0.665
201 434 15 19 0.652
694 753 16 22 0.650
123 446 14 18 0.648
788 648 15 18 0.638
339 737 17 24 0.636
347 473 17 21 0.630
984 640 14 17 0.627
992 661 16 20 0.622
866 730 17 23 0.619
136 676 17 21 0.617
934 608 14 17 0.615
519 151 17 22 0.607
1012 834 12 19 0.594
946 633 14 19 0.589
856 485 13 15 0.586
359 425 15 18 0.584
289 453 16 20 0.582
997 761 18 21 0.582
874 629 14 20 0.571
319 609 18 22 0.550
695 794 17 22 0.550
729 661 18 19 0.531
1007 447 13 16 0.530
607 63 17 21 0.519
84 474 16 19 0.507
349 717 17 22 0.495
143 438 14 19 0.488
680 442 14 18 0.477
864 706 15 18 0.440
350 580 15 19 0.434
578 173 17 19 0.429
963 834 18 22 0.399
217 458 16 20 0.393
705 472 15 20 0.392
734 791 19 22 0.384
934 732 18 20 0.374
521 178 18 21 0.362
162 1215 25 16 0.357
891 679 15 17 0.355
53 630 18 20 0.354
881 689 16 19 0.345
630 162 16 20 0.341
591 683 16 38 0.329
43 465 15 20 0.313
796 82 16 18 0.312
989 649 16 26 0.301
897 513 14 18 0.300
766 454 12 16 0.292
719 1086 23 29 0.283
936 612 16 21 0.280
376 459 15 18 0.263
1007 992 17 27 0.256
998 858 17 21 0.249
657 805 17 20 0.248
442 479 16 21 0.244
191 479 14 20 0.240
990 613 15 22 0.239
324 676 17 21 0.215
162 610 17 20 0.214
699 184 16 20 0.205
521 160 18 29 0.188
239 480 16 19 0.187
610 133 18 23 0.184
603 652 14 18 0.184
726 812 17 56 0.183
698 725 17 20 0.179
122 441 36 18 0.168
53 446 14 18 0.168
975 890 21 27 0.165
765 972 21 26 0.165
720 659 22 20 0.157
981 875 19 23 0.157
724 993 19 26 0.157
672 820 19 47 0.156
87 847 22 26 0.152
2 448 13 17 0.152
841 601 15 44 0.148
739 661 16 20 0.147
800 734 17 23 0.143
421 780 16 21 0.136
677 173 17 21 0.130
865 90 17 20 0.126
251 854 23 29 0.126
793 705 13 18 0.124
578 179 17 21 0.121
289 823 27 30 0.119
1 438 13 23 0.119
880 697 17 21 0.119
761 975 20 27 0.118
132 443 17 18 0.117
706 479 15 19 0.117
855 508 12 15 0.115
232 1135 25 34 0.113
904 859 20 26 0.112
0 422 12 17 0.108
225 1123 23 27 0.108
739 900 19 21 0.104
1015 959 11 26 0.104
676 84 20 24 0.103
911 1008 15 18 0.101
333 583 34 31 0.101
703 464 23 32 0.095
76 838 32 37 0.092
793 85 17 20 0.089
62 414 15 18 0.089
711 603 22 77 0.088
218 898 18 24 0.086
117 623 20 21 0.085
124 619 17 22 0.083
780 493 13 15 0.083
260 833 21 30 0.080
685 178 23 24 0.080
351 462 18 21 0.079
951 816 16 59 0.079
254 840 23 34 0.078
117 792 19 24 0.078
228 469 17 20 0.077
766 800 16 20 0.074
54 441 18 18 0.073
172 609 19 21 0.072
624 701 12 18 0.071
698 656 17 19 0.070
831 75 16 19 0.069
843 768 15 19 0.068
50 448 13 17 0.066
751 9 16 21 0.064
606 640 15 25 0.063
668 1 20 25 0.061
578 188 15 19 0.061
835 599 15 67 0.061
805 819 15 21 0.061
690 853 18 23 0.059
781 185 16 19 0.057
752 828 16 20 0.057
745 662 15 19 0.056
1013 954 16 37 0.055
839 661 15 19 0.052
726 1074 25 31 0.052
932 1195 23 30 0.052
703 32 18 23 0.052
263 695 17 23 0.052
223 783 22 26 0.051
664 141 16 21 0.050
763 707 16 18 0.045
59 433 18 23 0.044
243 857 21 27 0.044
709 654 18 22 0.044
162 494 13 16 0.043
603 795 16 22 0.043
366 640 18 23 0.042
42 629 19 21 0.042
60 632 16 19 0.041
770 457 14 18 0.040
673 854 25 26 0.040
45 471 14 20 0.039
384 738 17 23 0.039
176 714 18 24 0.039
237 717 21 30 0.039
187 476 15 19 0.038
542 707 16 22 0.038
757 709 17 22 0.036
714 623 17 21 0.036
888 710 17 20 0.035
775 570 15 18 0.035
604 791 20 39 0.033
807 733 16 20 0.033
591 679 15 20 0.033
1010 978 13 28 0.033
984 737 19 21 0.032
236 485 18 22 0.032
181 1096 24 28 0.032
611 818 16 23 0.031
590 715 19 21 0.031
558 1033 21 26 0.031
842 710 15 19 0.030
755 1050 20 26 0.030
888 720 17 22 0.030
899 517 15 18 0.029
878 718 20 30 0.029
758 704 42 20 0.029
359 446 17 24 0.028
534 180 17 22 0.028
344 733 20 25 0.028
120 778 17 29 0.028
685 443 14 18 0.028
212 1118 33 34 0.028
655 799 16 45 0.027
936 188 12 16 0.027
839 197 16 21 0.026
609 628 16 21 0.026
201 1128 23 28 0.026
862 768 17 26 0.025
652 808 18 24 0.025
996 606 20 18 0.023
785 885 19 24 0.023
491 175 17 23 0.022
582 188 16 20 0.022
55 968 28 28 0.022
1011 936 11 21 0.022
840 765 15 17 0.021
682 85 21 23 0.021
788 895 17 22 0.021
174 1109 25 33 0.021
281 791 21 26 0.021
755 785 41 32 0.020
753 813 19 30 0.020
783 873 16 24 0.019
684 685 17 24 0.019
823 823 22 34 0.018
699 733 17 23 0.018
166 751 19 25 0.018
891 785 19 26 0.018
670 80 20 25 0.018
37 633 18 19 0.017
947 573 14 18 0.017
866 723 27 25 0.017
500 176 20 23 0.016
321 615 18 22 0.016
851 765 18 19 0.016
561 1013 20 26 0.016
716 903 19 25 0.016
890 863 20 26 0.016
86 766 21 25 0.015
90 839 18 23 0.015
977 1221 17 12 0.015
609 637 17 21 0.015
859 713 22 30 0.015
757 831 18 21 0.015
1010 891 15 24 0.015
679 835 20 25 0.014
999 983 18 25 0.014
210 672 18 22 0.014
123 772 16 23 0.014
846 208 13 17 0.014
569 182 18 21 0.014
837 781 18 22 0.014
220 450 18 21 0.014
914 1039 25 29 0.014
329 675 20 23 0.013
292 786 22 27 0.013
663 783 17 43 0.013
946 639 15 19 0.013
301 705 21 26 0.013
740 865 17 20 0.013
690 757 18 23 0.013
608 657 13 18 0.013
937 750 22 24 0.013
881 773 20 23 0.013
221 1090 22 27 0.013
207 888 23 27 0.012
716 893 21 26 0.012
750 706 18 21 0.012
1005 822 16 23 0.012
632 -2 23 14 0.012
877 766 20 22 0.012
930 1206 21 23 0.012
40 470 15 20 0.012
712 64 18 23 0.012
131 626 15 21 0.012
824 771 17 20 0.012
101 110 18 15 0.012
574 721 19 22 0.011
828 776 18 22 0.011
65 431 18 35 0.011
192 486 15 19 0.011
115 485 13 17 0.011
328 700 22 26 0.011
999 991 20 27 0.011
995 736 17 21 0.011
207 435 15 19 0.011
249 1043 22 29 0.011
944 800 19 30 0.011
304 689 18 24 0.011
93 771 20 24 0.011
766 945 22 28 0.010
329 609 17 21 0.010
65 416 28 72 0.010
820 72 17 19 0.010
