35_Basketball_basketballgame_ball_35_287
664
971 453 10 12 0.791
803 453 10 13 0.788
950 424 10 12 0.784
610 409 10 14 0.773
245 403 9 12 0.754
685 443 10 13 0.754
649 449 10 13 0.754
932 402 8 11 0.727
258 437 11 14 0.722
695 415 9 12 0.709
274 426 11 14 0.706
304 414 10 11 0.704
310 437 11 15 0.701
890 447 11 15 0.699
870 364 10 12 0.692
662 377 8 10 0.663
797 427 9 12 0.658
715 358 7 9 0.652
199 399 9 12 0.652
296 428 12 15 0.650
634 409 10 13 0.638
702 403 8 11 0.630
185 440 11 14 0.626
813 420 10 13 0.609
793 361 7 11 0.593
1006 382 9 10 0.593
922 349 8 11 0.591
261 322 5 7 0.580
239 430 12 15 0.573
1002 366 7 10 0.571
728 343 7 8 0.565
768 387 11 16 0.539
215 447 11 13 0.530
229 324 6 8 0.528
993 405 10 11 0.528
749 348 7 8 0.524
415 451 11 13 0.517
432 397 8 10 0.515
59 386 11 14 0.513
312 303 6 7 0.508
53 366 12 14 0.508
998 426 10 11 0.504
785 393 8 13 0.501
309 273 6 7 0.497
872 293 7 9 0.497
672 401 10 12 0.497
396 361 8 10 0.493
942 295 6 7 0.486
20 354 9 11 0.475
429 430 7 10 0.468
708 386 9 10 0.464
952 397 8 11 0.460
892 304 6 8 0.453
662 415 9 11 0.453
978 384 8 10 0.451
372 391 10 12 0.449
422 357 11 18 0.438
652 403 8 10 0.438
896 341 7 9 0.436
685 387 9 11 0.436
206 460 11 13 0.436
897 379 10 12 0.431
70 390 11 13 0.425
938 314 8 10 0.421
929 375 8 12 0.414
747 309 7 7 0.412
275 277 5 7 0.405
685 339 7 10 0.405
837 361 10 14 0.405
718 324 6 8 0.401
987 328 8 11 0.401
443 363 7 10 0.399
803 338 7 9 0.397
854 302 6 9 0.388
775 291 6 7 0.386
971 294 6 7 0.380
788 296 6 8 0.376
821 405 8 11 0.372
949 357 7 11 0.368
984 401 9 12 0.361
697 324 6 7 0.359
725 402 8 12 0.359
765 372 8 11 0.357
986 348 8 10 0.349
609 434 9 12 0.343
933 443 11 13 0.343
895 391 9 12 0.341
282 303 6 8 0.337
822 333 6 8 0.337
822 369 9 12 0.337
831 303 7 11 0.331
623 330 6 8 0.331
704 344 8 10 0.329
363 358 6 9 0.329
989 404 10 11 0.322
68 305 6 7 0.316
889 357 9 10 0.316
686 337 7 9 0.301
258 276 5 6 0.297
749 332 8 7 0.289
734 435 10 14 0.277
810 300 6 7 0.277
965 333 8 10 0.277
341 366 7 10 0.277
919 313 8 11 0.275
27 333 8 10 0.268
646 404 13 12 0.268
157 413 7 9 0.266
731 385 10 12 0.264
768 379 11 32 0.264
941 295 6 10 0.259
57 366 15 14 0.254
1013 430 7 14 0.252
57 305 7 9 0.251
375 389 10 13 0.251
724 413 8 12 0.251
689 317 5 7 0.246
365 343 6 10 0.238
67 369 10 17 0.238
631 428 9 12 0.238
449 329 6 8 0.236
354 382 8 10 0.234
805 315 7 9 0.233
481 294 6 8 0.227
85 307 6 8 0.227
775 354 8 11 0.223
805 422 20 12 0.220
714 289 5 7 0.219
322 359 9 10 0.217
980 428 8 11 0.216
946 351 9 12 0.211
650 311 6 7 0.210
210 448 12 21 0.208
383 373 8 16 0.207
785 295 10 8 0.205
916 306 7 9 0.205
938 344 8 11 0.205
561 300 8 11 0.204
871 353 9 31 0.200
821 364 8 11 0.199
304 433 15 18 0.197
550 442 10 16 0.194
421 377 11 17 0.192
984 380 11 11 0.192
736 386 9 13 0.190
589 351 7 9 0.188
1009 430 10 12 0.188
610 294 6 9 0.187
352 300 6 8 0.187
586 322 6 8 0.184
244 396 9 38 0.181
591 348 8 10 0.176
658 323 6 8 0.175
13 386 11 13 0.175
806 309 6 20 0.174
0 322 6 13 0.174
952 379 9 13 0.174
325 307 6 15 0.172
661 373 10 17 0.169
442 295 6 8 0.169
616 331 8 9 0.168
899 436 11 14 0.158
353 387 9 11 0.155
658 431 9 14 0.155
766 439 10 14 0.155
426 449 11 15 0.155
648 291 6 8 0.154
950 293 9 9 0.154
319 356 8 10 0.152
567 294 7 10 0.150
977 308 7 9 0.148
980 352 13 10 0.145
962 376 14 11 0.144
461 290 6 24 0.142
988 324 8 24 0.141
966 357 10 11 0.141
338 386 8 11 0.139
957 293 10 8 0.138
845 337 8 9 0.138
827 365 13 14 0.135
19 345 9 33 0.135
577 400 14 16 0.135
832 322 8 9 0.133
429 389 9 22 0.133
631 291 6 20 0.132
767 373 9 14 0.131
607 410 25 12 0.131
58 302 7 23 0.130
831 299 7 24 0.130
625 330 7 8 0.130
389 462 8 10 0.130
375 317 10 9 0.126
275 275 5 7 0.124
819 361 20 24 0.123
377 377 9 18 0.121
951 389 9 12 0.121
632 288 7 18 0.119
708 381 13 20 0.118
931 395 8 23 0.118
595 349 7 9 0.117
401 314 6 10 0.117
619 309 7 22 0.115
461 299 5 8 0.115
830 288 7 12 0.114
711 287 6 7 0.112
79 307 12 9 0.112
274 271 6 27 0.111
401 307 6 24 0.111
788 295 7 14 0.110
589 345 10 19 0.110
827 300 13 18 0.110
645 446 11 14 0.110
415 304 6 8 0.108
723 418 9 12 0.107
768 443 10 12 0.107
29 336 8 10 0.105
312 333 6 16 0.105
1005 377 9 18 0.105
312 300 6 8 0.104
853 300 6 8 0.104
954 293 7 8 0.103
589 287 7 20 0.101
892 322 8 10 0.101
414 297 7 23 0.100
572 312 8 11 0.100
891 343 11 25 0.098
871 348 8 10 0.096
251 422 21 44 0.096
610 288 10 20 0.096
794 350 8 27 0.094
311 319 6 23 0.093
846 331 9 12 0.093
590 292 6 8 0.093
777 340 8 16 0.092
969 359 7 11 0.092
749 307 12 10 0.092
981 311 7 15 0.092
281 299 8 24 0.091
761 359 9 22 0.091
955 260 5 7 0.090
619 314 7 12 0.089
29 313 8 12 0.089
845 341 10 12 0.087
795 323 7 78 0.086
971 289 7 29 0.085
632 293 6 10 0.085
85 309 7 16 0.085
562 292 8 24 0.083
968 430 13 52 0.083
753 413 10 13 0.082
521 458 10 12 0.082
986 308 8 50 0.082
58 316 8 10 0.081
696 322 15 12 0.079
56 387 27 13 0.079
760 363 8 12 0.078
571 401 14 17 0.078
587 362 7 10 0.077
995 370 10 12 0.077
441 365 10 15 0.077
340 357 8 28 0.076
443 337 8 57 0.076
945 293 19 8 0.075
618 321 10 23 0.075
929 362 12 20 0.075
887 298 10 25 0.074
56 344 10 63 0.073
311 294 14 27 0.073
30 434 11 15 0.073
846 332 8 20 0.070
338 366 8 27 0.070
617 329 14 9 0.069
587 356 8 20 0.069
997 393 9 74 0.069
363 345 5 29 0.069
972 291 7 10 0.069
430 398 7 63 0.069
260 296 8 8 0.068
365 333 11 24 0.068
384 392 9 12 0.068
481 286 6 29 0.068
744 374 10 17 0.067
352 392 8 10 0.067
366 545 13 15 0.067
1001 360 8 12 0.066
697 354 8 12 0.066
654 388 10 29 0.066
568 446 11 13 0.065
295 310 7 22 0.064
990 329 8 10 0.064
281 297 7 9 0.064
967 358 8 28 0.064
187 443 12 15 0.064
354 376 6 23 0.063
650 301 6 22 0.063
387 315 9 28 0.063
697 350 11 13 0.062
589 377 10 14 0.062
300 412 10 15 0.062
984 232 6 8 0.060
893 317 12 26 0.059
286 346 7 9 0.059
818 371 10 16 0.059
778 373 11 19 0.058
364 382 18 27 0.058
569 294 7 9 0.058
26 335 8 17 0.058
868 349 9 10 0.057
916 317 11 20 0.057
288 342 7 10 0.057
960 290 12 19 0.057
658 436 9 13 0.056
447 354 8 21 0.055
392 355 10 24 0.055
350 285 8 26 0.054
823 355 6 73 0.054
0 406 7 17 0.054
388 320 6 19 0.054
884 249 5 8 0.053
799 344 8 19 0.053
688 383 12 13 0.053
979 211 6 8 0.053
591 377 12 21 0.053
261 314 11 21 0.052
791 425 11 14 0.052
24 434 14 17 0.052
260 320 9 8 0.052
31 307 7 10 0.052
461 305 11 12 0.052
353 264 5 7 0.050
783 231 5 8 0.050
611 248 6 7 0.050
610 394 10 47 0.049
931 361 7 87 0.048
269 316 14 22 0.048
55 357 11 14 0.048
753 403 11 25 0.048
429 426 8 11 0.048
595 389 9 14 0.048
576 247 6 15 0.047
610 247 6 10 0.047
945 342 9 17 0.047
28 299 8 67 0.047
851 295 11 29 0.047
383 343 10 28 0.047
1005 331 7 92 0.047
575 250 5 10 0.047
311 392 10 93 0.046
67 316 8 25 0.046
415 379 15 20 0.045
953 294 24 6 0.044
980 420 9 18 0.044
728 303 7 80 0.044
980 310 7 10 0.043
352 260 7 17 0.043
676 369 10 14 0.043
806 313 11 27 0.042
81 301 11 29 0.042
311 295 7 31 0.042
605 331 10 23 0.042
426 298 5 42 0.042
573 305 14 26 0.041
882 298 9 9 0.041
783 336 10 11 0.041
332 267 9 20 0.041
435 425 9 11 0.041
785 396 11 19 0.040
399 539 10 12 0.040
787 304 8 10 0.040
775 287 7 8 0.040
764 481 10 12 0.040
612 322 7 24 0.039
637 292 20 8 0.039
576 251 5 6 0.039
293 398 16 69 0.039
580 313 12 28 0.038
69 307 24 7 0.038
247 290 10 10 0.038
996 459 10 13 0.038
687 250 5 9 0.038
971 248 6 9 0.038
398 510 9 11 0.038
346 369 16 30 0.037
765 357 11 31 0.037
891 213 7 11 0.037
774 345 14 24 0.036
928 446 11 14 0.036
987 373 14 10 0.036
420 346 11 27 0.036
884 243 6 20 0.035
802 325 8 22 0.035
34 433 11 16 0.035
805 305 5 39 0.034
776 293 11 8 0.034
765 306 9 10 0.034
720 380 14 18 0.034
68 296 9 30 0.034
979 306 6 9 0.033
631 357 7 9 0.033
831 288 6 7 0.033
18 423 14 19 0.033
258 322 13 10 0.033
958 306 11 24 0.033
865 343 12 18 0.033
326 272 11 13 0.033
420 362 12 17 0.033
350 317 7 27 0.032
215 418 14 64 0.030
257 318 7 11 0.030
69 288 5 45 0.030
732 303 9 23 0.030
894 301 10 30 0.030
911 360 11 22 0.030
892 353 13 29 0.029
620 303 12 27 0.029
1 243 7 12 0.029
927 373 12 30 0.029
189 437 11 15 0.029
325 266 12 26 0.028
609 320 12 28 0.028
82 336 9 12 0.028
678 406 12 14 0.028
408 430 9 12 0.028
937 433 11 13 0.028
334 270 6 10 0.028
687 248 6 8 0.028
765 329 8 10 0.028
631 284 7 9 0.028
328 274 6 7 0.028
876 387 10 14 0.027
783 230 5 17 0.027
653 286 7 8 0.027
579 396 18 24 0.027
971 244 7 17 0.027
639 281 17 29 0.027
901 261 7 8 0.026
898 421 15 42 0.026
746 309 24 7 0.026
86 316 8 14 0.026
828 306 8 25 0.025
856 300 12 25 0.025
257 323 27 8 0.025
348 289 11 31 0.025
764 326 11 17 0.025
337 391 10 14 0.025
551 429 10 16 0.025
781 456 10 13 0.025
308 298 25 17 0.025
922 246 5 7 0.024
570 315 7 13 0.024
53 306 27 10 0.024
605 286 12 31 0.024
645 288 10 31 0.024
79 341 10 12 0.024
610 286 14 31 0.024
726 246 5 9 0.024
589 332 9 42 0.024
480 293 7 11 0.023
999 429 10 12 0.023
256 282 11 30 0.023
282 349 7 9 0.023
18 418 13 17 0.023
899 258 7 14 0.023
388 376 9 11 0.023
979 205 6 20 0.023
405 533 13 13 0.023
990 336 8 12 0.022
872 300 15 29 0.022
313 330 12 25 0.022
432 326 10 31 0.022
817 393 10 19 0.022
375 526 10 13 0.022
84 291 6 47 0.022
716 289 9 19 0.022
568 311 10 23 0.022
961 409 10 14 0.022
258 276 7 10 0.022
318 359 9 12 0.022
426 319 17 101 0.022
77 328 13 23 0.021
889 428 10 40 0.021
23 414 16 17 0.021
385 240 7 16 0.021
372 528 14 14 0.021
624 350 9 13 0.021
908 420 12 14 0.021
557 309 10 14 0.021
472 299 11 24 0.020
0 404 6 14 0.020
444 302 12 31 0.020
359 392 12 11 0.020
403 537 11 12 0.020
570 302 23 32 0.020
755 322 8 30 0.020
743 391 14 16 0.020
287 434 12 14 0.020
3 290 7 22 0.020
609 278 6 47 0.019
935 439 9 12 0.019
305 298 11 24 0.019
375 353 13 30 0.019
423 328 13 32 0.019
686 253 6 7 0.019
1017 457 7 14 0.019
29 329 8 12 0.019
723 238 9 25 0.019
227 323 6 8 0.019
746 357 10 27 0.019
28 409 12 14 0.019
591 284 7 13 0.019
1 289 7 16 0.018
316 355 12 19 0.018
586 362 10 33 0.018
278 316 12 26 0.018
331 335 11 27 0.018
705 248 7 10 0.018
591 289 9 32 0.018
568 405 13 19 0.018
989 332 12 21 0.018
988 285 7 111 0.017
-1 346 6 17 0.017
274 321 24 15 0.017
392 316 11 106 0.017
444 366 10 26 0.017
364 308 6 97 0.017
777 452 12 15 0.017
752 418 13 26 0.017
606 412 40 55 0.017
382 313 14 7 0.017
342 343 14 30 0.017
907 450 12 14 0.017
635 248 5 9 0.017
405 252 7 27 0.017
524 394 8 11 0.017
764 424 14 27 0.016
896 382 11 15 0.016
687 313 6 8 0.016
181 404 10 12 0.016
1014 405 10 14 0.016
290 329 13 28 0.016
872 313 9 114 0.016
29 303 13 27 0.016
70 300 5 8 0.016
332 291 15 31 0.016
915 223 6 9 0.016
346 300 12 31 0.016
451 276 8 25 0.016
432 451 9 14 0.016
993 264 6 8 0.016
904 414 11 14 0.016
334 328 7 39 0.016
427 429 11 14 0.016
40 350 35 85 0.016
931 449 12 14 0.015
777 436 13 25 0.015
425 320 8 48 0.015
196 394 10 11 0.015
644 277 7 21 0.015
423 455 13 13 0.015
344 334 7 48 0.015
939 368 24 112 0.015
479 289 14 27 0.015
992 454 13 14 0.015
585 304 13 31 0.015
403 312 7 13 0.015
900 243 6 26 0.015
453 284 7 9 0.015
372 311 14 31 0.015
954 280 20 38 0.015
881 416 9 12 0.015
436 316 5 49 0.014
389 367 15 28 0.014
715 285 6 23 0.014
1009 407 13 22 0.014
411 315 15 31 0.014
609 236 8 29 0.014
891 397 11 17 0.014
330 314 11 30 0.014
420 346 13 47 0.014
414 290 7 22 0.014
345 327 11 31 0.014
883 235 7 15 0.014
379 307 19 31 0.014
704 242 9 22 0.014
895 439 16 16 0.014
78 316 13 30 0.013
256 319 10 16 0.013
393 311 16 32 0.013
452 328 8 11 0.013
395 541 12 13 0.013
727 420 54 47 0.013
70 327 13 26 0.013
571 330 9 25 0.013
451 250 6 20 0.013
627 473 9 11 0.013
577 327 14 28 0.013
730 367 9 113 0.013
353 285 6 23 0.013
567 291 32 10 0.013
633 240 7 25 0.013
780 243 6 19 0.013
686 287 5 103 0.013
969 231 7 22 0.013
31 297 6 29 0.013
915 301 7 7 0.013
338 414 9 12 0.013
940 259 5 106 0.012
733 318 11 27 0.012
617 222 7 23 0.012
549 449 10 13 0.012
259 321 5 6 0.012
575 283 20 27 0.012
997 347 11 106 0.012
432 317 19 31 0.012
641 330 9 10 0.012
591 280 5 49 0.012
900 234 7 27 0.012
759 237 7 29 0.012
449 248 10 27 0.012
685 244 7 28 0.012
312 313 17 31 0.012
445 382 12 16 0.012
331 343 17 31 0.012
633 355 7 9 0.012
385 303 10 24 0.012
717 312 7 118 0.012
338 282 11 31 0.012
360 410 8 11 0.012
913 216 9 23 0.011
-1 329 5 29 0.011
0 419 11 19 0.011
315 428 12 15 0.011
949 300 10 115 0.011
934 194 9 27 0.011
321 381 12 10 0.011
649 280 4 51 0.011
4 296 9 17 0.011
32 298 13 19 0.011
341 353 27 79 0.011
894 289 7 56 0.011
705 328 14 114 0.011
946 202 10 30 0.011
25 441 12 14 0.011
852 318 12 28 0.011
350 255 17 27 0.011
593 378 8 13 0.011
889 290 22 39 0.011
923 234 7 24 0.011
710 312 13 22 0.011
88 313 8 12 0.011
284 420 13 15 0.010
175 437 11 14 0.010
463 239 13 31 0.010
693 470 8 11 0.010
675 273 8 15 0.010
419 242 16 31 0.010
668 384 12 49 0.010
385 321 6 54 0.010
433 289 16 32 0.010
329 258 17 38 0.010
740 227 10 31 0.010
565 396 13 16 0.010
599 301 16 31 0.010
454 346 11 22 0.010
