35_Basketball_basketballgame_ball_35_290
482
640 117 34 47 0.857
472 180 34 46 0.851
908 137 31 40 0.846
412 253 40 50 0.822
152 308 10 11 0.807
143 327 12 15 0.805
138 302 9 12 0.767
58 202 20 25 0.720
33 267 8 11 0.708
10 270 9 11 0.661
5 315 12 17 0.591
35 235 7 10 0.571
886 335 6 8 0.556
52 285 9 11 0.543
5 225 7 9 0.541
7 244 8 10 0.513
260 261 7 8 0.508
123 284 8 13 0.477
443 328 7 9 0.462
59 236 8 10 0.399
144 265 8 10 0.399
462 323 8 9 0.357
48 325 13 16 0.342
274 251 6 8 0.327
867 336 7 8 0.324
766 229 16 19 0.323
162 294 8 11 0.316
103 213 6 9 0.312
56 156 5 8 0.308
578 330 9 10 0.258
819 330 7 8 0.254
1015 200 6 8 0.252
4 150 5 8 0.247
622 346 7 10 0.247
111 225 6 10 0.246
220 292 7 9 0.241
157 277 9 11 0.239
269 292 9 10 0.234
43 131 6 8 0.231
196 221 6 8 0.210
131 230 6 12 0.208
149 241 7 12 0.204
164 292 10 12 0.202
847 335 8 7 0.201
885 207 5 7 0.198
118 136 5 6 0.197
206 232 8 10 0.188
229 280 7 9 0.186
124 251 8 9 0.184
163 249 8 16 0.183
620 350 7 10 0.182
76 127 5 13 0.179
182 232 6 20 0.176
13 84 6 7 0.175
198 216 7 14 0.169
170 261 9 19 0.158
75 130 5 7 0.154
172 265 7 10 0.151
820 330 10 9 0.151
158 224 6 8 0.147
251 242 5 9 0.143
131 188 6 9 0.142
623 328 9 10 0.140
833 333 8 8 0.136
239 260 10 10 0.135
182 238 6 9 0.135
91 136 6 8 0.133
364 241 6 13 0.130
229 239 7 7 0.125
38 216 8 18 0.125
884 206 6 13 0.125
805 335 7 9 0.125
849 332 7 15 0.124
390 256 7 9 0.124
803 333 8 10 0.124
168 289 9 12 0.123
165 120 5 5 0.123
834 329 6 8 0.121
427 344 8 10 0.121
36 228 8 18 0.120
182 254 8 10 0.116
170 288 9 12 0.116
121 271 8 12 0.116
199 237 8 26 0.115
832 331 10 9 0.113
132 183 5 20 0.111
27 310 9 11 0.108
606 334 9 19 0.106
226 279 9 13 0.104
440 331 10 13 0.103
864 329 11 24 0.103
979 167 7 9 0.100
888 334 7 9 0.100
38 192 11 17 0.100
113 155 6 8 0.098
286 238 7 9 0.096
146 259 11 26 0.094
608 337 7 10 0.093
39 154 6 10 0.092
131 197 7 28 0.092
222 281 9 19 0.091
6 308 10 12 0.091
39 195 7 9 0.090
30 265 12 16 0.090
1016 332 6 11 0.090
183 246 7 28 0.090
113 146 8 25 0.089
249 241 7 14 0.089
230 233 5 27 0.089
402 261 6 7 0.088
451 326 17 9 0.086
117 130 8 18 0.084
83 105 5 9 0.084
479 339 9 11 0.083
158 217 6 26 0.083
242 247 6 29 0.082
1015 256 8 11 0.082
351 238 6 10 0.079
350 230 7 25 0.078
345 210 6 9 0.078
89 198 8 10 0.078
187 220 5 13 0.076
165 297 12 17 0.074
163 118 10 9 0.074
285 232 8 21 0.074
60 130 5 21 0.074
40 145 6 28 0.073
109 171 5 19 0.072
63 103 6 7 0.072
469 317 8 10 0.072
806 331 16 11 0.072
64 99 6 16 0.071
621 336 8 28 0.070
131 203 6 14 0.069
868 191 6 18 0.069
561 282 8 11 0.068
402 260 9 11 0.068
868 196 6 8 0.067
5 310 12 16 0.064
70 309 9 13 0.064
415 200 5 7 0.064
641 308 8 25 0.063
187 130 5 6 0.063
436 366 7 10 0.061
993 200 7 14 0.061
3 189 7 14 0.060
185 214 8 22 0.060
424 337 9 12 0.059
316 176 4 5 0.059
216 233 8 17 0.058
24 118 6 12 0.058
216 238 7 8 0.056
319 203 6 23 0.056
54 326 11 15 0.055
278 224 8 21 0.055
626 306 10 10 0.055
49 118 6 7 0.055
147 307 13 14 0.055
34 223 10 30 0.054
381 238 10 8 0.053
635 290 7 12 0.052
619 319 9 30 0.052
318 212 6 9 0.051
731 352 7 9 0.051
426 348 8 13 0.050
104 197 8 29 0.050
162 143 6 8 0.050
34 208 6 107 0.050
618 328 12 15 0.050
396 259 11 9 0.050
201 255 12 29 0.049
627 298 11 27 0.049
597 290 9 22 0.049
396 236 6 9 0.049
182 222 7 30 0.049
163 243 11 31 0.048
640 300 8 28 0.048
617 351 9 11 0.048
88 190 12 28 0.047
634 284 13 22 0.047
292 234 11 19 0.047
11 249 10 18 0.047
40 186 6 22 0.047
382 234 8 18 0.047
434 364 8 14 0.047
23 142 5 30 0.046
785 325 10 13 0.046
15 205 7 17 0.045
644 315 8 12 0.045
3 183 9 27 0.044
783 331 10 12 0.044
597 350 8 13 0.043
186 125 5 21 0.043
269 290 13 16 0.043
622 348 10 10 0.043
200 272 11 17 0.043
146 246 8 31 0.042
808 309 9 11 0.042
873 335 21 9 0.041
121 345 11 12 0.041
44 326 12 15 0.040
590 183 6 12 0.040
82 193 10 21 0.039
14 200 12 26 0.039
775 160 5 6 0.039
68 305 10 15 0.039
181 119 5 7 0.038
200 229 5 42 0.038
170 309 10 12 0.037
805 308 9 10 0.037
1005 222 7 10 0.037
562 286 9 13 0.036
161 135 10 25 0.036
165 272 14 29 0.036
288 239 18 9 0.035
844 171 7 10 0.035
398 192 5 8 0.035
632 281 10 30 0.035
64 157 13 31 0.035
642 264 7 9 0.034
165 236 7 44 0.034
58 232 13 15 0.034
360 230 10 29 0.034
602 359 7 9 0.033
399 257 18 21 0.033
257 134 5 8 0.033
787 327 11 17 0.032
484 368 8 9 0.032
105 205 8 31 0.032
991 194 8 18 0.032
572 302 8 13 0.031
56 223 17 22 0.031
9 317 12 15 0.030
424 334 11 32 0.030
199 244 15 30 0.030
641 261 8 24 0.030
461 349 10 9 0.029
857 347 9 8 0.029
315 176 8 7 0.029
260 220 8 86 0.029
202 270 13 25 0.029
84 51 5 7 0.029
434 391 9 13 0.029
767 193 6 8 0.029
137 261 14 89 0.029
56 139 5 47 0.028
200 276 18 14 0.028
292 317 13 14 0.028
182 162 8 8 0.028
18 85 6 7 0.028
107 158 7 31 0.027
226 212 7 11 0.027
7 191 10 28 0.027
173 270 15 26 0.027
30 260 9 14 0.027
53 148 12 32 0.027
173 313 9 13 0.027
55 189 21 41 0.026
350 185 5 6 0.026
117 204 15 32 0.026
216 250 13 30 0.026
163 111 11 27 0.026
64 100 5 6 0.026
625 344 9 13 0.026
222 150 7 22 0.026
637 317 12 21 0.025
652 297 9 10 0.025
145 124 8 26 0.025
1014 251 9 23 0.025
8 84 8 7 0.025
586 318 18 30 0.025
798 324 9 12 0.025
279 220 13 31 0.025
771 231 14 22 0.025
10 256 9 14 0.024
110 253 8 11 0.024
342 203 7 29 0.024
88 129 14 30 0.024
21 143 15 31 0.024
807 184 12 31 0.023
220 202 12 27 0.023
596 286 15 28 0.023
321 223 7 22 0.023
214 317 9 11 0.023
76 180 14 30 0.023
67 148 5 47 0.023
578 316 11 30 0.022
729 349 9 15 0.022
597 293 10 11 0.022
108 164 14 31 0.022
465 345 9 12 0.022
609 206 9 26 0.022
169 261 9 48 0.022
127 201 12 32 0.022
102 142 17 31 0.021
203 189 15 28 0.021
421 330 8 10 0.021
339 199 8 25 0.021
110 216 17 29 0.021
11 154 6 27 0.021
590 329 12 29 0.021
146 130 6 15 0.021
5 174 9 25 0.021
147 235 6 49 0.021
80 177 7 37 0.021
219 158 12 8 0.021
299 142 5 6 0.021
284 217 7 42 0.020
148 231 17 31 0.020
177 252 15 32 0.020
332 231 13 28 0.020
62 97 11 31 0.020
41 318 12 23 0.020
76 156 14 31 0.020
28 166 9 31 0.020
58 47 6 9 0.020
181 150 7 28 0.020
15 142 17 30 0.020
112 262 9 16 0.019
614 307 14 32 0.019
644 265 8 12 0.019
107 223 11 27 0.019
780 330 10 12 0.019
131 169 9 31 0.019
383 225 9 28 0.019
21 114 13 30 0.019
223 206 7 22 0.019
208 332 9 12 0.019
104 188 5 48 0.019
614 279 10 23 0.019
80 97 10 31 0.019
290 312 17 21 0.019
62 205 24 20 0.018
12 111 6 9 0.018
7 180 5 107 0.018
104 177 12 31 0.018
857 184 15 29 0.018
620 323 8 51 0.018
438 200 8 25 0.018
13 191 11 31 0.018
649 286 11 25 0.018
436 186 6 7 0.018
268 166 9 14 0.018
99 237 9 13 0.018
901 348 10 10 0.018
229 251 14 31 0.018
251 203 6 34 0.018
853 195 22 9 0.018
166 105 4 39 0.017
152 253 15 108 0.017
143 128 11 32 0.017
16 100 6 21 0.017
763 184 10 26 0.017
824 165 8 27 0.017
811 181 6 37 0.017
1010 137 9 16 0.017
602 282 12 22 0.017
132 261 16 25 0.017
151 132 19 30 0.017
194 214 14 32 0.017
450 351 11 10 0.017
411 192 10 30 0.017
22 287 9 16 0.017
28 196 8 48 0.016
190 163 14 7 0.016
808 304 12 26 0.016
42 331 12 13 0.016
272 138 5 6 0.016
29 158 5 47 0.016
183 117 8 30 0.016
49 107 15 27 0.016
991 201 11 27 0.016
231 160 13 7 0.016
188 252 22 34 0.016
827 167 5 23 0.016
16 182 7 49 0.015
557 193 10 22 0.015
448 239 12 14 0.015
362 232 19 27 0.015
600 296 13 32 0.015
597 320 18 31 0.015
249 222 7 28 0.015
62 177 17 31 0.015
98 129 19 31 0.015
563 318 8 11 0.015
796 327 10 10 0.015
76 189 19 30 0.015
22 190 17 32 0.015
158 217 18 31 0.014
904 338 10 24 0.014
1004 214 9 29 0.014
949 157 11 15 0.014
382 191 7 9 0.014
25 152 12 32 0.014
351 214 6 48 0.014
84 53 5 7 0.014
296 243 8 10 0.014
776 157 4 13 0.014
39 151 12 32 0.014
133 195 17 30 0.014
86 104 10 26 0.014
1011 142 7 9 0.014
1007 208 14 29 0.014
601 305 14 32 0.014
1 290 7 22 0.014
997 201 10 7 0.014
621 296 8 101 0.014
347 238 11 27 0.014
230 149 12 27 0.014
118 230 14 31 0.014
848 346 11 11 0.014
884 202 9 13 0.013
159 351 11 15 0.013
153 190 14 29 0.013
132 160 4 50 0.013
805 130 8 17 0.013
487 301 8 9 0.013
776 149 6 22 0.013
906 350 8 9 0.013
192 154 9 23 0.013
484 336 7 12 0.013
600 355 10 11 0.013
451 194 6 8 0.012
320 223 14 30 0.012
472 313 8 13 0.012
826 158 7 29 0.012
126 345 12 12 0.012
889 449 10 15 0.012
639 270 10 31 0.012
296 183 8 16 0.012
348 221 11 31 0.012
48 119 18 31 0.012
331 180 6 9 0.012
419 345 11 13 0.012
171 246 22 46 0.012
207 335 8 11 0.012
294 238 11 23 0.012
83 153 16 32 0.012
420 210 14 29 0.012
975 164 12 16 0.012
159 61 5 6 0.012
24 335 11 13 0.012
204 160 17 8 0.012
450 243 8 10 0.012
275 213 8 84 0.011
11 182 17 31 0.011
800 161 7 26 0.011
359 258 10 10 0.011
44 301 9 16 0.011
398 190 5 6 0.011
82 151 6 57 0.011
775 157 5 7 0.011
240 276 8 16 0.011
206 183 8 39 0.011
291 291 21 26 0.011
25 204 17 31 0.011
952 162 9 10 0.011
57 276 11 21 0.011
610 228 13 24 0.011
147 120 4 49 0.011
772 151 9 27 0.011
373 200 7 42 0.011
19 114 9 30 0.011
108 170 6 49 0.011
138 139 17 32 0.011
566 311 8 28 0.011
208 150 10 27 0.011
214 229 18 32 0.011
86 182 16 32 0.011
384 190 5 6 0.011
26 179 9 55 0.010
8 108 9 19 0.010
397 187 6 11 0.010
652 288 7 10 0.010
459 364 8 10 0.010
636 287 9 78 0.010
888 258 10 12 0.010
112 192 18 31 0.010
116 179 20 32 0.010
272 131 5 19 0.010
38 297 13 22 0.010
108 208 26 49 0.010
