35_Basketball_basketballgame_ball_35_80
47
491 91 103 127 0.878
291 11 41 53 0.854
165 1 42 53 0.844
381 15 39 54 0.843
259 129 47 68 0.841
3 166 42 50 0.829
887 64 48 61 0.824
32 115 37 46 0.824
807 79 49 49 0.818
1 359 44 59 0.804
0 239 31 50 0.790
89 181 41 55 0.761
160 229 41 50 0.746
65 203 45 59 0.736
348 110 54 64 0.707
135 151 35 40 0.682
904 378 36 48 0.667
70 269 51 62 0.515
74 190 47 62 0.502
617 184 32 38 0.399
699 200 18 25 0.359
180 173 30 51 0.333
486 0 40 14 0.302
658 189 18 24 0.299
437 204 28 38 0.292
9 147 42 58 0.227
67 237 55 68 0.211
124 242 67 63 0.187
697 207 21 30 0.133
155 166 46 55 0.048
700 194 16 21 0.046
505 7 37 36 0.042
499 0 30 18 0.031
703 199 24 31 0.026
704 215 24 32 0.025
518 2 23 25 0.021
630 175 25 32 0.020
363 102 46 56 0.016
664 192 17 22 0.015
475 177 18 25 0.014
42 162 31 42 0.013
713 207 31 45 0.012
609 178 44 57 0.011
607 190 29 34 0.011
717 198 26 38 0.011
453 72 34 41 0.011
498 53 54 55 0.010
