35_Basketball_basketballgame_ball_35_478
93
128 415 69 97 0.882
861 276 8 9 0.682
722 320 10 13 0.665
399 391 9 11 0.599
342 245 7 10 0.556
331 456 11 14 0.508
808 340 12 13 0.468
312 280 11 11 0.295
939 301 7 8 0.205
406 259 7 9 0.201
632 198 7 8 0.199
502 528 9 10 0.148
510 260 10 11 0.140
704 332 9 11 0.129
371 450 9 10 0.123
405 261 9 11 0.111
465 206 5 6 0.095
197 176 5 6 0.094
383 264 7 7 0.087
806 344 12 13 0.077
467 206 5 7 0.065
655 197 6 7 0.063
947 247 8 10 0.061
326 277 8 11 0.052
922 293 7 9 0.047
387 462 9 11 0.045
461 206 11 6 0.045
921 298 8 9 0.043
621 195 8 9 0.042
397 446 10 11 0.041
493 173 6 8 0.038
601 162 6 7 0.037
481 530 9 11 0.033
254 583 9 10 0.033
455 205 6 8 0.033
940 279 7 11 0.032
612 179 7 9 0.029
812 336 11 13 0.028
194 176 6 6 0.026
921 301 7 10 0.025
393 449 10 12 0.025
620 110 9 11 0.025
91 225 7 9 0.025
288 175 6 8 0.024
373 443 19 31 0.023
922 288 8 9 0.023
220 175 8 10 0.023
694 170 6 8 0.023
343 469 10 12 0.022
900 207 8 10 0.022
691 174 7 8 0.021
384 263 9 12 0.021
306 464 9 10 0.021
269 180 7 9 0.020
939 276 8 9 0.020
922 287 9 23 0.020
369 453 10 12 0.020
485 198 7 8 0.019
643 171 8 9 0.019
774 413 11 15 0.018
337 462 11 13 0.017
645 353 11 14 0.017
679 262 8 9 0.017
196 173 14 12 0.017
248 582 10 11 0.017
603 263 10 13 0.016
780 176 7 8 0.016
944 242 10 13 0.016
616 182 12 27 0.015
615 304 11 14 0.015
380 217 7 9 0.015
666 172 8 8 0.015
901 206 6 8 0.014
664 167 8 16 0.013
808 212 7 8 0.013
927 231 8 9 0.013
401 445 9 11 0.013
74 233 7 8 0.013
618 305 10 12 0.012
223 175 8 11 0.012
566 259 11 13 0.012
681 207 8 9 0.012
330 196 8 13 0.012
331 260 9 16 0.012
645 191 13 19 0.012
798 345 14 16 0.012
721 321 9 21 0.012
399 394 10 16 0.012
303 469 10 13 0.011
645 172 7 9 0.011
317 281 16 10 0.010
453 205 12 8 0.010
494 166 7 9 0.010
