35_Basketball_basketballgame_ball_35_256
47
527 56 66 93 0.876
228 70 53 65 0.839
936 356 45 58 0.837
985 342 38 54 0.811
764 354 47 56 0.802
887 374 38 48 0.799
870 328 40 51 0.798
468 158 46 61 0.786
778 112 34 45 0.762
355 151 36 51 0.759
920 120 33 40 0.752
953 53 30 41 0.738
958 171 38 45 0.724
362 58 38 51 0.723
737 148 37 42 0.703
756 323 38 45 0.690
720 242 40 50 0.631
281 131 34 59 0.620
673 266 36 49 0.589
851 194 31 38 0.563
673 105 28 33 0.419
427 21 29 35 0.393
1014 295 10 38 0.377
17 262 42 55 0.375
846 169 31 39 0.333
544 10 32 35 0.174
162 141 37 49 0.101
703 206 33 42 0.061
1011 207 15 34 0.054
976 508 26 34 0.033
1012 495 13 26 0.033
1003 531 21 43 0.031
842 201 38 51 0.024
0 281 41 72 0.023
982 500 41 41 0.021
1011 437 13 51 0.021
311 121 41 56 0.019
58 235 29 36 0.018
822 212 30 40 0.017
1014 498 10 37 0.016
931 290 25 31 0.016
1007 545 19 26 0.013
1016 420 8 47 0.012
169 139 28 32 0.012
501 105 36 51 0.011
548 7 22 26 0.011
508 96 36 53 0.011
