35_Basketball_Basketball_35_737
33
846 14 87 116 0.871
55 30 65 91 0.864
770 18 83 111 0.858
229 313 28 36 0.832
956 432 18 25 0.776
646 233 53 92 0.761
697 247 61 88 0.729
393 99 9 11 0.709
204 335 26 31 0.699
712 236 77 95 0.236
741 240 64 90 0.171
454 267 9 11 0.118
505 61 7 8 0.066
433 102 8 9 0.064
403 260 8 10 0.058
521 62 7 8 0.036
387 265 9 9 0.036
379 269 10 11 0.030
382 264 15 15 0.024
395 258 14 19 0.020
500 78 6 9 0.019
817 539 6 7 0.019
240 364 26 33 0.018
363 280 10 12 0.018
515 60 9 10 0.017
518 62 7 7 0.015
365 277 11 13 0.014
502 62 28 8 0.012
391 102 9 11 0.012
250 362 28 44 0.012
375 268 19 15 0.010
505 56 19 22 0.010
400 261 11 12 0.010
