35_Basketball_playingbasketball_35_795
171
47 255 75 104 0.866
83 36 24 30 0.838
555 53 46 58 0.814
221 73 23 29 0.800
609 518 13 17 0.784
486 497 13 18 0.775
136 111 21 26 0.767
847 83 43 53 0.757
912 435 22 33 0.751
951 27 21 28 0.734
641 15 16 23 0.725
971 75 19 27 0.713
39 14 10 14 0.708
770 7 18 23 0.660
664 552 7 9 0.597
937 571 10 11 0.580
851 594 11 14 0.577
785 550 7 8 0.532
354 5 12 13 0.486
596 29 12 14 0.468
438 520 10 13 0.457
521 465 12 16 0.449
380 71 10 12 0.447
683 523 7 8 0.438
1002 97 20 34 0.422
738 7 19 24 0.384
878 582 8 10 0.347
331 1 16 18 0.316
838 43 24 29 0.309
783 519 7 7 0.304
793 520 6 8 0.301
769 550 7 8 0.291
727 549 9 13 0.286
392 7 12 15 0.280
698 545 11 16 0.275
837 2 20 17 0.246
590 512 8 9 0.244
574 558 8 8 0.234
716 525 7 8 0.210
476 112 14 22 0.208
369 66 10 13 0.202
726 521 5 7 0.194
156 95 16 21 0.188
854 1 18 17 0.175
700 522 7 8 0.171
983 531 10 13 0.166
453 179 12 20 0.164
252 78 13 17 0.138
622 496 6 9 0.135
139 104 20 26 0.132
837 2 36 15 0.131
752 523 6 8 0.127
740 549 13 11 0.121
196 128 12 15 0.116
715 523 11 9 0.116
1005 123 18 38 0.106
731 548 16 15 0.104
729 547 11 20 0.102
410 5 11 14 0.101
395 47 8 10 0.099
880 581 10 13 0.097
664 541 8 29 0.097
693 522 16 9 0.096
783 512 9 22 0.096
36 18 12 15 0.094
681 560 8 11 0.092
366 76 9 12 0.091
782 5 18 24 0.091
766 546 11 16 0.090
743 549 8 10 0.085
279 30 12 14 0.084
727 520 6 7 0.082
684 519 7 20 0.081
366 35 11 13 0.080
683 560 10 13 0.079
823 52 30 33 0.076
329 114 11 12 0.073
790 8 15 18 0.070
361 126 9 12 0.068
587 29 22 27 0.066
787 518 8 10 0.066
369 73 12 13 0.064
349 3 14 15 0.062
344 82 7 9 0.061
1002 115 18 29 0.061
365 81 8 9 0.060
574 539 8 10 0.058
247 74 15 21 0.057
326 60 6 9 0.054
595 495 7 10 0.053
594 498 8 10 0.051
507 27 15 17 0.049
686 550 12 21 0.043
751 522 6 7 0.038
344 75 6 18 0.038
723 549 12 16 0.037
336 30 12 14 0.036
294 8 14 16 0.035
710 523 24 9 0.034
823 63 27 33 0.033
781 517 7 9 0.033
753 573 7 8 0.032
600 511 14 25 0.031
57 66 9 10 0.031
502 4 14 15 0.030
326 54 7 16 0.030
589 507 23 25 0.030
774 575 6 8 0.029
877 578 9 10 0.029
850 589 9 13 0.028
10 455 24 29 0.028
697 533 9 29 0.027
592 23 15 18 0.027
785 507 7 87 0.027
600 45 12 16 0.027
799 537 6 8 0.026
387 39 18 23 0.026
690 567 12 15 0.026
339 34 8 11 0.025
80 24 15 17 0.024
409 88 8 11 0.023
43 373 43 48 0.022
683 547 25 22 0.022
815 57 25 30 0.022
859 2 19 21 0.021
350 50 8 10 0.020
259 81 10 15 0.019
772 531 8 27 0.019
260 76 9 13 0.019
58 64 9 10 0.019
28 30 11 12 0.019
367 10 10 75 0.019
572 541 9 19 0.018
369 26 12 20 0.018
992 126 28 46 0.018
923 24 15 24 0.018
635 50 33 46 0.018
623 50 25 39 0.018
521 509 11 13 0.018
1004 137 17 36 0.018
437 83 10 15 0.017
12 126 10 11 0.017
296 230 46 60 0.016
394 50 9 12 0.016
748 534 7 26 0.016
379 76 10 12 0.015
503 1 15 33 0.014
694 570 13 15 0.014
730 512 16 88 0.013
352 44 10 19 0.013
781 525 11 30 0.013
753 522 7 7 0.013
472 116 13 19 0.013
356 127 11 13 0.013
662 554 8 10 0.012
41 17 11 14 0.012
749 515 7 19 0.012
699 527 13 30 0.012
753 555 7 28 0.011
825 560 7 10 0.011
725 494 10 105 0.011
792 526 12 27 0.011
299 65 7 10 0.011
359 120 10 13 0.011
501 20 18 25 0.011
601 491 9 9 0.011
366 27 11 35 0.010
719 8 32 20 0.010
27 34 11 15 0.010
486 3 16 14 0.010
521 2 15 17 0.010
