35_Basketball_Basketball_35_449
344
491 245 22 27 0.832
905 417 9 11 0.705
981 410 10 11 0.652
857 397 10 12 0.638
79 410 13 15 0.632
783 450 7 9 0.627
142 455 9 10 0.571
766 460 6 8 0.558
289 390 10 14 0.533
956 457 7 8 0.528
852 439 8 10 0.484
966 438 8 9 0.462
563 427 8 9 0.453
836 449 8 10 0.431
260 455 8 10 0.370
420 409 7 8 0.361
644 456 6 8 0.361
487 444 7 10 0.349
683 357 13 17 0.339
243 448 7 10 0.331
512 462 7 9 0.308
334 475 7 10 0.291
270 395 6 8 0.264
610 434 6 8 0.264
547 477 6 8 0.263
627 459 6 10 0.258
225 460 7 9 0.254
984 453 7 9 0.246
760 476 7 8 0.234
109 386 6 7 0.230
414 459 8 10 0.225
856 461 7 9 0.223
376 427 8 10 0.205
289 388 8 11 0.184
414 429 6 10 0.179
318 389 9 11 0.174
379 95 17 26 0.172
836 452 8 11 0.158
627 450 6 22 0.157
630 442 7 8 0.155
957 454 9 10 0.149
386 407 7 8 0.146
512 480 8 10 0.144
588 458 7 9 0.141
512 456 8 24 0.141
512 465 7 9 0.128
53 399 9 11 0.126
608 428 7 20 0.124
408 472 7 9 0.122
838 454 10 13 0.114
110 440 9 11 0.112
563 450 10 15 0.110
564 410 8 45 0.107
461 480 6 9 0.107
288 386 9 28 0.104
408 474 8 10 0.104
901 457 9 10 0.104
411 458 8 21 0.101
108 455 7 11 0.101
285 414 8 13 0.100
166 470 8 9 0.099
486 440 8 10 0.097
269 426 11 14 0.096
372 405 6 9 0.096
667 451 9 10 0.096
433 454 7 16 0.092
187 453 11 12 0.091
766 448 9 30 0.090
896 454 9 10 0.090
955 454 7 9 0.090
0 443 6 12 0.087
171 473 8 9 0.085
143 452 12 15 0.085
204 446 6 16 0.085
277 455 8 10 0.084
180 376 7 8 0.082
904 459 7 9 0.080
105 434 10 13 0.078
109 435 9 21 0.077
97 432 10 12 0.075
410 429 8 11 0.075
241 411 7 25 0.075
388 408 7 8 0.075
929 440 9 10 0.074
831 460 11 10 0.073
290 386 11 16 0.073
171 409 7 9 0.072
334 470 9 13 0.070
257 378 6 7 0.069
115 465 8 9 0.068
236 377 7 7 0.068
171 455 11 10 0.068
176 475 8 9 0.068
806 469 8 9 0.068
227 461 9 12 0.066
258 457 9 11 0.066
385 405 7 17 0.066
142 420 10 24 0.065
641 477 7 10 0.065
413 418 8 25 0.064
169 448 12 23 0.064
332 460 9 11 0.063
890 426 8 11 0.063
881 467 7 8 0.062
804 465 9 16 0.062
241 417 6 12 0.062
834 441 20 25 0.061
770 452 23 10 0.058
892 458 8 10 0.058
680 490 7 8 0.057
287 413 12 14 0.057
19 400 8 11 0.054
298 397 13 21 0.053
262 417 9 10 0.053
53 384 9 42 0.051
471 458 8 11 0.051
368 428 8 10 0.050
24 415 9 13 0.050
144 425 7 13 0.050
335 477 8 11 0.049
17 392 9 27 0.049
151 443 9 14 0.047
626 434 13 30 0.047
532 443 8 10 0.046
109 453 11 24 0.046
474 459 11 14 0.046
558 449 12 25 0.044
186 455 19 10 0.043
607 426 7 13 0.043
850 461 11 9 0.043
28 388 11 26 0.043
835 452 19 12 0.043
802 463 7 9 0.041
192 420 6 27 0.041
927 439 9 11 0.041
174 439 9 25 0.040
416 421 12 24 0.040
123 412 8 20 0.040
267 413 12 29 0.040
1018 457 6 12 0.040
603 443 12 31 0.040
414 456 8 19 0.040
108 459 14 11 0.040
655 439 9 22 0.040
434 460 7 10 0.039
587 418 10 22 0.039
461 473 11 22 0.039
650 458 13 19 0.039
901 412 10 26 0.039
413 432 9 58 0.038
906 461 7 8 0.038
302 409 11 15 0.038
267 390 8 16 0.037
296 434 9 11 0.037
760 467 8 24 0.036
196 372 10 29 0.036
425 391 10 18 0.035
158 373 11 9 0.035
429 392 10 15 0.035
430 415 7 12 0.035
176 461 12 27 0.034
513 482 9 15 0.034
261 408 9 28 0.034
581 416 12 29 0.034
918 441 9 12 0.033
490 498 9 9 0.032
748 457 9 11 0.032
311 388 11 11 0.032
887 421 9 19 0.032
2 402 8 22 0.032
3 409 9 25 0.032
281 434 9 22 0.031
785 448 13 19 0.031
366 422 8 12 0.030
679 480 8 22 0.030
993 432 9 12 0.030
702 461 8 11 0.030
372 402 12 16 0.029
168 463 14 25 0.029
51 446 11 12 0.029
475 471 9 25 0.029
609 430 6 8 0.029
589 455 12 26 0.029
210 369 9 17 0.029
482 460 10 25 0.028
517 480 8 10 0.028
185 408 11 26 0.028
13 420 10 10 0.028
431 441 10 25 0.027
106 422 9 46 0.027
621 328 6 9 0.027
784 451 10 10 0.027
257 422 14 28 0.027
483 473 7 16 0.026
81 405 18 20 0.026
54 393 9 13 0.026
898 448 12 21 0.025
287 485 8 12 0.025
262 383 14 30 0.025
371 406 16 8 0.025
629 432 6 36 0.025
372 399 8 15 0.025
24 391 12 29 0.025
172 450 26 21 0.025
428 425 8 17 0.025
177 436 14 29 0.025
165 474 18 8 0.025
825 463 10 17 0.025
418 492 10 14 0.025
355 442 8 11 0.024
704 460 7 9 0.024
140 374 10 14 0.024
606 435 8 31 0.024
123 402 7 38 0.024
577 422 15 10 0.024
673 451 12 18 0.024
584 423 15 11 0.024
368 453 9 19 0.023
414 427 9 29 0.023
423 461 13 11 0.023
830 462 14 10 0.023
430 445 9 31 0.023
546 491 6 13 0.023
169 402 9 30 0.023
242 375 10 11 0.023
189 458 11 10 0.023
430 395 7 9 0.022
275 458 8 9 0.022
471 461 17 9 0.022
433 447 8 15 0.022
144 402 10 112 0.022
674 376 12 15 0.022
295 368 29 59 0.022
8 383 10 27 0.022
210 373 9 9 0.021
57 388 10 22 0.021
225 442 7 25 0.021
662 450 19 15 0.021
111 377 20 25 0.021
655 433 6 32 0.021
338 475 7 15 0.021
175 430 7 42 0.020
644 325 7 9 0.020
645 327 8 9 0.020
190 453 12 20 0.020
144 409 8 31 0.020
477 462 10 30 0.020
80 418 12 14 0.020
861 401 10 12 0.020
275 421 14 30 0.020
124 407 11 31 0.020
831 455 8 21 0.020
823 472 7 8 0.019
655 440 7 9 0.019
90 365 6 6 0.019
826 468 8 9 0.019
105 384 27 9 0.019
106 396 10 26 0.018
156 378 13 31 0.018
199 365 5 44 0.017
29 423 8 18 0.017
12 383 12 31 0.017
675 477 11 18 0.017
1 441 7 16 0.017
387 458 9 14 0.017
422 497 10 10 0.017
653 451 7 33 0.017
245 457 13 22 0.017
338 491 8 16 0.017
458 479 19 11 0.017
282 427 6 37 0.017
427 391 8 8 0.016
251 474 9 11 0.016
675 370 16 20 0.016
421 398 7 10 0.016
30 379 7 43 0.016
639 452 13 32 0.016
241 395 15 31 0.016
338 468 10 15 0.015
319 393 8 13 0.015
254 370 13 29 0.015
230 408 20 30 0.015
198 376 7 10 0.015
556 436 16 61 0.014
121 463 10 10 0.014
215 366 14 23 0.014
612 468 13 30 0.014
587 419 15 31 0.014
139 379 12 32 0.014
526 447 12 10 0.014
394 439 9 21 0.014
613 458 13 31 0.014
41 391 18 27 0.014
31 434 9 13 0.014
566 407 8 13 0.014
395 477 16 20 0.014
288 391 20 20 0.014
678 483 10 12 0.013
386 101 12 23 0.013
903 415 9 12 0.013
10 390 12 13 0.013
520 491 8 12 0.013
254 398 15 31 0.013
173 430 9 85 0.013
393 443 8 12 0.012
699 452 14 23 0.012
745 472 12 10 0.012
541 420 9 25 0.012
280 455 10 21 0.012
161 379 13 30 0.012
3 420 7 13 0.012
739 466 9 18 0.012
217 406 15 31 0.012
178 368 13 31 0.012
410 423 24 22 0.012
16 379 10 44 0.012
643 332 9 9 0.012
241 414 16 31 0.012
192 484 9 12 0.011
748 458 14 28 0.011
512 476 11 27 0.011
554 411 14 27 0.011
282 341 20 112 0.011
621 428 16 70 0.011
536 417 8 12 0.011
683 491 6 8 0.011
475 497 12 12 0.011
676 446 9 19 0.011
182 422 11 31 0.011
394 481 13 24 0.011
670 492 9 22 0.011
361 461 12 12 0.011
683 489 8 14 0.011
615 446 20 31 0.011
211 373 22 8 0.011
609 423 4 50 0.011
760 454 8 9 0.010
118 419 14 30 0.010
104 403 12 29 0.010
373 428 11 28 0.010
270 376 9 11 0.010
477 498 8 9 0.010
485 436 9 11 0.010
441 403 8 11 0.010
