35_Basketball_playingbasketball_35_65
31
619 388 18 23 0.837
744 375 16 22 0.827
906 354 18 22 0.813
852 414 15 20 0.806
967 405 20 25 0.799
1005 416 15 20 0.754
802 422 13 17 0.752
920 377 20 26 0.708
230 426 21 38 0.626
680 232 10 12 0.624
451 345 27 26 0.623
501 299 29 36 0.543
524 307 21 28 0.244
716 412 15 19 0.207
515 302 26 31 0.190
499 307 21 28 0.115
461 347 22 26 0.108
497 298 18 24 0.075
890 387 17 22 0.065
917 401 17 21 0.051
796 421 15 20 0.047
779 398 11 14 0.024
849 269 8 10 0.022
412 387 9 11 0.021
793 412 15 25 0.020
444 352 16 21 0.020
514 227 15 23 0.018
832 296 9 12 0.017
835 439 11 15 0.016
790 424 11 17 0.012
912 390 21 24 0.011
