35_Basketball_playingbasketball_35_674
67
152 63 36 46 0.847
0 89 24 47 0.842
185 136 46 60 0.841
373 150 61 79 0.836
981 26 42 80 0.816
860 260 30 38 0.811
598 275 34 43 0.811
16 233 34 46 0.809
89 8 31 36 0.787
631 37 53 84 0.781
214 76 27 34 0.773
173 16 29 36 0.771
563 103 28 36 0.765
289 116 30 37 0.762
266 83 30 40 0.759
355 91 29 34 0.757
350 11 25 33 0.744
647 268 33 38 0.719
601 25 22 31 0.717
480 108 22 28 0.713
951 251 22 29 0.713
408 18 25 33 0.713
803 52 23 29 0.710
1001 249 22 26 0.708
842 135 23 30 0.690
900 81 22 27 0.686
980 125 19 27 0.681
876 171 24 30 0.679
507 33 22 28 0.678
453 46 25 33 0.663
452 18 24 28 0.635
744 50 22 26 0.620
784 89 25 31 0.617
820 159 24 34 0.601
578 73 24 30 0.561
554 37 22 26 0.484
270 14 21 27 0.434
910 287 19 29 0.362
799 118 27 30 0.345
929 86 19 23 0.277
622 63 32 50 0.244
944 296 22 32 0.188
279 98 35 46 0.165
936 146 21 27 0.162
560 51 31 33 0.146
971 181 21 26 0.134
544 84 18 23 0.080
478 64 21 28 0.067
244 86 41 53 0.052
619 73 26 33 0.050
1 39 17 34 0.046
488 156 23 27 0.045
549 48 21 50 0.041
1006 302 17 36 0.035
1008 316 16 25 0.029
276 3 23 24 0.026
409 30 21 26 0.023
954 292 23 34 0.021
912 291 39 32 0.018
937 302 23 29 0.018
598 76 20 26 0.014
994 249 19 24 0.013
1011 295 15 25 0.013
795 124 22 26 0.013
818 170 21 29 0.011
787 94 34 46 0.011
985 123 18 25 0.011
