35_Basketball_basketballgame_ball_35_178
164
454 381 30 35 0.825
839 188 26 37 0.822
196 471 20 25 0.799
301 485 19 23 0.781
691 385 25 28 0.774
83 394 29 33 0.743
567 263 31 28 0.708
263 505 15 19 0.448
14 658 6 9 0.431
26 675 7 8 0.368
46 665 7 10 0.355
582 240 13 15 0.301
120 675 8 10 0.289
574 266 33 30 0.177
105 687 8 10 0.160
109 661 7 11 0.145
110 659 7 22 0.142
31 651 7 19 0.136
32 655 7 12 0.129
46 634 8 8 0.128
19 674 13 9 0.112
520 380 35 35 0.103
79 669 8 10 0.101
220 698 6 9 0.100
44 669 8 9 0.100
572 262 19 22 0.100
109 666 8 11 0.096
13 666 6 10 0.092
759 702 6 8 0.085
13 676 7 9 0.081
25 659 8 30 0.080
118 664 10 28 0.079
16 647 9 10 0.078
842 661 9 27 0.077
55 650 9 25 0.076
760 694 5 25 0.073
107 677 8 21 0.072
64 657 14 21 0.072
844 668 8 17 0.070
46 661 13 13 0.069
843 667 6 15 0.068
879 670 13 17 0.066
692 747 7 9 0.065
74 659 16 23 0.063
327 691 5 7 0.058
831 683 8 9 0.058
61 649 14 30 0.055
43 664 22 9 0.055
629 708 5 22 0.053
14 650 7 32 0.052
628 714 6 9 0.052
146 691 7 10 0.052
882 672 7 14 0.051
71 664 19 13 0.049
218 691 7 18 0.045
868 704 6 8 0.045
83 666 8 12 0.045
78 651 10 38 0.044
81 660 12 24 0.043
326 686 7 16 0.042
289 698 5 9 0.041
102 687 9 13 0.040
107 678 23 12 0.039
26 635 9 13 0.038
832 671 7 26 0.037
732 714 7 9 0.035
82 649 8 22 0.033
462 645 6 9 0.032
219 687 8 27 0.032
296 651 7 9 0.031
532 665 5 39 0.031
912 664 10 30 0.031
838 659 11 31 0.030
197 670 9 12 0.030
71 690 9 10 0.030
531 381 22 24 0.028
881 661 14 31 0.028
260 501 13 17 0.027
468 659 8 30 0.026
68 669 10 15 0.026
115 604 6 10 0.026
220 693 6 16 0.025
219 695 7 10 0.025
178 696 8 10 0.024
1 452 9 13 0.023
13 625 13 72 0.023
175 634 9 11 0.023
108 683 10 19 0.023
42 634 12 12 0.023
545 672 15 32 0.022
75 640 11 27 0.021
915 658 6 42 0.021
930 661 14 30 0.020
131 574 5 25 0.020
493 696 7 22 0.020
199 648 10 17 0.020
861 659 8 31 0.019
510 374 42 31 0.019
113 571 6 19 0.019
46 634 6 61 0.019
550 663 5 49 0.019
36 647 18 32 0.018
259 511 13 18 0.018
145 695 8 9 0.018
541 690 8 32 0.018
449 666 7 29 0.018
227 635 9 15 0.017
323 709 6 7 0.017
128 571 11 30 0.017
143 672 10 29 0.016
544 730 9 16 0.016
127 650 13 30 0.016
450 673 6 15 0.016
296 647 8 19 0.015
114 615 7 11 0.015
469 651 5 46 0.015
263 492 9 11 0.015
55 616 19 94 0.015
320 693 11 31 0.015
920 682 13 13 0.015
622 705 13 30 0.015
322 703 8 21 0.015
196 667 10 24 0.015
741 680 13 32 0.014
41 628 14 32 0.014
760 677 4 49 0.014
10 497 9 14 0.014
68 662 9 29 0.013
228 637 7 9 0.013
492 697 6 17 0.013
497 678 12 30 0.013
680 709 9 10 0.013
1011 625 5 46 0.013
842 657 12 39 0.013
459 649 7 21 0.013
883 652 6 48 0.013
542 674 4 49 0.013
861 650 5 48 0.013
179 691 9 21 0.013
948 670 9 9 0.013
565 266 21 25 0.012
500 673 6 39 0.012
909 659 15 31 0.012
869 666 17 31 0.012
1008 632 12 31 0.012
324 683 10 31 0.012
173 628 11 27 0.012
521 539 6 10 0.012
488 692 11 29 0.012
1013 666 10 27 0.012
535 680 9 31 0.011
175 699 10 21 0.011
237 676 8 22 0.011
26 631 6 11 0.011
783 705 6 28 0.011
811 680 15 30 0.011
367 691 15 31 0.011
148 662 9 24 0.011
222 633 13 21 0.011
539 682 13 32 0.010
588 271 21 26 0.010
750 692 14 31 0.010
327 675 4 47 0.010
45 616 6 61 0.010
