35_Basketball_playingbasketball_35_362
198
621 371 21 25 0.829
538 405 21 26 0.815
888 427 17 20 0.798
46 522 11 14 0.774
705 465 12 15 0.755
16 523 12 15 0.740
242 526 9 10 0.684
492 231 25 24 0.671
791 496 6 8 0.658
97 528 10 12 0.599
168 521 10 12 0.586
72 526 10 14 0.578
25 495 9 11 0.543
140 524 9 12 0.497
115 526 9 11 0.484
264 526 7 9 0.468
26 451 7 10 0.395
49 466 7 8 0.368
113 472 8 10 0.345
69 474 9 11 0.299
91 475 7 9 0.295
148 508 9 11 0.282
206 489 10 13 0.280
0 484 9 15 0.220
184 501 9 11 0.210
431 528 7 9 0.204
43 500 9 13 0.183
295 526 7 10 0.175
26 486 9 27 0.167
1011 466 8 10 0.140
70 469 8 10 0.127
317 521 7 9 0.110
133 488 8 11 0.106
924 441 12 15 0.104
1 475 7 12 0.100
102 492 9 11 0.096
154 491 9 16 0.096
114 469 10 21 0.090
998 480 7 10 0.089
961 477 6 10 0.087
73 501 9 10 0.084
790 493 6 9 0.082
293 520 11 20 0.078
70 531 10 12 0.074
1011 463 8 21 0.073
169 475 8 12 0.071
139 504 11 52 0.067
492 543 8 8 0.066
101 484 11 21 0.065
91 471 8 9 0.065
994 476 7 9 0.063
370 530 11 9 0.063
768 495 7 8 0.061
281 519 15 12 0.060
360 531 12 9 0.059
51 481 8 11 0.059
767 494 8 15 0.057
391 527 10 19 0.056
187 523 9 12 0.056
115 519 10 12 0.056
25 498 10 13 0.053
394 531 10 10 0.053
281 510 8 23 0.052
371 521 10 23 0.052
134 483 9 16 0.051
201 481 12 22 0.051
495 537 7 11 0.051
152 480 10 27 0.049
838 508 7 9 0.049
320 541 10 10 0.048
45 509 12 25 0.047
185 506 9 12 0.046
166 471 10 99 0.046
408 525 11 15 0.046
959 485 8 10 0.043
262 519 9 12 0.043
69 441 8 75 0.043
164 475 11 10 0.042
281 517 10 12 0.041
312 540 9 10 0.041
492 532 9 24 0.041
738 501 6 9 0.040
1011 534 8 9 0.040
312 515 12 23 0.040
398 520 9 25 0.039
158 475 11 12 0.038
123 472 15 11 0.038
997 475 8 22 0.036
411 529 10 7 0.036
389 531 13 10 0.035
114 459 9 12 0.034
68 530 42 11 0.034
10 519 56 22 0.033
45 463 8 106 0.033
236 493 8 11 0.033
278 535 8 10 0.033
82 478 12 17 0.033
194 474 8 13 0.033
736 503 6 8 0.032
125 467 12 22 0.032
135 477 15 25 0.032
919 440 13 17 0.032
928 442 11 14 0.031
116 452 9 11 0.028
975 501 8 17 0.028
309 520 16 13 0.028
184 466 10 85 0.028
211 493 13 13 0.027
181 526 11 11 0.027
43 483 11 20 0.027
114 489 13 11 0.027
206 499 9 12 0.027
269 524 13 18 0.026
82 487 26 88 0.026
275 539 8 10 0.025
962 476 5 8 0.025
255 488 8 10 0.025
140 464 8 110 0.024
837 508 12 12 0.023
38 490 15 13 0.023
373 482 7 9 0.023
312 530 10 23 0.023
770 501 7 8 0.022
477 516 9 28 0.022
990 476 15 8 0.022
282 493 10 22 0.022
1015 490 8 15 0.021
504 514 7 12 0.021
141 472 11 20 0.021
432 526 7 16 0.021
995 468 15 27 0.021
768 501 6 7 0.021
20 451 11 19 0.020
961 475 7 30 0.020
6 510 10 14 0.020
320 535 9 19 0.020
405 519 16 26 0.020
190 525 9 11 0.019
857 515 11 10 0.019
69 500 12 24 0.019
252 487 9 12 0.019
342 517 8 20 0.018
404 528 20 8 0.018
227 522 10 14 0.018
138 476 18 12 0.018
506 513 7 9 0.018
184 482 11 24 0.017
126 470 9 10 0.017
257 489 8 21 0.017
307 510 12 24 0.017
761 489 12 25 0.017
956 491 10 21 0.016
0 462 9 19 0.016
115 457 7 10 0.016
188 450 7 8 0.016
854 478 12 11 0.015
429 519 8 23 0.015
149 476 25 10 0.015
867 512 8 11 0.015
283 502 24 51 0.015
156 529 12 15 0.014
477 390 16 20 0.014
851 483 6 12 0.014
296 505 13 28 0.014
706 494 13 14 0.014
313 539 15 10 0.014
574 400 10 12 0.013
431 520 13 28 0.013
360 490 11 31 0.013
235 486 13 25 0.013
888 467 15 19 0.013
932 448 9 12 0.013
494 541 10 9 0.013
331 543 11 9 0.013
130 526 13 12 0.013
232 526 11 12 0.013
99 531 24 10 0.012
398 544 11 9 0.012
634 511 9 12 0.012
998 480 14 21 0.012
554 495 8 18 0.012
632 514 8 15 0.012
555 501 8 10 0.012
276 496 12 22 0.011
169 489 16 26 0.011
8 509 11 20 0.011
746 490 10 12 0.011
394 517 17 31 0.011
711 461 14 16 0.011
275 504 10 27 0.011
134 472 24 37 0.011
1013 474 10 30 0.010
956 505 11 13 0.010
74 465 12 12 0.010
223 528 10 12 0.010
383 517 17 31 0.010
856 471 11 19 0.010
155 535 14 13 0.010
