35_Basketball_playingbasketball_35_606
111
382 193 23 29 0.818
194 202 25 30 0.770
26 382 16 18 0.765
76 389 17 19 0.728
838 405 9 11 0.632
240 403 13 16 0.615
292 451 6 8 0.536
913 442 8 10 0.464
697 423 5 7 0.438
434 427 5 7 0.341
890 397 10 12 0.329
782 415 9 9 0.324
999 440 7 9 0.310
984 440 7 9 0.302
576 424 6 7 0.302
851 430 7 10 0.293
951 384 13 13 0.287
656 421 7 8 0.275
501 424 5 7 0.271
957 384 10 12 0.252
949 384 10 12 0.247
460 427 5 7 0.234
796 401 9 10 0.217
329 459 7 8 0.216
222 425 11 12 0.207
1 408 12 22 0.194
781 412 15 13 0.146
794 402 13 11 0.139
305 424 7 9 0.106
982 439 14 11 0.105
886 390 10 15 0.103
990 440 12 10 0.102
803 408 9 10 0.101
266 423 6 9 0.096
618 425 6 8 0.087
880 383 8 10 0.087
243 445 8 9 0.084
791 401 11 12 0.082
831 395 7 10 0.079
264 423 11 11 0.059
330 457 9 10 0.059
435 424 5 6 0.058
969 441 7 8 0.056
977 439 9 10 0.055
937 365 8 10 0.055
306 426 7 9 0.048
459 414 5 16 0.048
281 429 7 9 0.044
362 417 7 22 0.043
541 425 6 8 0.043
806 414 8 8 0.043
577 427 6 7 0.042
540 422 8 13 0.039
289 439 7 23 0.038
616 425 6 8 0.037
261 417 10 12 0.037
456 418 7 8 0.037
539 422 6 15 0.037
293 264 7 9 0.035
417 427 9 28 0.035
851 433 8 10 0.035
696 427 7 7 0.034
231 257 11 15 0.034
500 427 5 7 0.032
242 446 7 8 0.032
500 424 7 13 0.031
879 379 7 9 0.030
363 423 6 10 0.030
542 422 7 9 0.028
264 422 6 8 0.028
658 416 7 9 0.024
830 393 6 8 0.024
427 421 7 12 0.023
543 418 7 18 0.022
270 424 9 16 0.022
795 397 8 10 0.022
352 430 8 13 0.021
774 404 9 11 0.020
301 421 8 10 0.020
1019 376 5 18 0.018
971 441 18 8 0.017
409 427 15 31 0.017
2 405 13 18 0.017
339 450 8 11 0.015
932 368 8 13 0.015
656 427 7 8 0.015
357 421 11 24 0.015
484 436 6 16 0.014
0 414 9 24 0.014
211 426 11 13 0.014
286 422 12 57 0.014
653 415 8 11 0.014
983 435 9 9 0.014
940 364 6 8 0.013
341 395 10 16 0.012
394 418 14 30 0.012
467 462 6 13 0.012
501 452 7 15 0.012
432 426 12 9 0.012
253 243 12 14 0.011
498 457 7 8 0.011
389 417 13 30 0.011
783 419 9 10 0.011
229 250 14 17 0.011
163 237 13 17 0.011
468 466 5 7 0.011
978 434 9 10 0.011
793 413 13 12 0.011
999 436 7 8 0.011
489 452 11 17 0.010
363 414 11 28 0.010
