35_Basketball_Basketball_35_327
45
540 152 26 35 0.865
250 167 20 27 0.861
790 169 31 40 0.860
185 181 20 26 0.855
83 162 28 37 0.854
763 145 29 36 0.854
25 176 24 31 0.853
914 140 40 54 0.850
383 173 25 30 0.843
323 182 20 26 0.838
410 229 51 77 0.837
435 161 21 27 0.835
664 153 27 32 0.834
968 185 29 35 0.828
491 177 17 23 0.827
636 170 21 27 0.799
829 147 25 33 0.792
597 162 21 26 0.780
738 155 24 31 0.752
464 178 23 30 0.742
983 158 21 26 0.665
566 161 15 22 0.605
509 191 17 21 0.345
1013 140 11 23 0.317
268 140 16 18 0.202
520 183 17 20 0.144
702 177 18 22 0.097
1010 174 14 21 0.068
513 189 19 24 0.055
97 161 22 32 0.053
703 172 14 17 0.045
414 160 15 21 0.043
417 160 18 23 0.040
706 181 21 24 0.036
625 160 16 21 0.032
812 149 21 25 0.027
460 163 16 21 0.022
994 164 22 25 0.021
709 174 21 24 0.020
696 170 20 23 0.016
526 183 15 20 0.015
363 146 14 17 0.015
694 179 18 21 0.014
965 182 21 27 0.012
143 174 16 20 0.012
