35_Basketball_playingbasketball_35_417
34
366 18 48 55 0.861
886 162 31 39 0.796
284 258 31 46 0.793
738 83 36 42 0.766
351 242 34 47 0.761
215 246 28 52 0.760
182 51 24 29 0.755
51 66 29 36 0.744
959 53 31 43 0.715
526 39 28 30 0.667
224 134 31 36 0.654
310 58 31 35 0.586
921 115 25 32 0.524
447 36 24 33 0.493
246 63 27 28 0.433
314 56 23 27 0.070
161 68 24 33 0.069
0 2 26 27 0.051
209 232 32 54 0.045
396 1 29 21 0.040
197 208 37 38 0.037
52 198 22 29 0.036
449 32 18 23 0.024
130 0 19 19 0.023
931 75 37 47 0.023
906 136 33 47 0.022
845 48 27 35 0.020
35 147 22 35 0.014
109 30 25 32 0.013
109 164 23 27 0.013
303 169 21 31 0.011
995 155 24 37 0.011
378 3 40 44 0.011
0 10 17 22 0.010
