35_Basketball_basketballgame_ball_35_375
1348
993 535 12 17 0.744
908 205 8 10 0.713
940 165 8 10 0.684
345 184 7 10 0.682
501 219 8 10 0.682
916 138 7 10 0.663
935 210 8 10 0.663
568 168 7 9 0.658
636 232 9 12 0.658
441 179 7 8 0.654
807 189 8 11 0.646
592 228 8 10 0.646
685 237 8 11 0.632
964 167 8 12 0.622
410 193 8 11 0.622
674 159 8 10 0.619
996 38 8 9 0.617
774 215 9 11 0.609
865 223 7 10 0.609
972 186 8 11 0.605
995 170 8 10 0.603
648 179 8 9 0.603
635 132 8 11 0.601
558 235 8 9 0.599
817 175 7 10 0.597
625 177 7 10 0.593
831 216 9 11 0.593
360 167 7 10 0.591
542 205 8 11 0.591
918 227 8 10 0.591
626 57 7 9 0.588
1000 81 7 9 0.588
947 138 8 10 0.588
951 186 8 11 0.588
459 121 7 9 0.586
839 175 8 11 0.586
969 80 7 10 0.584
154 176 8 9 0.582
949 76 7 11 0.578
674 221 8 10 0.578
297 141 7 8 0.573
938 121 7 9 0.571
547 165 8 10 0.571
404 95 6 9 0.569
916 160 8 10 0.569
1016 260 8 12 0.569
594 112 7 9 0.567
861 135 7 11 0.567
478 180 7 10 0.567
738 100 7 10 0.565
705 242 7 10 0.565
492 140 7 9 0.563
862 198 8 11 0.563
278 192 6 10 0.560
625 153 8 10 0.558
58 163 6 9 0.558
93 154 7 10 0.556
605 192 7 10 0.556
518 105 7 9 0.554
985 481 13 18 0.554
192 147 7 10 0.552
230 153 7 9 0.550
7 157 7 10 0.550
611 116 8 9 0.547
682 203 8 10 0.547
639 76 7 10 0.545
831 96 6 9 0.545
681 136 7 9 0.545
573 150 7 9 0.543
51 520 11 17 0.543
678 117 7 9 0.541
507 126 7 9 0.541
775 146 8 10 0.541
558 186 8 10 0.541
853 95 7 9 0.539
882 210 8 11 0.539
1005 277 9 12 0.539
532 126 7 10 0.536
301 192 7 9 0.536
575 113 7 9 0.535
878 118 8 10 0.535
593 150 8 9 0.535
918 188 8 10 0.532
525 204 7 9 0.532
540 149 7 9 0.528
220 184 7 9 0.528
844 151 9 11 0.525
567 213 8 11 0.525
884 234 9 10 0.525
659 136 8 10 0.524
1000 56 8 10 0.521
379 193 7 10 0.521
611 231 8 10 0.521
683 63 6 9 0.519
650 160 8 9 0.519
897 183 8 10 0.519
67 139 7 8 0.517
447 140 7 9 0.513
116 173 8 9 0.513
361 145 7 10 0.510
522 226 8 10 0.510
455 99 8 9 0.508
319 182 7 10 0.508
891 156 8 11 0.506
201 165 7 10 0.506
458 179 7 11 0.504
862 157 7 10 0.499
471 139 8 9 0.497
52 138 6 9 0.488
891 138 7 10 0.488
822 152 9 11 0.488
925 72 8 10 0.484
429 136 6 9 0.482
380 114 6 9 0.479
317 196 8 10 0.479
239 172 6 9 0.477
518 163 6 9 0.477
864 180 7 11 0.473
877 54 6 9 0.471
250 154 6 9 0.471
465 159 8 9 0.471
702 43 7 8 0.466
720 100 8 10 0.466
535 185 8 10 0.466
593 17 7 10 0.464
883 98 7 10 0.464
319 125 7 9 0.464
271 159 7 8 0.464
263 141 6 8 0.460
429 120 8 11 0.457
435 200 7 9 0.457
482 159 8 9 0.455
520 186 7 9 0.453
494 185 8 10 0.449
428 158 7 9 0.447
655 221 8 11 0.447
476 102 7 9 0.444
471 212 8 11 0.444
473 47 7 9 0.442
899 57 7 9 0.442
94 128 7 10 0.442
397 174 7 10 0.440
820 31 7 9 0.438
575 91 8 10 0.438
478 125 7 9 0.438
958 101 8 9 0.436
965 146 8 11 0.436
824 202 7 10 0.436
1005 516 9 14 0.431
587 215 8 10 0.429
646 57 6 8 0.427
975 56 7 10 0.425
542 106 7 10 0.423
999 104 9 10 0.423
593 132 7 10 0.423
74 168 7 9 0.423
701 60 8 10 0.418
412 134 7 9 0.418
628 216 8 10 0.418
27 61 6 8 0.416
29 161 8 9 0.414
538 261 9 10 0.410
449 66 6 8 0.405
155 139 7 9 0.405
765 44 8 10 0.403
613 216 7 10 0.403
750 227 7 10 0.403
933 102 8 9 0.401
701 23 7 9 0.399
517 88 7 9 0.399
394 64 6 8 0.397
695 118 7 10 0.395
557 107 7 10 0.393
347 107 7 9 0.391
647 241 8 11 0.391
396 310 10 14 0.390
379 26 5 7 0.388
349 129 9 9 0.388
613 6 7 9 0.386
808 64 7 8 0.386
714 126 7 9 0.386
717 82 8 9 0.382
611 133 7 10 0.382
916 118 7 11 0.380
602 59 8 10 0.378
450 158 7 10 0.376
394 150 8 10 0.374
449 44 7 9 0.372
723 43 7 10 0.372
463 29 6 9 0.370
642 24 6 9 0.370
915 37 7 8 0.370
360 114 7 8 0.370
239 116 7 9 0.368
975 24 7 8 0.365
415 65 6 8 0.365
890 38 7 8 0.364
535 49 7 9 0.364
117 31 7 9 0.361
99 4 6 8 0.359
299 37 7 9 0.359
554 90 8 11 0.357
450 212 9 11 0.355
660 77 7 10 0.351
30 93 6 9 0.351
762 86 7 9 0.351
255 177 7 9 0.347
271 57 6 8 0.345
852 116 7 11 0.343
62 121 7 9 0.341
82 76 6 8 0.337
289 122 7 9 0.337
110 156 7 9 0.337
541 71 7 9 0.335
958 493 11 15 0.335
41 76 6 8 0.329
738 84 7 9 0.329
495 103 7 10 0.329
287 161 7 9 0.329
501 167 7 10 0.329
995 5 8 10 0.327
730 63 7 9 0.325
254 57 6 8 0.324
661 56 7 10 0.324
131 158 7 9 0.322
745 41 8 10 0.319
110 62 7 9 0.319
525 70 7 9 0.319
698 83 7 9 0.314
973 223 9 10 0.312
940 39 7 10 0.310
160 84 6 8 0.310
203 94 6 8 0.310
173 128 6 9 0.310
940 18 7 9 0.308
350 43 6 8 0.308
780 27 7 8 0.306
918 506 10 16 0.306
223 82 7 9 0.302
244 101 6 9 0.302
950 556 11 19 0.301
313 104 7 10 0.299
171 175 7 9 0.299
569 127 7 9 0.297
270 104 6 9 0.295
612 40 7 10 0.291
180 65 7 10 0.291
508 72 7 9 0.291
368 92 7 10 0.291
620 76 7 9 0.289
1015 77 8 12 0.289
66 96 6 8 0.289
121 95 7 10 0.289
1010 145 10 14 0.289
725 183 7 10 0.289
838 13 6 7 0.288
359 25 6 8 0.288
378 172 7 10 0.288
147 163 5 9 0.284
696 205 9 11 0.284
720 7 7 11 0.280
756 186 8 11 0.280
101 166 6 9 0.279
0 3 6 11 0.277
298 134 6 21 0.277
273 176 6 10 0.277
280 37 7 9 0.275
678 83 8 10 0.275
283 139 7 9 0.273
911 19 6 9 0.271
330 76 7 9 0.271
385 78 6 9 0.270
491 142 12 10 0.266
270 77 6 8 0.264
30 138 7 10 0.264
1018 171 7 11 0.264
91 19 6 9 0.261
697 140 7 10 0.261
870 520 11 16 0.261
696 14 7 10 0.259
565 55 7 9 0.259
196 185 7 10 0.258
873 605 11 16 0.258
641 236 10 12 0.256
798 35 7 9 0.254
693 204 10 11 0.254
557 103 7 19 0.252
575 191 9 13 0.252
519 11 6 14 0.251
905 77 8 10 0.251
650 97 8 11 0.247
631 6 7 10 0.246
794 67 7 9 0.246
389 44 7 8 0.244
94 63 6 9 0.244
413 78 6 12 0.243
312 163 7 10 0.241
584 179 7 10 0.239
681 25 8 11 0.238
302 71 6 9 0.238
255 86 7 12 0.238
176 116 6 9 0.238
425 45 6 9 0.236
536 183 7 18 0.236
297 104 6 9 0.234
-1 117 8 12 0.234
328 60 7 9 0.233
998 80 8 19 0.233
901 98 8 10 0.233
873 121 8 11 0.233
686 204 11 11 0.231
327 6 6 9 0.230
555 126 8 10 0.230
1000 196 9 10 0.230
613 26 8 9 0.228
303 68 7 10 0.228
946 58 7 10 0.227
361 61 8 9 0.222
573 114 8 11 0.222
928 4 7 10 0.220
594 145 7 13 0.220
183 172 9 9 0.220
76 9 6 9 0.219
857 0 8 6 0.219
971 125 8 10 0.219
836 127 8 13 0.216
532 3 7 9 0.214
727 28 7 10 0.213
824 275 8 10 0.213
174 121 7 12 0.210
257 6 6 9 0.207
236 185 7 9 0.204
572 91 13 11 0.202
272 120 7 10 0.202
378 17 6 23 0.201
155 131 6 21 0.199
735 233 8 12 0.199
915 503 11 16 0.199
132 61 6 11 0.194
477 84 8 11 0.192
626 150 10 14 0.192
681 63 12 9 0.191
605 232 12 9 0.191
203 54 6 9 0.190
571 150 8 25 0.190
257 174 7 10 0.190
288 158 7 20 0.190
995 526 13 26 0.189
602 192 9 11 0.188
400 634 12 18 0.188
83 71 6 17 0.187
428 132 8 11 0.187
321 143 8 11 0.187
414 174 7 13 0.187
645 5 8 11 0.186
212 133 12 9 0.186
696 11 7 10 0.184
802 86 8 10 0.184
220 134 8 10 0.184
573 14 8 11 0.183
252 178 9 10 0.183
139 177 7 9 0.182
582 180 8 13 0.182
558 219 8 11 0.182
160 50 6 15 0.180
632 99 7 10 0.180
1017 198 7 10 0.180
680 99 7 11 0.179
412 152 8 11 0.179
291 172 8 18 0.179
105 86 7 17 0.178
53 93 8 13 0.178
608 196 14 11 0.178
947 238 8 11 0.178
180 60 7 11 0.176
29 123 7 19 0.176
597 87 8 12 0.175
963 145 8 21 0.175
562 33 6 14 0.174
755 22 10 20 0.174
873 273 7 9 0.172
799 227 8 11 0.171
54 15 6 12 0.170
981 4 8 10 0.169
256 196 7 9 0.169
576 84 8 19 0.168
612 93 12 10 0.168
500 11 6 24 0.166
1016 72 8 14 0.166
672 37 9 14 0.165
675 37 12 16 0.165
873 54 8 16 0.165
1003 14 8 17 0.164
694 116 8 20 0.164
542 147 8 10 0.163
750 216 8 31 0.160
961 85 8 27 0.160
506 148 7 9 0.160
431 69 11 9 0.158
410 131 9 14 0.158
78 573 11 16 0.157
311 73 7 13 0.157
831 114 8 20 0.157
590 3 8 8 0.155
555 104 9 11 0.155
447 179 16 9 0.155
583 266 8 10 0.155
178 62 10 16 0.154
195 182 7 10 0.153
15 114 8 20 0.153
831 204 8 30 0.152
351 64 8 10 0.152
519 70 15 10 0.152
1016 635 8 22 0.152
390 38 6 21 0.151
2 407 9 16 0.150
990 5 10 10 0.150
868 68 7 9 0.150
247 188 11 9 0.150
207 157 8 17 0.148
1002 515 10 23 0.148
889 537 11 16 0.148
738 91 7 25 0.148
253 54 9 14 0.147
827 115 10 13 0.147
338 127 8 15 0.147
659 134 11 10 0.147
313 160 8 11 0.147
272 111 7 20 0.146
896 433 9 14 0.145
591 54 7 9 0.145
763 65 9 10 0.144
217 183 11 12 0.144
363 55 7 19 0.143
252 194 9 9 0.143
528 1 11 12 0.142
360 17 6 22 0.142
486 161 12 10 0.142
494 645 18 22 0.142
290 175 7 10 0.140
116 26 8 17 0.139
759 67 11 11 0.139
693 101 8 12 0.138
425 35 7 24 0.136
669 9 7 10 0.135
351 37 6 23 0.135
327 58 8 17 0.135
6 93 9 11 0.135
886 233 10 11 0.135
477 123 7 17 0.134
91 12 7 19 0.132
964 39 8 11 0.131
108 56 10 21 0.131
614 207 8 23 0.131
15 78 9 13 0.130
242 100 7 16 0.130
64 5 11 9 0.129
855 96 7 10 0.129
817 130 8 11 0.128
76 170 7 10 0.128
105 91 6 9 0.127
629 97 8 12 0.126
1017 35 7 12 0.125
505 141 8 27 0.125
709 82 14 10 0.124
487 186 17 9 0.124
0 -2 7 26 0.123
424 4 6 27 0.122
197 128 7 13 0.122
408 12 6 9 0.122
298 57 8 12 0.121
694 113 13 21 0.121
481 164 7 28 0.121
589 212 8 25 0.121
494 32 6 9 0.120
377 20 10 19 0.119
286 125 7 26 0.119
103 155 15 10 0.119
254 582 10 16 0.119
991 699 19 27 0.119
60 9 7 9 0.119
121 85 6 24 0.119
103 112 8 10 0.119
947 2 10 14 0.117
101 3 8 14 0.117
600 81 9 15 0.117
335 103 7 20 0.117
462 23 8 28 0.115
15 118 7 11 0.114
407 6 8 20 0.114
491 101 12 14 0.114
57 165 15 9 0.114
613 216 11 12 0.114
4 413 8 14 0.114
124 5 9 24 0.113
518 12 8 21 0.111
63 74 9 14 0.111
427 83 8 10 0.111
360 141 7 16 0.111
493 25 7 24 0.110
378 105 8 23 0.110
266 137 14 14 0.110
520 223 11 10 0.110
755 27 9 11 0.110
956 21 8 17 0.110
561 73 7 10 0.110
482 5 7 26 0.109
361 139 8 25 0.109
443 11 6 17 0.108
701 42 6 29 0.108
564 52 7 24 0.108
81 100 7 22 0.108
719 159 8 11 0.108
869 73 8 11 0.107
319 144 11 18 0.107
995 152 13 12 0.107
449 214 8 11 0.107
973 164 7 55 0.106
379 175 7 30 0.106
830 114 7 10 0.106
422 18 7 26 0.105
701 52 8 17 0.105
613 103 8 27 0.105
614 141 8 22 0.105
651 217 13 19 0.105
938 12 8 26 0.104
854 0 13 7 0.104
486 70 8 16 0.104
575 12 8 22 0.103
515 77 11 29 0.103
922 57 9 12 0.102
1004 14 12 18 0.101
964 188 12 11 0.101
575 17 7 9 0.101
972 122 8 11 0.100
212 127 7 27 0.100
122 0 8 17 0.100
147 52 7 23 0.099
695 78 8 25 0.098
603 148 15 16 0.098
500 16 7 12 0.096
1007 55 9 11 0.096
812 230 10 11 0.096
148 63 7 9 0.096
614 0 6 27 0.096
541 260 10 11 0.096
593 351 11 15 0.096
422 25 7 13 0.095
566 184 17 24 0.095
633 233 9 12 0.095
852 282 9 11 0.095
405 45 10 8 0.095
869 521 17 18 0.095
640 65 8 27 0.094
321 92 8 12 0.094
428 125 7 24 0.094
983 267 9 12 0.093
159 47 11 23 0.092
51 92 13 12 0.092
0 115 9 29 0.092
523 191 11 29 0.092
781 10 7 10 0.092
329 50 8 26 0.092
977 104 10 11 0.092
981 127 9 11 0.092
1011 192 11 19 0.092
498 84 6 14 0.091
126 13 7 11 0.091
92 50 6 24 0.091
497 82 10 19 0.090
811 172 11 12 0.090
412 174 8 26 0.090
723 179 10 18 0.090
979 243 9 12 0.090
957 23 8 10 0.089
151 123 8 18 0.088
64 76 7 9 0.088
67 131 6 20 0.088
235 59 7 25 0.087
831 100 7 10 0.087
300 195 7 9 0.087
940 8 11 24 0.087
573 198 11 20 0.086
236 66 6 12 0.084
871 513 11 17 0.084
915 30 7 18 0.084
238 168 6 26 0.084
999 19 9 25 0.083
762 79 8 16 0.083
981 150 9 17 0.083
638 115 8 10 0.083
126 7 11 24 0.082
496 17 9 28 0.082
1004 472 11 14 0.082
507 68 7 20 0.082
313 74 7 12 0.082
994 153 9 11 0.082
836 140 9 17 0.082
359 170 8 9 0.082
806 228 15 12 0.082
750 260 9 11 0.082
1014 5 8 9 0.081
203 46 9 24 0.081
680 204 23 10 0.081
577 34 9 21 0.080
154 122 7 16 0.080
639 111 12 17 0.080
638 133 8 11 0.080
390 168 15 18 0.080
29 111 8 28 0.079
997 145 8 61 0.079
30 126 7 10 0.078
630 30 10 28 0.078
967 35 10 11 0.078
127 152 10 28 0.078
378 44 9 9 0.077
29 96 7 26 0.077
634 42 7 10 0.077
553 76 12 29 0.077
626 198 9 13 0.076
334 107 7 12 0.075
909 182 7 56 0.075
10 86 7 24 0.074
393 143 9 17 0.074
1001 471 11 13 0.074
946 551 13 20 0.074
798 61 16 18 0.073
679 83 8 29 0.073
817 125 9 23 0.073
958 9 9 10 0.073
696 9 13 24 0.073
132 42 8 22 0.073
432 67 14 9 0.073
501 181 7 80 0.073
255 53 5 31 0.072
661 58 7 30 0.072
903 98 11 15 0.072
632 38 7 16 0.072
776 3 11 28 0.072
79 123 11 19 0.072
302 69 12 10 0.071
631 4 6 20 0.071
810 64 8 10 0.071
386 83 9 26 0.071
1002 104 8 10 0.071
802 172 9 11 0.071
561 265 9 10 0.071
601 151 21 9 0.070
485 -3 7 27 0.070
495 30 7 18 0.070
289 164 10 22 0.070
750 191 14 14 0.070
463 3 6 30 0.069
121 74 7 25 0.069
310 111 8 27 0.069
636 113 9 17 0.069
500 -4 9 23 0.069
446 32 11 28 0.069
876 43 8 21 0.069
840 120 9 23 0.069
103 162 10 12 0.069
928 -1 8 27 0.068
939 43 14 25 0.068
81 70 14 23 0.068
83 527 9 16 0.068
597 84 7 22 0.067
399 46 8 29 0.067
798 62 8 10 0.067
38 2 7 13 0.066
405 38 12 22 0.066
414 50 9 31 0.066
587 46 12 24 0.066
816 6 6 23 0.066
492 45 8 18 0.066
791 128 7 10 0.066
1018 126 6 20 0.066
390 55 9 28 0.065
88 46 6 10 0.065
594 73 11 26 0.065
651 114 11 15 0.065
635 33 9 25 0.064
988 148 15 23 0.064
284 166 13 28 0.064
151 127 10 9 0.064
220 30 8 28 0.064
38 38 7 23 0.063
88 41 7 19 0.063
74 145 8 60 0.063
670 0 9 22 0.063
101 73 8 30 0.063
944 238 13 13 0.063
951 563 10 16 0.063
673 90 15 27 0.062
63 196 7 9 0.062
523 259 8 10 0.062
127 135 12 26 0.061
518 15 7 12 0.061
601 83 16 22 0.061
334 129 11 24 0.061
249 581 13 16 0.061
296 139 17 16 0.060
815 144 12 22 0.060
795 65 8 8 0.060
78 126 8 14 0.060
905 31 8 11 0.060
817 11 6 12 0.059
652 55 18 13 0.059
315 197 8 9 0.059
897 275 9 11 0.059
131 49 8 10 0.059
808 153 7 90 0.058
564 9 9 10 0.058
477 82 7 29 0.058
895 152 10 28 0.058
729 20 15 24 0.058
131 46 8 28 0.058
336 103 15 18 0.058
729 266 10 11 0.058
1012 121 8 57 0.057
643 89 15 28 0.057
31 106 9 10 0.057
393 173 10 18 0.057
38 44 6 11 0.057
124 189 8 8 0.056
1012 341 10 14 0.056
191 193 8 10 0.056
739 18 12 24 0.055
968 15 15 27 0.055
383 95 8 27 0.055
249 150 13 21 0.055
427 725 18 20 0.055
325 74 13 14 0.055
312 98 14 21 0.055
31 121 10 21 0.055
325 67 14 27 0.054
482 148 6 36 0.054
814 18 16 29 0.054
993 224 8 10 0.054
681 184 17 50 0.054
175 107 6 33 0.053
21 160 7 8 0.053
462 -1 12 25 0.053
558 45 15 28 0.053
895 134 8 12 0.052
862 134 11 19 0.052
996 590 11 15 0.052
644 -1 15 22 0.052
681 7 8 30 0.052
764 180 12 11 0.052
874 274 11 10 0.052
792 693 14 19 0.052
177 115 6 9 0.051
141 71 10 26 0.051
329 164 8 11 0.051
294 58 14 9 0.051
192 -5 10 26 0.051
323 0 8 29 0.051
813 136 12 23 0.051
562 235 9 11 0.051
742 0 10 23 0.050
778 26 8 25 0.050
100 82 11 27 0.050
668 7 12 10 0.050
316 8 7 25 0.050
869 11 7 16 0.049
354 15 12 30 0.049
378 69 15 27 0.049
797 62 9 31 0.049
592 189 7 86 0.049
562 27 6 31 0.049
36 43 10 26 0.049
743 696 15 23 0.049
583 261 8 12 0.049
417 19 11 27 0.048
766 42 8 23 0.048
925 63 13 17 0.048
86 154 10 21 0.048
643 8 7 29 0.048
228 15 10 28 0.048
995 473 20 14 0.048
292 84 9 25 0.047
935 188 10 11 0.047
485 71 11 26 0.047
163 148 13 30 0.047
943 237 10 12 0.047
2 129 10 24 0.046
987 221 12 18 0.046
31 101 12 21 0.046
813 551 12 18 0.046
902 587 12 17 0.046
602 195 26 10 0.045
674 0 14 21 0.045
613 16 13 29 0.045
35 70 12 26 0.045
722 157 9 11 0.045
193 191 8 10 0.045
234 79 8 16 0.045
147 56 12 25 0.045
368 51 12 28 0.045
985 146 10 15 0.045
725 32 7 28 0.045
804 67 9 29 0.045
397 115 9 14 0.045
623 200 17 10 0.045
703 35 5 41 0.044
154 13 9 29 0.044
441 16 7 31 0.044
117 188 12 9 0.043
978 246 10 13 0.043
152 130 8 98 0.043
408 0 9 29 0.043
74 3 13 27 0.043
958 168 15 30 0.043
10 616 14 22 0.043
793 66 25 8 0.043
541 83 10 27 0.043
795 63 8 22 0.043
830 64 7 70 0.043
4 90 9 31 0.042
770 176 9 11 0.042
1 133 9 9 0.042
228 119 11 26 0.042
944 597 14 23 0.042
333 37 7 17 0.042
195 200 7 10 0.041
725 28 24 9 0.041
179 26 12 27 0.041
121 134 11 24 0.041
804 143 9 11 0.041
271 156 7 31 0.041
170 28 10 27 0.041
376 33 8 28 0.041
806 174 20 11 0.040
779 -1 12 27 0.040
166 159 12 29 0.040
289 150 5 45 0.040
724 30 14 27 0.040
50 6 9 26 0.040
269 83 9 30 0.040
869 9 7 11 0.039
231 75 13 28 0.039
19 512 9 15 0.039
740 84 9 27 0.039
284 82 12 24 0.039
895 57 21 9 0.038
424 68 12 28 0.038
124 16 11 25 0.038
244 14 8 30 0.038
453 191 9 22 0.038
942 608 12 20 0.038
477 15 11 30 0.038
248 81 12 28 0.038
411 246 7 8 0.038
227 71 14 27 0.037
861 237 9 11 0.037
395 313 9 15 0.037
811 558 13 18 0.037
222 100 8 21 0.037
558 264 11 15 0.037
331 108 24 8 0.037
353 65 9 25 0.037
493 50 8 11 0.036
270 57 8 31 0.036
829 218 10 24 0.036
812 267 10 12 0.036
148 41 5 46 0.036
15 113 14 30 0.036
895 510 11 15 0.036
637 195 16 83 0.036
582 239 8 60 0.036
122 -1 13 28 0.035
594 47 14 30 0.035
661 51 14 26 0.035
604 133 13 28 0.035
594 356 11 16 0.035
49 22 8 22 0.035
331 33 14 26 0.035
749 131 8 11 0.035
863 551 11 16 0.035
246 -3 14 26 0.035
734 184 13 25 0.035
519 154 7 18 0.035
24 49 10 24 0.034
670 85 14 26 0.034
620 175 8 10 0.034
877 9 6 89 0.034
484 108 13 28 0.034
726 152 8 74 0.034
822 236 11 11 0.034
59 20 15 25 0.034
738 24 24 15 0.033
675 5 11 12 0.033
1000 181 14 41 0.033
437 -3 11 28 0.033
818 -5 10 25 0.033
430 68 28 7 0.033
272 101 6 39 0.033
394 220 7 9 0.033
994 225 9 11 0.033
1010 343 9 13 0.033
796 5 13 31 0.033
177 105 8 24 0.033
315 161 10 27 0.033
781 1 6 43 0.033
662 46 5 46 0.033
51 13 14 29 0.032
519 147 15 24 0.032
697 152 8 13 0.032
1010 301 12 12 0.032
381 -5 11 27 0.032
977 20 13 25 0.032
83 98 12 24 0.032
7 487 8 16 0.032
195 -7 5 33 0.032
742 6 12 12 0.032
408 71 9 23 0.032
108 188 9 10 0.032
488 200 11 14 0.032
906 198 23 70 0.032
614 127 6 44 0.031
951 183 31 13 0.031
792 124 9 11 0.031
37 172 7 10 0.031
451 -4 11 28 0.031
1012 19 12 27 0.031
736 194 11 14 0.031
585 -5 13 26 0.031
586 170 10 21 0.031
809 151 20 11 0.030
290 595 14 16 0.030
746 58 14 23 0.030
713 135 9 17 0.030
978 646 14 18 0.030
777 188 11 12 0.030
291 158 6 39 0.030
431 189 13 25 0.029
755 150 9 84 0.029
526 261 11 10 0.029
590 35 10 30 0.029
349 101 9 31 0.029
332 151 12 19 0.029
33 161 10 18 0.029
961 265 10 13 0.029
893 539 12 15 0.029
903 119 10 13 0.029
753 144 10 12 0.029
30 164 14 10 0.029
955 95 8 14 0.029
666 24 13 27 0.028
917 59 11 25 0.028
385 93 8 19 0.028
399 310 10 13 0.028
869 601 10 17 0.028
746 235 14 59 0.028
81 186 8 10 0.028
743 194 12 19 0.028
829 237 10 11 0.028
986 272 11 15 0.028
1004 295 11 17 0.028
834 14 12 21 0.027
992 59 12 11 0.027
802 170 11 22 0.027
951 591 12 20 0.027
863 634 13 21 0.027
531 36 9 26 0.027
52 47 9 26 0.027
171 134 9 29 0.027
229 8 6 43 0.027
651 198 13 25 0.027
497 653 17 19 0.027
214 120 4 45 0.027
40 84 20 29 0.027
750 266 9 13 0.027
623 24 30 10 0.027
596 370 10 17 0.027
868 600 13 48 0.027
758 144 10 95 0.026
416 170 14 25 0.026
332 232 8 8 0.026
950 710 14 21 0.026
288 114 7 33 0.026
497 9 7 45 0.026
242 3 19 12 0.026
883 45 7 104 0.026
421 59 20 24 0.026
646 249 8 19 0.026
386 43 29 10 0.026
389 176 18 9 0.026
192 4 10 32 0.026
494 48 10 14 0.026
53 66 15 29 0.026
605 236 10 10 0.026
19 132 12 24 0.026
325 3 17 13 0.026
464 173 18 88 0.025
705 94 19 26 0.025
811 117 10 17 0.025
374 149 11 21 0.025
409 247 8 9 0.025
989 692 15 22 0.025
267 118 11 15 0.025
742 197 10 12 0.025
154 -4 14 28 0.025
423 -3 10 29 0.025
733 3 14 31 0.025
755 146 11 13 0.025
780 163 9 17 0.025
826 190 10 23 0.025
161 445 10 14 0.025
814 586 14 20 0.025
664 45 6 37 0.025
256 47 5 48 0.025
240 190 14 8 0.025
266 109 9 25 0.025
957 5 13 31 0.025
371 45 13 31 0.025
5 419 8 12 0.025
1018 13 6 45 0.024
244 2 9 31 0.024
904 50 17 24 0.024
14 93 14 31 0.024
996 299 8 12 0.024
871 594 13 18 0.024
386 76 6 40 0.024
480 11 6 41 0.024
271 47 5 47 0.024
724 134 8 87 0.024
800 5 16 30 0.024
851 88 8 10 0.024
383 196 9 11 0.024
143 -5 13 27 0.023
194 69 12 29 0.023
732 219 10 23 0.023
864 625 13 20 0.023
585 -24 16 90 0.023
420 726 19 20 0.023
102 95 10 30 0.023
153 103 10 19 0.023
373 119 10 26 0.023
849 271 11 20 0.023
1018 119 6 21 0.023
937 -4 18 26 0.023
851 285 8 10 0.023
39 34 5 44 0.023
739 4 13 32 0.023
26 30 6 71 0.023
970 33 8 104 0.023
851 279 9 12 0.023
5 78 11 21 0.023
2 108 4 44 0.023
201 155 12 21 0.023
68 0 14 31 0.022
600 94 13 29 0.022
804 742 27 24 0.022
591 41 9 41 0.022
983 223 19 11 0.022
67 27 9 23 0.022
881 70 11 20 0.022
967 753 22 16 0.022
456 86 16 27 0.022
17 160 13 10 0.022
824 197 8 12 0.022
716 158 9 11 0.022
682 0 6 47 0.022
523 20 12 25 0.022
101 -2 6 26 0.022
53 57 11 30 0.022
242 121 10 26 0.022
794 16 12 32 0.022
942 41 9 36 0.022
707 185 10 12 0.021
399 110 8 22 0.021
82 43 11 29 0.021
971 227 10 15 0.021
218 40 12 31 0.021
64 63 10 28 0.021
951 79 9 27 0.021
151 148 16 29 0.021
765 35 7 36 0.021
675 109 7 108 0.021
941 180 11 21 0.021
871 525 10 15 0.021
862 134 6 113 0.021
411 65 31 13 0.021
275 195 8 10 0.021
919 512 11 15 0.021
496 23 7 33 0.021
699 -4 7 50 0.021
707 188 10 19 0.021
695 151 9 104 0.020
173 85 11 20 0.020
218 173 8 10 0.020
998 131 11 16 0.020
572 184 10 39 0.020
218 -6 15 29 0.020
794 235 11 13 0.020
895 515 11 19 0.020
1007 711 14 21 0.020
824 90 6 115 0.020
861 28 12 20 0.020
438 95 11 27 0.020
916 534 12 18 0.020
715 82 7 101 0.020
488 77 16 30 0.020
273 29 8 20 0.020
821 202 7 10 0.020
83 33 11 28 0.020
240 28 12 29 0.020
1006 419 11 14 0.020
700 210 11 14 0.019
408 109 10 15 0.019
325 -4 18 28 0.019
994 306 8 12 0.019
879 749 22 18 0.019
33 -3 14 22 0.019
964 65 13 23 0.019
335 87 11 22 0.019
298 -8 9 97 0.019
732 195 12 23 0.019
362 73 17 23 0.019
797 8 8 50 0.019
0 17 10 29 0.018
80 84 11 29 0.018
202 187 14 12 0.018
945 559 12 18 0.018
847 200 12 11 0.018
591 27 7 43 0.018
707 -6 17 24 0.018
777 175 12 22 0.018
833 615 15 18 0.018
904 80 7 37 0.018
817 198 10 20 0.018
811 547 13 42 0.018
149 107 17 10 0.018
195 93 11 17 0.018
651 196 11 16 0.018
305 105 13 39 0.018
456 177 13 29 0.018
473 57 11 22 0.018
1011 477 9 14 0.018
630 16 19 30 0.018
925 95 10 17 0.018
790 232 9 12 0.018
341 445 10 15 0.018
778 144 12 21 0.018
318 138 7 108 0.018
311 18 11 30 0.018
391 33 22 28 0.018
921 541 13 19 0.018
649 128 7 113 0.018
897 270 8 19 0.018
768 189 12 21 0.018
512 49 10 19 0.017
580 59 12 27 0.017
123 121 7 36 0.017
748 132 13 25 0.017
312 86 11 30 0.017
959 -1 8 44 0.017
443 170 22 85 0.017
983 480 11 16 0.017
271 72 4 48 0.017
850 53 13 91 0.017
5 475 10 38 0.017
119 107 11 26 0.017
866 17 11 27 0.017
898 433 14 15 0.017
168 3 15 32 0.017
483 64 17 39 0.016
350 91 5 50 0.016
338 80 8 38 0.016
654 17 14 30 0.016
325 -6 8 43 0.016
394 636 14 16 0.016
162 448 11 16 0.016
4 416 9 22 0.016
12 573 12 20 0.016
60 -9 10 37 0.016
459 168 6 42 0.016
441 -10 6 43 0.016
335 120 8 44 0.016
757 -3 14 27 0.016
694 160 10 11 0.016
156 -4 6 49 0.016
820 104 8 114 0.015
154 370 12 15 0.015
858 5 14 27 0.015
194 -3 5 47 0.015
463 59 12 23 0.015
138 76 14 31 0.015
340 147 13 23 0.015
641 198 17 23 0.015
768 610 13 17 0.015
100 152 23 39 0.015
880 61 6 113 0.015
141 112 10 28 0.015
173 125 5 48 0.015
998 -34 9 100 0.015
927 100 11 10 0.015
726 256 10 15 0.015
68 21 6 36 0.015
145 5 15 31 0.015
206 4 13 32 0.015
709 149 15 23 0.015
893 128 12 23 0.015
753 7 14 31 0.015
426 59 7 47 0.015
15 504 10 29 0.015
997 299 16 18 0.015
993 688 17 23 0.015
481 160 29 17 0.015
904 82 12 28 0.015
33 110 15 28 0.015
79 95 9 45 0.015
586 177 13 11 0.015
753 197 12 24 0.015
790 243 8 11 0.015
1015 670 10 22 0.015
534 231 9 12 0.014
352 57 8 45 0.014
762 178 20 14 0.014
332 15 13 31 0.014
433 242 8 11 0.014
725 230 13 17 0.014
638 232 11 14 0.014
122 69 14 30 0.014
801 728 23 38 0.014
412 167 23 30 0.014
73 168 10 27 0.014
122 101 7 36 0.014
903 21 9 30 0.014
725 127 10 16 0.014
3 463 8 23 0.014
356 -8 17 28 0.014
544 59 17 30 0.014
223 64 21 40 0.014
314 9 6 46 0.014
363 47 22 37 0.014
697 146 8 25 0.014
1012 416 11 14 0.014
934 187 18 11 0.014
6 500 10 14 0.014
820 -11 5 40 0.014
542 16 9 32 0.014
536 236 11 19 0.014
476 235 8 9 0.013
778 44 11 22 0.013
860 45 11 11 0.013
556 181 7 117 0.013
609 234 8 10 0.013
653 3 15 29 0.013
116 46 14 29 0.013
742 232 14 27 0.013
193 89 6 114 0.013
780 -28 7 108 0.013
124 125 15 28 0.013
183 8 8 51 0.013
600 377 12 16 0.013
284 70 13 30 0.013
170 17 11 32 0.013
979 754 20 15 0.013
28 88 34 19 0.013
93 103 7 115 0.013
327 162 13 15 0.013
975 160 7 114 0.013
592 234 10 11 0.013
921 17 14 30 0.013
780 119 10 18 0.012
997 303 10 17 0.012
322 30 17 30 0.012
443 3 18 31 0.012
521 244 9 13 0.012
262 138 30 16 0.012
666 87 24 21 0.012
47 518 11 17 0.012
81 532 10 15 0.012
52 516 9 14 0.012
787 749 28 19 0.012
179 143 13 29 0.012
874 235 14 15 0.012
170 95 13 30 0.012
724 164 10 23 0.012
369 127 13 16 0.012
10 5 11 24 0.012
0 29 11 29 0.012
281 47 17 29 0.012
345 86 12 28 0.012
219 105 11 29 0.012
59 635 12 21 0.012
142 69 6 41 0.012
512 29 10 21 0.012
983 753 33 15 0.012
888 59 11 23 0.011
139 97 14 26 0.011
552 21 16 29 0.011
828 36 11 16 0.011
849 190 14 23 0.011
410 232 9 26 0.011
805 53 7 53 0.011
205 40 6 48 0.011
86 25 5 48 0.011
82 87 16 43 0.011
800 149 13 21 0.011
302 597 13 17 0.011
1 465 9 16 0.011
245 -6 5 49 0.011
204 68 16 30 0.011
1009 470 10 14 0.011
7 536 10 15 0.011
465 68 16 28 0.011
985 120 9 19 0.011
608 121 8 49 0.011
254 33 11 28 0.011
1005 417 16 21 0.011
713 236 15 25 0.011
362 105 5 117 0.011
790 -6 18 29 0.011
0 43 9 27 0.011
871 494 14 25 0.011
671 175 12 19 0.011
70 19 16 28 0.011
925 582 12 17 0.011
740 72 6 50 0.011
654 28 14 30 0.011
165 81 16 27 0.011
825 617 15 19 0.011
996 683 15 21 0.011
54 47 7 47 0.011
219 17 17 31 0.010
771 120 10 16 0.010
202 199 9 9 0.010
23 581 13 17 0.010
646 255 7 10 0.010
246 52 17 32 0.010
210 -3 7 48 0.010
726 -3 19 29 0.010
165 461 9 13 0.010
578 52 13 42 0.010
338 149 9 19 0.010
986 114 13 24 0.010
949 221 14 59 0.010
703 80 16 27 0.010
810 273 12 11 0.010
622 168 8 22 0.010
57 12 22 39 0.010
10 93 24 37 0.010
279 195 7 8 0.010
344 -7 17 29 0.010
308 47 12 27 0.010
