35_Basketball_playingbasketball_35_632
30
128 444 19 23 0.782
908 481 18 23 0.748
721 490 15 17 0.593
336 524 37 32 0.580
32 505 9 10 0.376
460 337 32 32 0.344
870 483 15 18 0.072
474 347 33 35 0.058
266 492 9 9 0.048
208 491 8 9 0.046
263 488 9 10 0.041
243 477 9 10 0.034
349 522 23 27 0.031
260 484 8 9 0.027
268 494 8 9 0.026
31 508 8 11 0.026
209 489 8 10 0.023
233 472 8 9 0.022
36 505 9 9 0.019
232 473 14 12 0.018
228 475 11 10 0.017
868 487 15 20 0.017
237 475 14 11 0.014
336 529 24 25 0.014
346 518 18 19 0.014
205 490 9 11 0.013
234 477 7 10 0.012
132 449 18 22 0.011
206 486 14 16 0.011
324 524 36 24 0.011
