35_Basketball_basketballgame_ball_35_689
480
96 153 12 15 0.823
343 138 11 15 0.809
213 85 11 14 0.807
21 123 11 14 0.802
449 202 11 15 0.800
175 113 12 15 0.799
137 137 12 15 0.797
515 190 11 14 0.797
420 202 13 15 0.795
479 117 12 16 0.794
314 130 11 16 0.794
67 148 11 15 0.794
521 92 11 14 0.793
581 193 11 15 0.784
393 190 11 15 0.783
323 100 10 14 0.781
49 126 11 14 0.781
448 178 11 15 0.775
616 72 11 15 0.774
35 65 10 14 0.773
61 69 10 12 0.773
395 24 10 12 0.770
581 65 11 14 0.770
74 129 11 14 0.768
28 145 12 15 0.768
553 216 12 16 0.768
229 2 11 14 0.765
524 208 12 14 0.765
802 89 11 13 0.762
351 17 10 14 0.759
437 24 10 13 0.759
909 96 12 15 0.759
392 50 10 13 0.758
469 221 12 14 0.758
552 11 10 13 0.756
412 108 12 15 0.756
153 49 11 14 0.754
576 94 11 14 0.754
490 87 12 15 0.753
352 104 11 15 0.753
382 140 10 14 0.752
55 99 11 14 0.750
83 18 10 12 0.748
296 98 11 14 0.743
591 217 12 17 0.740
551 93 11 14 0.735
422 174 11 14 0.735
742 19 10 13 0.735
937 71 12 15 0.733
207 255 15 18 0.733
284 131 11 15 0.732
50 40 9 13 0.730
969 39 12 15 0.729
722 184 12 15 0.729
959 190 12 15 0.729
172 1 11 12 0.727
410 142 11 14 0.727
206 4 10 13 0.725
394 79 10 14 0.725
272 164 11 14 0.723
236 153 11 15 0.722
579 133 10 14 0.720
316 315 16 22 0.719
78 43 9 12 0.718
295 68 12 14 0.718
18 94 11 14 0.718
203 118 11 14 0.718
665 226 13 17 0.718
700 21 10 14 0.717
519 65 11 14 0.717
689 237 13 17 0.715
332 69 11 14 0.715
945 141 12 15 0.715
802 203 12 15 0.715
518 3 10 13 0.711
926 168 12 15 0.711
987 142 12 15 0.710
300 11 11 15 0.706
183 154 12 14 0.706
63 16 9 11 0.704
270 46 12 14 0.704
241 125 11 14 0.704
870 131 11 15 0.704
629 200 12 15 0.701
98 135 11 13 0.699
698 174 11 14 0.699
245 60 11 14 0.697
461 24 11 13 0.695
931 39 10 13 0.695
985 107 11 14 0.694
144 19 11 13 0.694
119 71 11 14 0.694
653 202 12 16 0.694
188 29 10 14 0.692
98 45 11 13 0.692
927 11 10 13 0.690
218 120 11 14 0.690
549 131 10 13 0.690
436 143 11 14 0.690
310 40 11 14 0.686
725 144 11 14 0.681
269 97 12 14 0.675
444 81 10 14 0.673
654 104 11 15 0.669
655 71 11 13 0.665
623 103 12 14 0.665
613 11 10 12 0.663
675 47 11 12 0.663
616 133 11 14 0.661
556 162 11 14 0.656
238 91 11 14 0.652
995 23 10 11 0.650
707 58 10 12 0.646
369 78 10 14 0.644
684 79 10 14 0.640
451 115 12 15 0.636
359 56 10 14 0.634
576 42 10 14 0.628
825 64 10 13 0.628
370 16 11 13 0.627
831 95 10 13 0.627
499 35 10 13 0.626
673 368 15 19 0.626
475 146 11 16 0.622
882 176 11 14 0.622
807 155 12 16 0.621
116 23 9 11 0.615
542 44 11 14 0.615
871 201 13 15 0.613
425 51 12 15 0.611
551 195 12 14 0.611
651 19 10 13 0.609
486 52 10 14 0.607
123 196 12 14 0.599
516 32 11 13 0.597
648 44 11 14 0.594
144 85 11 14 0.594
2 16 10 11 0.588
80 103 11 13 0.584
939 112 11 13 0.578
488 190 11 15 0.578
601 231 12 16 0.578
678 24 9 11 0.565
462 55 10 12 0.558
953 19 10 12 0.552
771 145 12 14 0.552
660 169 13 16 0.506
0 88 7 15 0.499
894 46 9 11 0.493
595 11 10 13 0.488
344 177 12 16 0.483
130 54 8 12 0.482
542 68 11 13 0.479
270 66 10 12 0.475
482 1 11 13 0.468
143 78 11 15 0.468
624 316 14 19 0.465
142 75 11 13 0.464
102 0 10 7 0.453
507 160 11 14 0.444
893 79 10 13 0.442
6 73 10 12 0.433
976 80 10 13 0.429
965 228 12 14 0.429
340 167 12 15 0.403
516 132 10 13 0.393
1018 46 7 16 0.388
767 205 12 15 0.376
997 280 12 15 0.368
698 378 12 16 0.361
422 87 11 14 0.335
401 0 10 8 0.333
21 36 9 12 0.331
127 23 10 12 0.329
684 234 16 18 0.327
475 3 9 12 0.324
387 115 12 17 0.319
907 715 18 28 0.299
350 17 20 12 0.298
672 150 10 14 0.286
386 112 11 13 0.271
386 122 12 16 0.261
183 143 11 28 0.253
551 197 11 25 0.247
952 276 12 13 0.247
709 0 11 6 0.246
393 73 15 28 0.240
1006 0 12 8 0.238
593 223 16 18 0.232
768 186 11 14 0.231
896 131 11 14 0.228
523 143 13 16 0.227
939 209 11 14 0.225
543 39 11 23 0.221
63 16 21 12 0.211
632 7 10 13 0.210
343 128 10 37 0.210
785 1 15 11 0.204
691 174 19 16 0.191
25 102 10 78 0.189
791 3 8 12 0.188
485 189 13 26 0.187
293 355 16 22 0.184
1019 78 6 16 0.168
515 133 14 20 0.165
26 140 12 20 0.162
689 375 16 18 0.143
777 0 12 8 0.138
478 107 11 49 0.136
983 85 12 53 0.134
518 188 11 32 0.134
295 58 11 31 0.133
278 97 13 15 0.130
596 165 10 14 0.128
688 587 20 24 0.127
885 131 16 15 0.127
649 0 11 7 0.122
223 54 12 16 0.119
859 16 11 13 0.119
268 129 30 13 0.114
655 59 10 75 0.112
467 51 32 19 0.109
48 36 11 14 0.104
34 54 10 44 0.104
473 150 11 15 0.104
476 140 12 21 0.102
241 100 10 59 0.102
382 120 11 53 0.098
338 164 11 13 0.096
836 57 11 14 0.096
494 33 37 15 0.095
100 16 9 63 0.095
719 106 12 15 0.095
677 28 9 53 0.094
210 119 20 15 0.093
576 83 11 32 0.093
740 0 11 8 0.090
472 4 10 12 0.089
76 91 9 75 0.089
139 2 18 46 0.089
54 95 11 24 0.088
441 114 10 15 0.086
413 102 12 16 0.085
651 -4 9 82 0.084
663 189 12 72 0.082
270 41 11 31 0.081
642 229 11 16 0.080
595 163 9 13 0.077
491 170 11 15 0.077
965 82 12 15 0.075
331 185 12 15 0.073
580 42 15 15 0.073
579 6 11 73 0.070
723 223 13 16 0.069
505 144 11 15 0.067
653 251 13 15 0.066
289 345 17 23 0.066
394 5 8 78 0.066
670 367 14 18 0.065
672 194 12 15 0.065
297 45 9 81 0.063
855 60 10 11 0.063
363 66 11 21 0.062
770 111 10 14 0.062
496 20 17 41 0.060
913 68 12 15 0.058
271 20 9 76 0.057
771 179 11 15 0.057
848 252 14 18 0.057
645 0 16 11 0.056
608 41 11 13 0.056
334 182 12 17 0.056
238 101 10 90 0.056
58 42 9 90 0.055
307 -18 10 101 0.054
80 33 10 30 0.051
333 52 10 14 0.051
367 63 11 36 0.049
959 84 14 14 0.049
626 201 11 15 0.049
412 111 10 71 0.046
7 153 10 13 0.046
102 71 11 14 0.045
836 94 11 13 0.045
449 142 9 96 0.044
939 116 12 15 0.043
546 -11 10 92 0.043
422 151 9 92 0.042
915 128 12 15 0.041
363 21 13 94 0.039
279 31 12 13 0.039
570 169 12 16 0.038
99 119 11 37 0.037
345 373 15 19 0.037
489 49 12 15 0.036
3 10 11 12 0.035
859 0 11 9 0.035
613 136 12 15 0.034
636 258 11 15 0.034
67 112 11 70 0.034
888 79 11 14 0.033
209 83 16 79 0.033
303 171 12 13 0.032
144 92 11 14 0.032
97 105 10 87 0.032
465 383 17 26 0.032
848 55 15 21 0.031
765 181 13 16 0.030
348 179 13 15 0.029
30 755 23 13 0.029
1019 66 6 21 0.029
614 167 12 16 0.029
393 52 12 14 0.028
267 94 11 14 0.028
722 112 10 12 0.028
615 44 12 15 0.027
383 115 11 14 0.027
949 139 12 16 0.027
255 171 13 15 0.027
254 176 10 14 0.027
18 150 21 14 0.027
633 263 13 16 0.027
677 -2 12 8 0.026
528 140 14 15 0.026
820 213 14 16 0.026
36 57 11 21 0.026
601 43 10 13 0.026
550 303 15 18 0.026
55 59 8 100 0.025
490 157 41 80 0.025
952 90 12 15 0.025
759 2 13 12 0.025
939 102 12 16 0.025
630 269 13 16 0.025
624 311 13 17 0.025
350 371 14 20 0.024
552 168 10 99 0.024
131 135 12 15 0.024
391 169 10 13 0.024
286 80 9 98 0.023
115 42 12 14 0.023
443 26 10 102 0.023
677 -15 7 110 0.023
838 135 13 16 0.023
241 29 10 110 0.023
544 70 12 16 0.023
561 2 14 12 0.022
654 255 12 19 0.022
990 280 13 15 0.022
554 249 12 14 0.022
613 15 11 22 0.022
582 90 16 18 0.021
438 119 12 18 0.021
830 138 15 16 0.021
333 47 11 14 0.021
767 113 10 13 0.021
877 1 10 11 0.021
993 20 10 13 0.021
498 -32 43 81 0.020
306 24 12 20 0.020
894 69 13 20 0.020
124 34 11 25 0.020
722 241 11 16 0.020
578 39 8 109 0.019
458 15 12 15 0.019
648 247 20 28 0.019
49 -2 14 8 0.019
764 218 13 17 0.019
475 156 11 15 0.019
545 196 11 15 0.019
592 162 18 17 0.019
603 259 16 19 0.019
886 175 12 15 0.019
673 0 14 6 0.019
415 29 11 14 0.018
73 15 14 77 0.018
887 71 12 15 0.018
66 93 14 16 0.018
938 214 12 14 0.018
490 176 10 14 0.018
573 97 13 16 0.018
105 0 9 8 0.017
431 150 12 15 0.017
706 217 15 17 0.017
342 142 12 15 0.017
318 61 12 108 0.017
601 169 12 14 0.017
918 70 12 15 0.017
239 155 12 15 0.017
864 -1 16 16 0.017
81 -18 7 108 0.016
110 98 12 13 0.016
793 160 12 15 0.016
44 25 29 40 0.016
574 114 11 17 0.016
957 -11 25 108 0.016
563 171 13 16 0.016
1014 76 11 18 0.016
-1 126 6 16 0.016
795 82 17 29 0.016
604 41 11 13 0.016
387 80 14 15 0.016
4 156 8 14 0.016
733 211 12 15 0.016
549 182 13 17 0.015
872 182 13 27 0.015
929 8 11 14 0.015
241 134 13 24 0.015
172 117 11 14 0.015
640 222 13 19 0.015
786 162 14 19 0.015
340 371 15 20 0.015
410 32 14 15 0.015
330 181 11 14 0.015
93 68 17 19 0.015
967 222 15 22 0.015
975 72 12 16 0.015
327 154 26 33 0.014
909 103 12 15 0.014
788 6 10 13 0.014
599 8 12 13 0.014
237 87 10 15 0.014
543 201 13 15 0.014
83 89 27 107 0.014
674 42 11 14 0.014
1018 71 6 19 0.014
80 69 11 13 0.014
913 88 12 17 0.014
397 0 14 13 0.013
1002 282 17 19 0.013
767 206 13 43 0.013
99 14 13 19 0.013
380 193 11 13 0.013
601 31 12 14 0.013
987 105 14 16 0.013
766 163 16 22 0.013
272 92 12 15 0.013
24 65 21 107 0.013
693 182 12 15 0.013
913 711 21 28 0.013
7 4 13 15 0.013
280 129 12 16 0.012
722 167 13 79 0.012
990 5 16 37 0.012
1011 99 11 22 0.012
523 44 11 14 0.012
876 181 13 21 0.012
388 178 13 25 0.012
719 42 11 14 0.012
756 72 14 20 0.012
619 104 12 16 0.012
967 43 12 15 0.012
624 264 22 19 0.012
591 46 12 15 0.011
816 -1 14 8 0.011
375 14 11 14 0.011
98 92 12 15 0.011
580 98 12 16 0.011
573 78 24 53 0.011
263 33 15 17 0.011
576 172 14 27 0.011
585 203 14 25 0.011
247 66 13 18 0.011
806 148 13 18 0.011
890 135 13 16 0.011
795 198 14 17 0.011
750 7 13 13 0.011
60 84 20 111 0.010
839 96 13 15 0.010
827 140 12 16 0.010
577 33 12 15 0.010
993 697 24 41 0.010
368 1 13 18 0.010
618 164 13 16 0.010
644 195 15 17 0.010
899 138 11 16 0.010
54 11 16 111 0.010
581 160 12 114 0.010
73 43 15 20 0.010
299 171 12 13 0.010
