35_Basketball_basketballgame_ball_35_389
280
505 229 36 56 0.839
623 589 17 23 0.795
152 625 11 12 0.706
85 620 10 13 0.696
221 612 10 14 0.687
17 614 9 13 0.684
256 627 10 13 0.665
321 614 12 16 0.648
27 597 8 11 0.624
566 620 12 16 0.569
157 591 8 10 0.569
62 582 8 11 0.563
313 596 8 11 0.506
135 589 9 11 0.465
684 622 11 14 0.455
502 585 9 12 0.423
545 630 9 11 0.414
349 606 9 11 0.382
184 596 8 11 0.370
112 573 8 10 0.364
548 613 8 12 0.335
302 558 8 10 0.327
904 434 10 12 0.288
344 563 7 9 0.271
286 607 9 11 0.266
263 602 8 12 0.259
138 569 8 10 0.259
413 614 9 12 0.252
312 573 8 10 0.246
469 584 8 12 0.241
403 515 7 10 0.233
90 584 9 12 0.230
758 621 10 14 0.227
679 598 9 12 0.223
1014 400 8 10 0.217
15 586 7 10 0.217
385 525 8 9 0.211
62 577 10 21 0.210
584 630 8 10 0.205
569 593 9 12 0.197
320 608 11 14 0.195
376 592 8 10 0.192
704 629 10 12 0.182
17 606 10 24 0.170
21 565 7 10 0.165
303 555 7 19 0.163
470 606 9 11 0.159
384 558 9 10 0.152
414 554 7 10 0.143
913 408 9 10 0.139
286 538 8 11 0.121
262 613 9 13 0.120
521 580 10 12 0.119
441 540 7 11 0.117
983 399 7 8 0.113
165 564 7 10 0.112
236 557 8 11 0.111
260 562 9 17 0.110
525 564 8 11 0.109
470 579 9 15 0.105
929 402 8 9 0.104
286 601 9 23 0.103
799 410 8 12 0.102
476 563 9 12 0.100
520 586 9 13 0.100
262 562 7 10 0.098
702 594 9 15 0.096
426 518 7 9 0.092
113 566 7 21 0.092
120 594 9 10 0.092
380 557 11 10 0.089
572 573 9 12 0.088
261 571 10 13 0.084
146 543 7 10 0.081
964 399 8 9 0.080
359 585 9 11 0.079
410 539 8 11 0.078
516 545 7 10 0.078
202 587 9 11 0.078
238 554 7 11 0.077
308 560 12 28 0.076
321 566 10 11 0.075
32 630 10 12 0.075
157 586 8 12 0.072
313 561 7 67 0.068
546 598 9 61 0.067
918 404 9 12 0.065
569 585 8 23 0.064
429 581 9 11 0.063
550 612 34 35 0.062
470 584 9 38 0.062
455 541 7 11 0.062
377 581 8 30 0.062
165 567 9 10 0.060
402 509 9 29 0.060
1009 400 9 10 0.059
96 568 9 12 0.057
632 564 8 11 0.057
289 571 9 20 0.056
699 597 14 13 0.055
29 594 9 12 0.054
20 577 9 74 0.054
358 578 9 18 0.054
873 442 10 12 0.054
239 544 6 8 0.053
287 541 8 10 0.053
488 571 10 14 0.052
50 568 8 11 0.052
757 603 11 17 0.052
510 630 9 11 0.052
0 609 8 14 0.052
572 569 8 12 0.050
773 405 12 11 0.050
200 569 9 10 0.050
1014 397 8 9 0.049
287 570 9 11 0.047
730 602 10 13 0.047
202 541 7 9 0.046
392 534 8 22 0.046
779 407 10 11 0.045
608 597 9 13 0.045
906 438 11 12 0.045
286 611 9 12 0.043
53 565 11 11 0.043
543 593 8 11 0.043
286 589 9 14 0.043
289 585 9 16 0.042
349 559 7 92 0.042
702 583 9 29 0.042
111 554 8 12 0.042
427 580 9 17 0.041
441 531 8 18 0.041
178 544 8 9 0.041
444 573 8 20 0.040
392 544 10 26 0.039
107 529 7 9 0.039
88 580 9 12 0.039
446 582 9 11 0.037
20 568 8 12 0.037
311 594 11 15 0.036
494 583 12 20 0.036
444 539 16 17 0.036
475 553 10 26 0.036
723 619 9 12 0.035
813 399 8 11 0.035
22 570 8 51 0.035
966 397 7 9 0.035
325 560 8 11 0.035
164 558 9 14 0.034
541 548 7 9 0.033
302 536 8 56 0.033
700 571 10 14 0.033
292 570 8 17 0.033
978 397 14 12 0.032
516 525 7 11 0.032
184 585 17 23 0.032
322 562 8 10 0.032
261 550 9 46 0.032
406 525 8 23 0.031
62 561 12 10 0.030
582 628 12 15 0.030
557 545 8 17 0.029
662 597 12 16 0.029
84 621 17 14 0.028
466 606 10 13 0.028
758 599 11 14 0.028
471 557 11 24 0.028
700 568 9 11 0.028
132 591 10 11 0.027
179 562 9 13 0.027
33 551 7 11 0.027
13 580 7 12 0.027
909 408 8 10 0.027
463 526 8 10 0.027
545 566 9 11 0.027
34 626 11 17 0.027
491 597 11 19 0.026
67 558 9 10 0.026
291 567 13 26 0.026
664 595 13 15 0.025
780 408 28 13 0.024
592 575 9 12 0.024
480 558 13 28 0.024
346 562 12 26 0.024
783 412 10 11 0.024
911 405 27 13 0.024
373 553 13 22 0.023
109 547 9 23 0.023
737 618 11 13 0.023
464 524 7 9 0.023
491 551 8 11 0.022
309 516 7 9 0.022
177 541 8 25 0.022
931 403 8 10 0.022
31 549 8 18 0.022
371 561 8 12 0.022
718 232 18 39 0.022
285 609 13 20 0.021
392 554 10 27 0.021
393 534 15 24 0.021
643 580 15 18 0.021
440 538 11 30 0.021
727 607 15 24 0.021
471 537 7 103 0.020
434 581 14 11 0.020
40 571 10 11 0.019
446 540 11 30 0.019
439 541 24 9 0.018
145 534 13 25 0.018
426 514 11 15 0.018
491 605 10 13 0.018
1004 401 7 9 0.018
465 564 21 11 0.018
356 584 10 22 0.018
384 517 27 18 0.018
961 401 8 9 0.018
407 612 11 16 0.018
19 560 14 20 0.018
203 536 8 17 0.018
1 554 9 14 0.017
161 531 7 11 0.017
409 533 8 15 0.017
107 532 8 24 0.017
201 569 11 29 0.016
775 407 20 12 0.016
909 590 11 14 0.016
14 583 8 9 0.016
201 514 7 9 0.016
978 395 8 10 0.016
356 518 9 9 0.015
874 438 11 14 0.015
338 568 11 12 0.015
236 525 9 74 0.015
208 528 8 11 0.015
36 631 8 11 0.015
32 546 9 12 0.015
743 619 14 14 0.015
418 622 9 12 0.014
102 580 13 20 0.014
284 622 11 12 0.014
487 545 9 26 0.014
964 386 9 36 0.014
517 593 10 12 0.014
220 595 10 13 0.014
109 530 8 48 0.014
594 571 10 13 0.013
308 520 8 99 0.013
367 557 12 25 0.013
134 585 11 18 0.013
394 566 10 23 0.013
395 586 12 19 0.013
121 614 9 12 0.013
104 555 16 29 0.013
486 524 8 20 0.013
747 574 10 13 0.013
779 605 10 13 0.013
927 397 8 9 0.012
191 608 9 13 0.012
631 583 19 24 0.012
110 616 12 13 0.012
412 567 11 26 0.012
915 453 10 12 0.012
441 553 9 34 0.012
428 573 26 22 0.012
484 532 10 26 0.012
417 581 12 25 0.012
369 554 9 13 0.011
285 544 28 22 0.011
109 552 9 42 0.011
59 560 9 12 0.011
116 617 9 11 0.011
78 602 18 53 0.011
149 620 10 13 0.011
300 627 13 13 0.011
980 400 8 9 0.011
199 562 9 36 0.011
138 591 9 11 0.010
700 612 15 38 0.010
221 559 10 22 0.010
263 536 8 106 0.010
