35_Basketball_basketballgame_ball_35_64
94
952 184 72 108 0.896
591 213 69 87 0.883
475 226 61 78 0.882
693 223 71 87 0.877
295 239 62 81 0.861
905 172 55 88 0.853
100 198 42 55 0.853
125 290 59 74 0.846
656 105 34 42 0.838
806 185 37 47 0.837
32 248 57 63 0.834
238 246 32 43 0.824
591 79 29 35 0.815
0 242 29 41 0.814
192 216 29 36 0.810
96 128 24 35 0.809
491 161 36 38 0.803
870 61 24 33 0.800
273 128 26 32 0.799
237 190 30 38 0.797
535 17 26 35 0.797
467 64 23 32 0.789
524 93 25 33 0.788
441 110 30 40 0.786
566 204 29 39 0.786
390 69 23 30 0.785
140 109 23 31 0.776
149 139 28 35 0.765
279 219 30 44 0.753
343 155 26 33 0.753
414 14 23 30 0.746
47 44 19 25 0.743
0 299 34 58 0.742
25 77 20 26 0.739
399 149 26 34 0.734
89 41 21 26 0.719
268 8 19 25 0.713
55 193 22 30 0.713
32 153 28 30 0.700
622 6 22 28 0.700
415 115 25 32 0.698
207 10 18 24 0.690
300 96 20 25 0.683
453 45 22 29 0.681
158 7 18 22 0.676
727 98 28 33 0.657
450 6 24 28 0.634
243 164 27 35 0.628
337 -1 20 21 0.606
216 109 25 26 0.606
293 0 19 21 0.598
74 211 29 39 0.597
65 -5 17 21 0.529
241 70 25 26 0.525
69 205 30 35 0.502
0 112 18 29 0.394
181 78 24 25 0.341
490 5 22 28 0.310
262 100 23 28 0.249
236 211 38 50 0.186
686 189 47 58 0.130
278 220 43 62 0.109
173 240 30 39 0.103
187 168 25 32 0.093
6 94 18 25 0.080
462 50 24 32 0.074
394 -4 25 19 0.065
188 193 29 42 0.062
908 188 68 94 0.061
686 67 22 27 0.050
0 119 14 32 0.043
4 220 23 30 0.037
377 171 19 24 0.037
207 107 22 26 0.035
2 225 25 48 0.033
201 49 20 26 0.032
287 2 19 24 0.030
5 111 22 29 0.026
60 214 43 52 0.021
54 140 19 23 0.020
155 4 17 21 0.018
121 174 41 56 0.016
209 57 21 23 0.015
150 153 24 27 0.014
353 210 25 37 0.014
2 208 18 36 0.014
486 12 21 26 0.014
191 76 21 25 0.012
202 110 21 25 0.012
32 149 40 47 0.012
374 1 21 18 0.012
765 76 29 38 0.011
218 92 22 27 0.010
449 59 19 29 0.010
