35_Basketball_basketballgame_ball_35_662
78
66 103 42 56 0.870
477 76 55 78 0.867
596 46 51 68 0.851
116 110 31 40 0.845
287 131 33 42 0.844
243 66 37 41 0.838
206 144 44 58 0.836
362 138 35 40 0.834
379 70 28 34 0.831
684 48 32 37 0.829
756 1 30 35 0.827
63 39 28 36 0.822
556 32 26 33 0.809
797 122 55 70 0.806
169 1 32 32 0.806
686 119 47 62 0.805
110 66 31 39 0.801
308 95 31 39 0.795
805 39 31 36 0.792
428 11 26 37 0.778
707 80 33 41 0.772
737 124 38 46 0.770
0 -4 16 29 0.727
660 2 33 37 0.721
523 60 30 41 0.719
37 114 28 33 0.715
275 0 35 32 0.692
226 122 35 42 0.673
0 171 25 39 0.627
409 143 34 41 0.605
493 -1 27 20 0.544
841 136 32 49 0.541
861 60 24 28 0.335
675 34 38 45 0.269
622 1 23 24 0.244
61 -2 27 27 0.237
199 91 28 35 0.224
393 188 30 39 0.185
344 104 26 34 0.111
328 141 24 32 0.097
879 156 25 37 0.092
654 57 20 26 0.083
647 53 26 38 0.067
205 117 36 43 0.047
76 47 39 47 0.040
276 8 29 34 0.040
335 95 29 39 0.037
340 0 29 31 0.037
331 42 19 28 0.035
633 -1 27 24 0.032
200 90 21 25 0.030
183 45 27 34 0.029
349 112 26 32 0.029
280 21 22 23 0.028
0 81 12 35 0.027
255 2 38 29 0.027
335 0 26 21 0.027
553 22 36 47 0.025
658 61 24 32 0.024
849 148 22 31 0.023
581 -3 24 19 0.021
265 13 27 29 0.020
643 -3 29 16 0.019
352 2 32 25 0.018
206 43 26 36 0.017
461 77 35 54 0.015
679 5 21 26 0.015
856 55 24 29 0.014
201 99 30 38 0.014
317 99 31 36 0.014
381 47 18 22 0.013
888 83 18 34 0.013
389 165 39 45 0.013
563 -4 38 18 0.013
283 112 20 25 0.012
527 3 31 25 0.012
314 141 29 36 0.011
522 -1 21 22 0.011
