35_Basketball_playingbasketball_35_405
25
826 299 15 22 0.539
349 319 13 21 0.399
584 315 12 18 0.378
1014 470 10 48 0.177
353 318 14 21 0.166
829 306 14 19 0.141
549 306 10 11 0.080
585 311 11 14 0.058
345 321 12 19 0.058
833 303 13 19 0.045
811 302 20 20 0.038
742 323 9 13 0.032
580 307 14 18 0.031
580 319 14 18 0.031
803 307 12 14 0.030
729 310 7 9 0.026
805 304 13 15 0.021
360 319 13 18 0.017
1015 475 8 28 0.015
485 167 14 15 0.013
750 310 11 13 0.013
823 306 15 19 0.012
1013 575 11 80 0.012
754 311 10 11 0.011
818 297 18 22 0.010
