35_Basketball_Basketball_35_457
255
607 144 40 44 0.814
938 319 14 16 0.761
246 391 7 9 0.656
158 372 7 7 0.563
51 381 8 10 0.563
1 332 7 10 0.530
141 336 7 8 0.528
11 357 8 10 0.488
81 311 7 7 0.475
154 351 7 9 0.455
193 370 7 9 0.436
169 388 8 10 0.418
281 375 7 9 0.403
214 360 5 8 0.382
85 357 7 10 0.374
408 335 9 12 0.368
304 365 7 8 0.343
268 363 7 8 0.304
42 350 8 10 0.297
291 331 5 7 0.295
208 387 9 9 0.289
119 352 7 9 0.270
136 383 7 10 0.264
82 346 7 10 0.263
127 369 8 10 0.259
114 335 7 7 0.251
602 405 6 8 0.213
151 298 7 9 0.204
86 351 6 20 0.204
127 305 6 8 0.188
215 319 5 8 0.186
426 348 7 9 0.180
35 302 6 9 0.178
185 355 6 8 0.166
40 330 7 9 0.166
376 327 10 14 0.166
234 350 6 7 0.161
206 340 6 8 0.158
213 384 8 10 0.157
178 298 5 7 0.157
94 378 8 9 0.153
51 374 8 26 0.152
65 307 6 8 0.151
950 310 13 16 0.146
43 399 9 10 0.143
206 389 7 10 0.142
951 301 11 14 0.138
377 348 9 12 0.132
73 383 9 10 0.131
268 359 7 17 0.128
21 249 6 7 0.115
117 352 7 10 0.112
177 339 6 12 0.107
538 403 8 9 0.107
260 379 6 9 0.104
628 378 7 7 0.101
358 318 11 14 0.100
671 462 26 28 0.097
77 388 9 10 0.095
645 384 6 7 0.095
86 357 8 23 0.090
134 373 8 26 0.087
214 313 8 19 0.087
178 340 6 6 0.080
642 382 8 9 0.079
40 358 9 11 0.078
20 244 7 15 0.078
119 340 7 26 0.076
70 273 6 8 0.075
256 328 6 15 0.073
104 307 6 9 0.072
193 318 6 8 0.069
305 360 7 14 0.068
88 287 7 9 0.066
43 329 7 10 0.066
191 314 7 12 0.061
451 355 6 11 0.059
173 404 8 11 0.059
156 371 7 8 0.056
378 327 13 12 0.056
1 282 7 12 0.054
871 445 8 10 0.054
256 332 6 8 0.053
225 366 7 11 0.052
248 342 8 16 0.050
215 405 9 11 0.046
375 333 12 29 0.045
426 375 7 9 0.045
170 401 11 16 0.044
602 396 8 21 0.044
160 338 6 9 0.044
450 347 8 26 0.043
96 288 7 12 0.043
251 344 6 10 0.042
375 305 11 79 0.042
0 417 7 11 0.042
38 352 10 12 0.041
1017 308 7 13 0.039
284 361 8 10 0.039
171 334 15 19 0.039
269 308 8 17 0.039
234 306 7 25 0.039
2 356 11 10 0.039
85 324 8 85 0.039
49 375 9 12 0.038
872 382 5 8 0.038
247 346 11 9 0.037
194 347 6 56 0.037
173 378 9 14 0.037
153 363 11 21 0.036
217 407 8 10 0.035
269 312 7 9 0.035
5 323 12 67 0.035
549 368 11 26 0.034
125 391 9 11 0.034
37 362 8 11 0.034
155 336 8 11 0.034
112 366 8 11 0.032
209 323 6 28 0.032
437 397 8 9 0.032
90 274 8 24 0.031
51 236 8 24 0.031
100 300 10 20 0.031
322 334 7 20 0.031
453 395 8 8 0.030
121 300 8 9 0.030
555 376 9 12 0.030
234 312 6 13 0.030
232 299 7 29 0.030
88 379 10 17 0.029
213 345 8 38 0.029
68 265 8 21 0.029
457 370 8 26 0.029
333 358 8 11 0.029
15 398 10 13 0.029
250 369 8 11 0.028
99 306 11 9 0.028
175 288 8 24 0.028
77 344 8 10 0.027
167 305 8 19 0.027
23 275 9 17 0.027
454 388 7 17 0.027
640 397 6 9 0.027
638 396 10 13 0.026
869 381 8 10 0.026
26 278 12 18 0.026
121 305 11 10 0.026
336 303 6 30 0.026
132 292 8 16 0.025
212 353 15 28 0.025
57 257 7 13 0.025
246 340 11 22 0.024
3 195 7 13 0.024
866 350 8 12 0.024
89 277 11 28 0.024
51 244 7 10 0.023
281 339 9 76 0.023
167 313 6 9 0.023
44 340 9 16 0.023
452 383 10 27 0.023
253 326 11 29 0.023
289 394 7 9 0.023
365 329 15 27 0.022
508 371 15 32 0.022
611 381 7 9 0.022
619 377 9 8 0.021
319 331 11 26 0.021
422 348 8 10 0.021
542 403 8 10 0.021
549 381 10 15 0.020
945 315 14 16 0.020
872 446 8 13 0.019
75 350 9 13 0.019
199 293 6 29 0.018
117 314 6 81 0.018
356 317 13 25 0.018
438 389 7 20 0.018
42 312 8 23 0.018
885 361 8 11 0.018
167 297 21 13 0.018
448 350 12 30 0.018
930 401 7 8 0.018
153 222 7 8 0.018
415 341 12 19 0.017
57 285 7 9 0.017
392 344 12 17 0.017
305 370 7 9 0.017
68 270 12 16 0.017
58 419 10 11 0.017
1010 392 8 9 0.016
291 373 9 10 0.016
473 379 10 30 0.016
1015 394 6 9 0.016
174 294 9 13 0.016
44 315 8 12 0.016
378 377 9 11 0.016
442 344 16 29 0.016
3 407 11 16 0.015
514 378 11 31 0.015
383 356 10 12 0.015
34 285 8 42 0.015
57 402 10 15 0.015
108 408 8 9 0.015
330 352 10 19 0.015
305 345 7 42 0.015
373 346 13 17 0.014
333 302 13 30 0.014
38 377 17 51 0.014
312 317 9 31 0.014
128 295 17 9 0.014
11 400 15 14 0.014
539 407 7 7 0.013
458 359 5 46 0.013
547 356 13 31 0.013
374 310 15 30 0.013
49 397 10 17 0.013
457 365 15 31 0.013
122 370 11 23 0.013
26 324 7 9 0.013
874 396 9 8 0.012
125 397 10 11 0.012
90 292 15 29 0.012
875 445 6 9 0.012
234 318 8 9 0.012
611 374 6 23 0.012
328 344 10 25 0.012
2 403 18 22 0.012
285 314 10 29 0.012
157 307 6 111 0.012
32 275 8 18 0.012
451 341 6 44 0.012
17 401 10 12 0.012
114 309 6 50 0.012
658 406 6 10 0.012
235 311 9 23 0.012
68 266 16 27 0.011
434 385 9 23 0.011
168 298 5 37 0.011
381 331 16 30 0.011
436 394 7 10 0.011
888 363 8 12 0.011
49 239 7 17 0.011
536 393 9 21 0.011
380 337 9 49 0.011
516 387 6 33 0.011
639 381 11 32 0.010
657 398 6 26 0.010
19 196 6 9 0.010
3 190 8 26 0.010
268 296 11 31 0.010
461 358 13 32 0.010
488 399 9 10 0.010
365 343 14 19 0.010
1011 387 11 19 0.010
881 470 10 13 0.010
