35_Basketball_basketballgame_ball_35_565
677
578 424 17 22 0.833
881 354 22 29 0.822
785 470 25 38 0.820
531 448 17 23 0.805
702 387 21 27 0.804
898 291 17 23 0.800
781 383 20 26 0.800
866 431 24 31 0.792
568 310 11 15 0.786
869 218 12 17 0.784
611 344 16 18 0.784
540 326 12 15 0.756
471 381 12 14 0.754
801 258 13 17 0.753
444 370 10 16 0.753
799 427 22 29 0.752
914 252 13 18 0.742
402 416 12 15 0.733
591 475 18 23 0.732
490 399 11 17 0.729
784 186 10 13 0.727
816 277 15 18 0.727
927 393 19 25 0.717
827 227 13 17 0.711
708 313 13 17 0.711
876 461 21 28 0.710
516 433 15 21 0.708
688 308 12 17 0.706
963 284 18 22 0.701
786 233 11 14 0.694
222 449 14 19 0.694
648 348 12 17 0.689
376 346 9 12 0.684
316 423 12 15 0.682
978 145 11 13 0.677
240 398 10 11 0.677
605 430 14 22 0.675
443 415 12 18 0.673
841 278 13 15 0.671
551 434 13 19 0.660
732 308 14 18 0.658
137 451 13 16 0.658
777 264 13 16 0.656
798 334 17 22 0.656
858 253 11 15 0.654
257 458 17 21 0.649
720 291 14 16 0.648
519 339 11 13 0.648
631 270 11 13 0.640
762 251 11 15 0.630
792 315 14 19 0.629
644 326 12 15 0.622
639 225 8 11 0.619
825 388 19 24 0.609
947 355 19 25 0.592
1007 194 12 17 0.586
848 179 9 12 0.582
115 425 9 10 0.580
938 234 15 18 0.573
13 390 8 10 0.571
615 299 12 14 0.569
279 459 15 21 0.567
706 249 11 13 0.556
659 307 13 16 0.556
890 251 11 14 0.552
976 196 13 16 0.550
700 347 16 20 0.546
617 228 8 11 0.545
452 392 11 13 0.545
193 430 11 13 0.545
660 291 12 16 0.541
910 234 11 14 0.532
434 304 8 9 0.524
955 246 14 18 0.513
672 263 11 15 0.510
448 322 8 10 0.508
499 367 12 18 0.508
713 249 12 15 0.499
578 244 9 11 0.493
159 392 8 10 0.493
660 257 10 13 0.484
452 290 7 9 0.484
230 377 6 9 0.484
332 376 9 12 0.484
100 447 13 16 0.473
383 409 11 16 0.473
878 173 9 11 0.471
0 419 9 11 0.462
73 402 11 14 0.462
203 414 10 12 0.460
514 358 11 15 0.455
914 163 11 13 0.444
418 339 9 13 0.444
406 386 11 14 0.444
194 457 12 15 0.433
337 360 10 12 0.427
702 213 8 10 0.423
547 281 10 13 0.423
190 413 10 11 0.423
493 260 8 10 0.416
506 286 9 11 0.416
552 241 7 10 0.410
386 392 11 14 0.403
128 430 11 12 0.403
976 265 15 18 0.395
1005 143 12 15 0.394
526 292 9 10 0.382
423 454 12 14 0.380
49 404 9 11 0.361
856 271 11 16 0.357
664 220 8 10 0.355
355 409 10 14 0.355
316 366 10 11 0.351
286 342 8 10 0.347
254 369 8 11 0.347
493 355 10 14 0.339
530 250 9 11 0.337
400 340 9 12 0.337
749 188 9 12 0.335
140 475 13 18 0.333
14 419 8 10 0.329
99 451 12 15 0.329
615 282 10 12 0.322
312 351 8 10 0.319
411 274 5 7 0.310
172 459 13 14 0.304
578 266 10 12 0.302
695 482 19 25 0.297
448 379 11 20 0.297
362 330 9 12 0.295
857 264 13 20 0.284
346 331 8 10 0.282
390 280 7 7 0.279
670 328 10 14 0.279
348 349 10 12 0.271
464 345 9 13 0.271
886 245 12 20 0.264
568 334 12 16 0.264
411 315 9 11 0.261
243 382 9 13 0.259
665 223 10 11 0.258
573 330 13 16 0.258
467 353 10 13 0.254
199 386 8 10 0.246
387 304 8 10 0.244
616 290 12 16 0.240
947 157 10 13 0.239
514 255 8 9 0.239
567 338 10 14 0.236
274 369 8 13 0.231
105 445 12 14 0.230
484 296 9 10 0.228
114 395 9 11 0.228
435 342 9 12 0.227
726 227 9 12 0.225
467 318 9 12 0.225
323 332 8 11 0.225
687 233 10 11 0.220
458 308 8 12 0.220
503 365 12 18 0.216
955 355 19 25 0.214
632 302 12 14 0.210
293 366 9 12 0.208
485 227 7 9 0.207
548 370 11 13 0.203
694 346 16 21 0.202
296 368 16 12 0.202
181 388 9 12 0.201
665 313 11 25 0.195
913 233 12 45 0.193
452 284 7 19 0.192
291 399 10 14 0.192
921 288 16 21 0.191
678 252 12 19 0.191
500 309 9 12 0.190
362 369 10 14 0.188
569 313 12 17 0.182
358 377 11 14 0.182
1016 342 9 20 0.180
1 419 18 10 0.180
469 359 10 13 0.176
192 414 11 15 0.176
508 309 10 12 0.174
350 345 10 14 0.172
473 250 7 11 0.171
354 378 11 12 0.169
691 233 9 11 0.164
854 197 12 14 0.155
679 248 10 14 0.155
464 315 10 16 0.153
458 305 10 21 0.152
662 275 12 26 0.150
246 413 11 14 0.150
818 212 11 14 0.145
600 239 9 11 0.143
123 413 10 41 0.143
540 312 11 35 0.142
728 310 17 25 0.142
248 411 10 12 0.141
493 299 10 13 0.139
312 376 10 13 0.136
390 273 9 21 0.134
1013 283 11 20 0.134
689 250 13 14 0.132
773 438 18 22 0.132
94 397 8 12 0.131
126 388 11 9 0.126
390 302 8 19 0.124
498 235 8 10 0.123
650 325 14 50 0.122
303 370 17 12 0.120
378 315 8 23 0.119
279 455 13 18 0.119
750 182 9 29 0.118
686 347 13 18 0.118
168 456 13 15 0.117
568 319 13 36 0.116
686 309 29 17 0.112
317 378 11 14 0.111
621 299 15 15 0.110
246 331 7 8 0.110
69 433 10 13 0.110
358 320 10 26 0.108
710 345 14 18 0.106
165 369 7 8 0.106
572 219 8 11 0.105
752 220 10 15 0.105
254 372 12 12 0.104
493 328 10 14 0.104
922 243 14 18 0.100
594 388 15 20 0.099
698 209 12 23 0.099
680 229 16 16 0.098
106 388 9 11 0.094
273 369 16 13 0.092
530 289 13 15 0.091
482 206 7 10 0.090
941 111 8 11 0.090
453 285 11 24 0.089
182 379 9 24 0.089
547 263 9 49 0.089
659 239 10 16 0.087
906 216 10 12 0.087
273 397 12 15 0.086
449 388 11 18 0.085
115 400 9 54 0.084
845 315 14 18 0.083
514 258 7 10 0.083
154 367 7 8 0.083
129 384 10 18 0.082
984 223 15 15 0.082
881 239 10 14 0.082
282 401 15 14 0.082
501 425 13 16 0.082
513 310 11 15 0.081
573 267 11 13 0.080
947 332 16 22 0.080
335 356 10 30 0.080
705 290 11 13 0.079
719 250 11 14 0.078
196 355 7 9 0.078
38 437 9 10 0.078
707 212 9 77 0.076
241 370 8 62 0.076
361 368 10 22 0.076
788 217 10 14 0.076
497 342 12 57 0.076
403 220 7 9 0.075
477 288 15 23 0.075
102 418 11 62 0.074
816 214 16 17 0.073
1017 219 7 19 0.073
598 264 10 12 0.072
357 364 12 15 0.072
693 489 22 31 0.072
447 427 14 18 0.071
194 402 10 81 0.071
498 232 9 18 0.070
241 334 7 9 0.070
201 388 9 11 0.070
132 446 33 37 0.070
386 365 10 76 0.070
380 329 13 14 0.069
285 335 14 26 0.069
701 324 15 53 0.069
346 374 12 15 0.068
481 204 8 21 0.068
1012 279 11 40 0.067
698 210 10 11 0.066
385 297 11 28 0.066
421 312 12 25 0.066
325 455 17 21 0.065
523 317 11 13 0.064
16 419 10 11 0.064
660 232 11 14 0.064
468 253 9 16 0.063
638 222 9 11 0.063
606 231 12 14 0.063
557 354 14 19 0.063
338 344 10 21 0.062
254 356 10 30 0.062
592 220 10 12 0.061
987 218 15 18 0.061
334 302 6 17 0.061
919 115 8 10 0.060
492 325 10 12 0.060
697 328 12 17 0.060
275 372 11 23 0.060
497 261 11 11 0.059
452 430 11 17 0.059
684 453 19 24 0.059
592 345 13 18 0.058
13 425 9 10 0.058
977 324 19 20 0.057
515 428 14 18 0.057
712 305 40 25 0.057
115 378 8 8 0.056
166 363 9 24 0.056
272 354 9 28 0.056
364 331 22 11 0.055
972 323 17 21 0.055
379 311 11 28 0.055
150 366 7 15 0.055
49 437 10 12 0.055
326 452 26 22 0.054
892 245 14 17 0.054
363 288 7 26 0.054
244 457 16 20 0.053
37 436 15 13 0.053
661 273 12 52 0.053
465 320 11 25 0.052
1015 310 10 20 0.052
348 446 13 17 0.051
377 299 9 99 0.051
701 292 11 16 0.051
348 314 9 31 0.051
368 326 12 23 0.051
266 326 12 29 0.051
869 482 18 26 0.050
464 321 10 13 0.050
333 298 8 27 0.050
579 330 15 16 0.050
315 336 13 29 0.050
491 360 12 74 0.050
160 352 7 87 0.049
351 373 11 15 0.049
789 152 7 112 0.049
590 225 10 25 0.049
600 263 12 13 0.048
474 274 10 26 0.047
294 299 9 12 0.047
403 285 9 24 0.047
773 444 22 34 0.047
560 354 15 16 0.047
246 425 11 15 0.047
163 369 14 10 0.046
860 268 12 17 0.046
173 420 9 12 0.046
282 464 15 20 0.046
405 290 8 14 0.045
122 428 15 14 0.045
388 375 9 13 0.045
145 393 11 11 0.045
660 445 15 20 0.045
818 207 10 13 0.044
830 260 12 14 0.044
555 343 14 17 0.044
400 347 9 12 0.044
469 304 10 24 0.043
313 385 9 12 0.043
567 297 9 13 0.043
144 389 11 19 0.043
475 334 12 16 0.043
182 361 7 30 0.043
982 225 13 16 0.042
615 231 10 12 0.042
494 221 8 84 0.041
611 321 12 17 0.041
577 248 21 45 0.040
351 411 10 13 0.040
925 387 15 23 0.040
660 289 18 54 0.040
333 314 11 31 0.040
368 280 9 19 0.039
247 361 16 29 0.039
829 378 17 23 0.038
496 337 29 67 0.038
606 330 13 17 0.038
993 222 13 14 0.037
799 289 14 17 0.037
705 285 12 105 0.036
571 221 10 23 0.036
410 265 8 32 0.035
138 384 10 21 0.034
753 225 10 15 0.034
105 387 17 27 0.034
369 284 7 9 0.034
201 440 12 16 0.034
825 229 11 16 0.033
443 243 9 17 0.033
695 387 21 26 0.033
215 341 7 8 0.033
948 186 12 14 0.032
677 219 13 20 0.032
688 471 18 26 0.032
424 403 10 13 0.032
592 396 14 18 0.032
458 262 13 29 0.032
617 269 13 22 0.031
450 433 15 19 0.031
156 341 9 110 0.031
749 290 13 16 0.031
547 244 9 18 0.031
552 333 15 66 0.031
169 415 10 14 0.030
424 407 10 14 0.030
598 390 15 20 0.030
473 248 8 10 0.030
906 429 18 22 0.030
606 227 22 14 0.030
526 290 24 13 0.030
183 354 8 28 0.030
649 347 47 20 0.030
661 241 12 102 0.030
274 311 9 19 0.029
151 368 7 9 0.029
670 295 12 15 0.029
832 374 15 18 0.028
91 389 11 16 0.028
177 414 13 18 0.028
237 413 9 14 0.028
685 250 25 16 0.028
351 258 6 9 0.028
289 300 10 10 0.028
83 387 9 12 0.028
115 379 15 28 0.028
579 204 8 105 0.028
594 264 10 12 0.028
108 386 15 11 0.027
450 339 17 20 0.027
688 270 25 82 0.027
455 408 13 16 0.027
608 333 16 24 0.027
887 254 12 23 0.027
987 326 15 19 0.027
842 224 27 99 0.026
1003 284 17 23 0.026
324 315 11 31 0.026
447 255 8 28 0.026
968 317 17 20 0.026
128 405 10 12 0.026
272 318 9 8 0.026
924 112 27 13 0.026
296 325 13 30 0.025
216 347 13 28 0.025
443 246 7 10 0.025
268 396 11 13 0.025
215 333 8 22 0.025
376 328 22 18 0.025
957 202 16 15 0.025
326 290 9 10 0.025
407 283 15 29 0.025
278 377 14 19 0.025
470 335 11 89 0.025
522 359 11 15 0.025
632 221 17 106 0.024
271 310 10 29 0.024
243 324 13 29 0.024
375 379 15 19 0.024
577 269 13 14 0.024
596 219 15 15 0.024
445 260 16 29 0.024
563 272 12 12 0.024
203 363 13 28 0.024
942 360 17 21 0.024
46 400 14 17 0.024
1017 236 8 24 0.023
293 310 11 31 0.023
335 320 19 31 0.023
241 349 13 30 0.023
171 428 11 14 0.023
698 191 27 60 0.023
435 346 10 13 0.023
660 235 14 24 0.023
659 231 9 20 0.023
832 388 16 23 0.023
234 406 11 23 0.023
938 195 14 17 0.023
439 259 14 30 0.023
719 343 13 17 0.023
157 360 12 27 0.023
211 410 14 16 0.023
956 344 18 25 0.023
174 452 14 22 0.023
525 301 12 25 0.022
251 412 13 13 0.022
932 243 16 17 0.022
68 416 10 28 0.022
286 387 15 32 0.022
746 286 13 15 0.022
231 459 15 18 0.022
495 349 12 16 0.022
713 487 22 24 0.022
428 263 7 26 0.022
356 270 9 21 0.021
944 109 9 12 0.021
246 392 31 44 0.021
43 388 49 41 0.021
587 261 12 14 0.021
103 402 12 11 0.021
548 359 17 30 0.021
578 226 13 29 0.021
269 320 7 41 0.021
631 264 12 15 0.021
534 303 11 20 0.021
337 313 10 108 0.021
648 275 22 85 0.021
27 397 9 13 0.021
245 333 8 11 0.020
303 326 20 29 0.020
624 191 29 79 0.020
90 394 16 10 0.020
569 216 8 15 0.020
353 400 10 18 0.020
389 455 10 14 0.019
573 201 9 51 0.019
570 211 8 16 0.019
147 401 9 20 0.019
880 395 16 19 0.019
25 400 11 20 0.019
594 210 8 10 0.019
688 500 22 26 0.019
722 225 10 12 0.019
494 293 9 111 0.019
763 455 21 27 0.019
268 332 12 32 0.019
201 326 7 7 0.019
1015 245 11 19 0.018
51 413 11 12 0.018
610 259 10 14 0.018
426 234 9 14 0.018
128 378 15 25 0.018
614 276 13 16 0.018
498 200 10 10 0.018
1008 245 18 80 0.018
999 262 14 18 0.018
346 296 12 31 0.017
418 288 10 108 0.017
539 268 12 22 0.017
785 183 9 12 0.017
961 242 15 19 0.017
345 275 10 31 0.017
540 349 14 17 0.017
464 338 12 30 0.017
760 256 11 14 0.017
357 277 8 10 0.017
96 384 27 35 0.017
918 221 12 19 0.017
520 288 17 103 0.016
833 197 14 13 0.016
963 375 17 23 0.016
71 440 10 12 0.016
292 301 9 7 0.016
975 211 17 21 0.016
243 334 16 32 0.016
391 372 15 15 0.016
254 325 19 31 0.016
323 277 8 108 0.016
53 411 29 60 0.016
465 366 13 23 0.016
936 199 14 16 0.016
954 194 16 16 0.016
148 409 11 12 0.016
374 286 9 116 0.016
949 202 17 16 0.016
779 348 14 18 0.016
166 376 17 30 0.016
907 418 17 26 0.016
334 303 8 49 0.016
477 475 13 16 0.015
690 273 11 14 0.015
454 412 14 22 0.015
422 239 9 17 0.015
440 239 10 25 0.015
567 351 14 17 0.015
998 258 12 18 0.015
795 288 13 16 0.015
217 412 15 19 0.015
616 239 17 107 0.015
557 180 7 9 0.015
555 182 9 10 0.015
413 382 12 15 0.015
62 434 19 18 0.015
213 333 7 21 0.015
40 375 8 10 0.015
978 332 17 20 0.014
190 367 14 110 0.014
917 159 10 17 0.014
149 367 9 7 0.014
201 460 12 15 0.014
149 365 24 17 0.014
751 285 11 15 0.014
405 372 12 16 0.014
491 237 11 24 0.014
461 270 15 30 0.014
400 475 14 18 0.014
786 214 10 12 0.013
597 397 18 19 0.013
363 286 15 32 0.013
352 262 7 27 0.013
609 328 14 21 0.013
1010 269 14 18 0.013
350 288 6 48 0.013
424 233 10 24 0.013
484 402 12 17 0.013
486 423 14 16 0.013
664 216 10 10 0.013
950 207 13 15 0.013
761 463 20 24 0.013
681 577 19 31 0.013
247 457 24 20 0.013
251 334 17 31 0.013
972 332 18 25 0.012
-3 383 28 80 0.012
967 260 16 20 0.012
488 276 16 26 0.012
933 400 20 25 0.012
923 281 18 23 0.012
661 263 25 108 0.012
744 199 11 25 0.012
492 416 14 20 0.012
1018 93 6 13 0.012
370 297 18 31 0.012
471 261 13 30 0.012
440 217 8 9 0.012
208 336 13 31 0.012
633 308 11 15 0.012
58 357 29 106 0.011
296 371 14 28 0.011
679 212 11 12 0.011
435 268 16 32 0.011
873 451 21 31 0.011
962 154 13 15 0.011
940 339 17 22 0.011
567 247 11 118 0.011
578 246 10 47 0.011
190 348 16 31 0.011
574 219 21 39 0.011
520 425 15 18 0.011
722 489 16 21 0.011
547 212 9 117 0.011
896 284 17 22 0.011
206 412 15 13 0.011
231 338 14 31 0.011
705 268 47 96 0.011
977 154 11 14 0.011
696 225 13 21 0.011
564 244 12 26 0.011
927 293 18 19 0.011
1007 340 15 21 0.011
161 455 13 17 0.011
483 289 22 33 0.011
567 477 14 18 0.011
326 337 25 61 0.011
695 231 9 13 0.010
646 510 18 22 0.010
345 283 12 32 0.010
343 273 12 112 0.010
490 378 13 18 0.010
417 284 15 31 0.010
748 183 12 11 0.010
295 300 7 50 0.010
669 331 13 17 0.010
29 437 9 11 0.010
444 360 13 24 0.010
658 233 25 26 0.010
923 334 15 20 0.010
