35_Basketball_basketballgame_ball_35_479
521
539 351 5 6 0.594
135 438 8 11 0.479
159 447 8 9 0.444
951 645 12 16 0.427
461 488 8 9 0.414
774 656 11 14 0.410
7 331 8 9 0.388
871 644 12 18 0.378
923 287 5 7 0.343
216 506 9 12 0.310
766 360 6 7 0.308
816 665 12 19 0.304
277 485 8 10 0.304
908 380 7 8 0.302
809 371 5 6 0.293
218 485 8 10 0.280
731 403 7 8 0.277
980 637 12 15 0.271
815 648 10 17 0.268
125 425 8 9 0.252
420 366 5 6 0.249
786 365 5 7 0.239
893 352 5 7 0.239
724 346 6 7 0.238
565 429 7 8 0.227
364 501 7 10 0.223
920 353 6 8 0.223
191 503 7 10 0.213
568 370 6 7 0.208
1008 335 7 8 0.205
939 291 6 8 0.199
14 472 9 15 0.198
271 575 10 15 0.190
22 371 7 8 0.183
20 372 7 8 0.183
957 347 7 9 0.183
627 340 6 8 0.182
809 366 6 14 0.180
831 365 7 9 0.179
102 282 6 7 0.171
559 349 6 8 0.169
90 478 9 12 0.169
989 338 6 9 0.164
140 528 10 19 0.163
921 279 7 22 0.161
429 474 7 10 0.157
558 351 5 8 0.154
27 366 7 9 0.153
872 648 12 21 0.150
306 510 8 10 0.147
101 424 7 9 0.143
349 495 7 10 0.139
253 511 8 10 0.138
361 526 8 12 0.135
587 518 8 14 0.134
63 392 7 8 0.134
1010 300 8 10 0.134
50 482 9 12 0.130
273 483 8 11 0.129
140 480 7 10 0.126
99 451 8 10 0.125
862 369 6 15 0.122
855 352 8 25 0.118
88 519 10 14 0.114
821 583 10 13 0.114
856 361 6 8 0.114
982 691 21 28 0.113
247 470 7 9 0.113
898 379 10 8 0.110
415 473 7 9 0.110
204 475 9 11 0.109
7 396 7 9 0.108
939 282 7 22 0.107
18 338 7 8 0.105
407 386 9 9 0.104
869 642 10 16 0.103
405 387 8 10 0.102
194 477 7 10 0.101
392 434 6 8 0.100
808 361 6 24 0.100
734 401 7 9 0.099
643 339 6 8 0.099
287 504 7 10 0.097
863 375 5 8 0.094
440 518 9 12 0.093
869 659 12 18 0.092
173 493 9 12 0.090
742 369 6 7 0.089
130 282 7 8 0.089
18 467 9 16 0.089
482 585 9 13 0.087
918 346 8 23 0.085
679 683 11 17 0.084
163 325 6 8 0.084
60 434 8 9 0.082
60 335 6 10 0.080
993 203 6 10 0.079
623 597 10 13 0.076
282 535 8 11 0.075
938 399 6 8 0.074
218 471 7 40 0.074
1 421 7 10 0.073
784 709 11 15 0.073
17 467 8 23 0.073
63 435 7 8 0.072
22 461 9 14 0.072
831 355 7 26 0.072
793 355 11 23 0.072
668 538 9 12 0.071
939 402 6 7 0.070
19 471 9 20 0.070
174 452 8 10 0.070
558 319 7 24 0.069
724 334 5 28 0.069
37 400 7 9 0.069
993 193 9 28 0.069
417 474 13 10 0.066
463 492 9 12 0.065
1013 212 7 20 0.065
969 334 12 18 0.064
402 390 7 9 0.064
995 356 11 12 0.063
724 341 6 15 0.062
517 416 7 8 0.061
875 312 7 29 0.060
626 597 11 14 0.060
197 279 5 7 0.059
77 441 8 10 0.059
391 506 8 11 0.057
442 522 8 12 0.057
591 329 6 13 0.056
41 382 7 9 0.056
7 399 13 10 0.055
103 622 14 24 0.055
393 434 8 9 0.055
201 534 8 14 0.054
476 351 7 8 0.054
42 383 8 11 0.053
1015 237 6 9 0.053
898 712 14 19 0.053
970 338 9 9 0.052
893 378 13 8 0.052
963 339 11 11 0.052
114 428 9 11 0.051
53 431 9 10 0.051
233 464 10 9 0.051
618 596 11 14 0.051
875 319 6 15 0.050
767 362 6 7 0.049
139 474 8 20 0.048
625 329 10 28 0.048
796 352 6 28 0.048
627 375 6 8 0.047
570 430 10 8 0.047
210 325 5 7 0.047
51 472 8 28 0.046
996 410 7 9 0.046
621 518 8 14 0.046
771 659 12 16 0.046
23 420 9 11 0.046
695 301 10 30 0.046
206 466 9 18 0.046
63 386 8 24 0.045
224 541 9 14 0.045
211 321 5 12 0.045
417 386 5 8 0.045
767 345 6 29 0.045
999 406 7 16 0.044
675 296 8 30 0.044
590 324 8 24 0.043
472 505 9 10 0.043
369 340 5 6 0.043
471 368 6 8 0.043
172 490 8 25 0.042
390 509 9 13 0.042
57 391 14 10 0.041
345 494 8 10 0.041
869 650 11 17 0.041
787 354 9 26 0.041
92 453 8 50 0.040
989 351 11 23 0.040
269 510 7 9 0.040
891 190 6 8 0.040
139 440 9 10 0.039
1012 229 8 21 0.039
105 422 7 22 0.039
1008 290 9 26 0.038
2 406 7 27 0.038
722 370 7 9 0.037
468 529 8 10 0.037
336 277 5 9 0.037
988 331 10 30 0.037
335 269 8 26 0.037
311 519 8 11 0.036
88 470 11 25 0.035
627 330 5 25 0.035
486 519 8 10 0.034
102 275 7 23 0.034
1018 364 5 18 0.034
891 183 8 20 0.034
1001 327 16 27 0.034
972 336 6 18 0.034
935 365 6 24 0.034
108 469 13 19 0.034
114 473 9 11 0.034
123 422 8 10 0.034
539 339 6 32 0.033
186 255 5 8 0.033
28 508 10 14 0.033
578 429 8 8 0.033
58 328 8 25 0.032
1008 323 7 30 0.032
459 405 7 8 0.032
559 339 9 24 0.032
83 416 7 8 0.032
853 241 4 39 0.031
508 513 8 10 0.031
70 405 7 10 0.031
574 356 10 12 0.031
23 404 9 25 0.031
1009 296 7 13 0.031
397 542 10 13 0.030
349 492 8 17 0.030
243 573 11 15 0.030
256 469 15 17 0.030
164 327 8 8 0.030
300 313 6 7 0.029
982 277 9 19 0.029
418 367 6 23 0.029
821 665 13 18 0.029
337 490 9 11 0.029
887 376 8 14 0.029
256 259 6 15 0.029
830 347 6 42 0.029
201 528 10 24 0.029
526 364 6 9 0.029
313 524 7 10 0.029
932 264 10 29 0.028
910 348 13 27 0.028
339 665 10 15 0.028
276 458 9 67 0.028
25 401 14 13 0.028
276 532 14 17 0.028
1015 338 8 29 0.027
750 320 5 34 0.027
667 611 10 12 0.027
849 245 10 31 0.027
194 467 9 17 0.027
626 378 7 12 0.027
419 362 6 17 0.026
412 473 23 12 0.026
135 407 8 71 0.026
79 414 11 9 0.026
84 514 11 16 0.026
701 334 12 24 0.026
169 452 9 10 0.026
149 507 9 18 0.026
512 509 8 11 0.026
961 338 19 10 0.026
91 280 7 9 0.025
895 367 15 28 0.025
20 551 9 14 0.025
493 361 9 9 0.025
113 522 9 14 0.025
544 503 8 13 0.025
426 477 8 10 0.024
419 365 7 11 0.024
498 360 7 8 0.024
564 367 7 13 0.024
470 364 7 10 0.024
44 476 17 31 0.024
905 288 14 30 0.024
994 380 9 18 0.024
179 454 10 10 0.024
681 680 11 16 0.024
237 288 6 15 0.023
987 172 14 31 0.023
999 340 9 30 0.023
26 480 8 14 0.023
649 585 9 12 0.023
816 641 11 17 0.023
369 341 7 8 0.023
287 536 8 11 0.023
601 339 9 17 0.023
818 671 11 18 0.023
876 680 14 20 0.023
845 335 13 32 0.023
1011 197 10 31 0.023
691 364 8 8 0.023
931 660 10 12 0.022
1013 233 8 12 0.022
472 351 10 21 0.022
215 491 18 47 0.022
677 290 4 44 0.022
60 389 9 22 0.022
891 372 24 18 0.022
28 338 9 17 0.022
380 578 10 13 0.022
704 333 5 25 0.022
47 479 9 15 0.021
633 599 12 15 0.021
233 462 7 8 0.021
268 474 6 8 0.021
398 429 9 13 0.021
1017 415 7 9 0.021
997 370 8 25 0.021
351 526 10 13 0.021
434 515 10 14 0.021
902 398 8 9 0.021
953 368 7 20 0.021
252 470 9 10 0.021
325 553 8 11 0.021
643 324 8 31 0.020
559 304 5 46 0.020
32 423 10 14 0.020
987 620 12 17 0.020
621 359 6 13 0.020
582 612 12 16 0.020
134 288 6 14 0.020
575 386 7 8 0.020
820 737 12 17 0.020
22 396 7 34 0.019
338 526 8 11 0.019
992 166 6 44 0.019
829 276 12 32 0.019
585 610 12 16 0.019
363 493 6 65 0.019
996 377 9 25 0.019
992 354 22 15 0.019
721 558 9 12 0.019
130 276 9 24 0.019
723 361 7 22 0.019
981 691 15 21 0.019
606 595 10 14 0.018
990 618 11 14 0.018
816 263 13 31 0.018
281 525 9 32 0.018
611 591 17 26 0.018
72 499 9 14 0.018
238 293 5 7 0.018
89 457 10 25 0.018
934 655 12 14 0.018
875 673 13 20 0.018
763 362 6 7 0.018
768 656 10 14 0.018
779 704 11 15 0.018
627 387 6 9 0.018
689 688 16 16 0.018
1006 276 10 27 0.017
759 362 9 10 0.017
957 322 7 55 0.017
252 495 13 41 0.017
403 426 8 10 0.017
166 504 10 14 0.017
911 667 12 16 0.017
746 323 11 31 0.017
741 354 8 28 0.017
26 413 12 26 0.017
884 351 12 31 0.017
953 334 9 26 0.017
140 312 6 13 0.017
26 443 9 20 0.017
176 524 9 23 0.017
365 576 9 13 0.016
337 259 4 40 0.016
862 363 17 29 0.016
420 576 8 11 0.016
431 590 9 13 0.016
5 450 8 12 0.016
391 498 9 29 0.016
258 543 8 12 0.016
559 330 7 44 0.016
566 370 6 7 0.016
582 321 15 30 0.016
123 334 6 8 0.016
246 326 5 7 0.016
22 359 14 30 0.016
480 346 7 17 0.016
783 345 13 42 0.015
121 330 7 15 0.015
936 358 5 38 0.015
776 386 6 9 0.015
656 355 8 20 0.015
877 686 12 19 0.015
897 246 10 32 0.015
788 708 13 16 0.015
184 246 8 23 0.015
489 362 8 9 0.015
1013 188 6 46 0.015
31 428 9 26 0.015
273 532 10 13 0.015
914 149 9 24 0.015
916 153 6 15 0.015
83 338 8 12 0.015
180 529 9 24 0.015
588 608 12 16 0.015
921 259 7 57 0.015
20 556 8 14 0.015
958 342 9 27 0.015
260 537 10 17 0.015
405 384 6 9 0.014
504 541 8 12 0.014
989 186 11 32 0.014
879 244 14 32 0.014
925 661 15 15 0.014
767 324 12 31 0.014
136 292 7 8 0.014
964 262 8 28 0.014
885 372 12 26 0.014
227 544 11 18 0.014
206 459 8 10 0.014
229 481 11 17 0.014
895 285 16 31 0.014
670 296 12 30 0.014
1012 348 12 30 0.014
314 561 10 12 0.014
848 328 6 46 0.014
990 121 9 30 0.014
225 535 9 26 0.014
60 472 9 16 0.014
576 65 15 19 0.014
934 355 10 29 0.013
877 312 17 31 0.013
455 404 10 9 0.013
114 478 8 12 0.013
525 358 9 18 0.013
61 337 10 13 0.013
249 468 8 9 0.013
823 377 7 23 0.013
369 305 6 12 0.013
104 517 12 21 0.013
564 429 21 7 0.013
650 526 8 11 0.013
1017 267 7 10 0.013
717 277 11 31 0.013
818 582 10 12 0.013
37 396 10 21 0.013
883 295 14 32 0.013
622 522 9 13 0.013
883 666 15 19 0.013
528 552 9 14 0.013
664 533 11 20 0.013
110 414 26 32 0.012
993 251 11 29 0.012
940 283 14 28 0.012
135 288 8 16 0.012
333 488 7 10 0.012
730 361 16 23 0.012
842 297 13 31 0.012
699 693 13 15 0.012
900 239 5 47 0.012
105 491 9 11 0.012
256 262 6 8 0.012
24 502 10 22 0.012
100 284 9 30 0.012
978 640 12 15 0.012
986 614 14 17 0.012
768 334 3 50 0.012
963 753 29 15 0.012
671 613 8 12 0.012
517 511 8 12 0.012
237 467 15 9 0.012
89 315 9 25 0.012
1009 122 13 29 0.012
252 254 11 24 0.012
368 340 6 19 0.012
691 356 9 20 0.012
952 377 7 8 0.012
574 342 10 28 0.012
956 310 9 27 0.012
218 443 7 110 0.011
819 254 6 48 0.011
356 597 8 14 0.011
402 539 9 13 0.011
145 530 11 18 0.011
441 511 12 22 0.011
249 472 27 11 0.011
20 328 15 29 0.011
368 553 8 12 0.011
624 318 7 48 0.011
832 267 4 50 0.011
148 488 8 12 0.011
312 513 8 12 0.011
823 393 6 8 0.011
402 459 8 15 0.011
226 546 9 12 0.011
882 285 16 32 0.011
174 462 10 76 0.011
856 296 15 32 0.011
182 502 11 13 0.011
351 483 20 41 0.011
875 352 14 32 0.011
451 571 8 11 0.011
716 285 14 32 0.011
575 384 8 15 0.011
720 277 4 49 0.011
856 311 13 32 0.011
13 495 10 22 0.011
221 458 16 22 0.011
221 484 9 11 0.011
313 558 15 17 0.010
1013 405 11 24 0.010
893 664 14 18 0.010
335 529 10 11 0.010
882 236 6 49 0.010
85 340 5 8 0.010
85 327 7 26 0.010
822 359 15 29 0.010
657 363 6 8 0.010
724 404 9 9 0.010
504 516 8 11 0.010
936 380 8 30 0.010
698 300 21 31 0.010
1015 261 9 27 0.010
887 690 14 18 0.010
991 172 19 32 0.010
449 570 9 12 0.010
588 298 17 31 0.010
724 559 10 12 0.010
998 221 14 29 0.010
901 392 8 24 0.010
