35_Basketball_basketballgame_ball_35_858
51
570 227 67 94 0.829
778 502 79 65 0.814
121 633 16 20 0.372
40 599 15 18 0.244
60 656 15 19 0.240
179 634 17 21 0.239
8 645 17 20 0.201
113 556 12 15 0.118
40 634 18 19 0.104
163 447 13 15 0.077
258 447 12 15 0.077
69 565 17 19 0.068
163 658 16 18 0.060
76 594 12 16 0.058
245 658 13 16 0.054
63 564 17 20 0.053
178 513 14 17 0.052
137 597 15 19 0.051
169 558 17 18 0.049
143 594 19 20 0.044
255 423 11 14 0.037
487 640 14 18 0.029
19 466 13 16 0.028
129 661 19 22 0.026
321 660 16 19 0.025
305 602 17 19 0.025
150 593 15 17 0.023
65 572 15 18 0.023
84 497 14 19 0.023
49 469 13 17 0.021
23 430 13 17 0.021
58 565 15 18 0.020
96 589 18 28 0.019
260 570 12 15 0.019
18 428 12 15 0.019
175 558 16 20 0.019
69 553 17 51 0.018
180 662 18 18 0.018
458 593 12 15 0.017
387 620 13 16 0.017
290 472 13 15 0.015
32 442 11 13 0.015
305 569 14 17 0.014
36 636 14 17 0.013
465 486 11 13 0.013
434 623 12 15 0.013
212 457 13 16 0.012
193 446 12 14 0.012
69 542 12 15 0.011
157 592 15 18 0.011
280 473 15 18 0.010
