35_Basketball_Basketball_35_107
329
418 56 128 176 0.878
42 209 75 111 0.867
933 442 33 41 0.822
851 303 23 28 0.817
734 349 20 26 0.817
949 371 26 36 0.806
692 548 43 44 0.801
221 70 14 18 0.788
915 121 19 24 0.786
747 379 22 25 0.778
850 386 28 33 0.763
892 378 28 35 0.762
166 72 15 19 0.759
311 164 16 20 0.754
319 64 16 22 0.753
665 445 32 37 0.746
336 124 15 20 0.745
619 452 30 36 0.741
744 481 27 38 0.740
1006 346 16 22 0.733
232 120 16 20 0.729
607 519 37 50 0.725
789 350 16 22 0.725
687 203 18 23 0.720
846 135 17 20 0.717
262 168 15 20 0.717
683 79 14 19 0.715
164 286 18 23 0.715
994 486 38 77 0.713
780 222 19 25 0.709
816 93 17 21 0.701
99 158 19 20 0.697
785 162 17 20 0.686
614 109 15 18 0.682
857 354 20 26 0.677
817 410 24 28 0.673
630 80 14 18 0.669
227 356 22 27 0.663
774 95 17 21 0.661
291 122 16 20 0.661
273 69 14 18 0.654
952 504 32 43 0.650
292 42 13 16 0.650
363 90 17 23 0.648
23 3 13 15 0.646
746 11 13 15 0.642
677 509 30 39 0.638
744 46 15 19 0.627
145 43 12 16 0.619
336 29 14 18 0.617
390 30 14 20 0.607
211 102 15 18 0.605
1004 104 18 25 0.604
201 327 17 24 0.602
199 43 14 18 0.601
194 23 12 17 0.599
272 1 14 17 0.597
786 8 16 20 0.578
920 359 23 29 0.576
880 92 15 20 0.575
746 77 13 17 0.573
816 339 23 26 0.569
297 12 14 18 0.567
676 18 14 18 0.565
723 233 20 27 0.554
906 57 15 19 0.497
302 240 21 25 0.486
769 362 18 21 0.484
811 150 18 22 0.461
318 98 15 18 0.453
980 153 15 19 0.438
795 389 21 27 0.429
711 361 16 20 0.414
742 372 21 29 0.405
1007 383 17 26 0.405
949 1 16 17 0.399
604 504 30 40 0.397
740 195 15 20 0.390
881 140 14 18 0.386
199 196 18 22 0.384
589 0 15 13 0.372
1014 435 15 33 0.345
153 10 12 16 0.339
2 171 14 18 0.323
705 57 12 16 0.310
816 129 14 17 0.310
756 373 22 25 0.295
259 31 14 17 0.283
139 254 12 19 0.282
193 0 13 10 0.275
798 0 14 14 0.258
776 357 20 23 0.258
637 22 13 19 0.245
872 65 15 18 0.240
879 345 18 24 0.222
69 166 19 23 0.214
617 83 16 51 0.194
873 221 16 21 0.191
777 141 16 19 0.190
775 392 21 26 0.183
585 28 15 19 0.178
816 404 42 30 0.173
719 85 13 16 0.171
197 22 13 44 0.171
581 40 16 21 0.170
548 107 14 20 0.170
745 58 14 41 0.166
927 36 14 17 0.157
227 8 15 19 0.144
35 173 15 19 0.143
179 8 12 17 0.140
909 168 13 18 0.140
582 32 17 24 0.139
680 101 15 18 0.136
745 149 17 21 0.129
245 111 16 24 0.129
835 391 47 33 0.128
913 347 25 32 0.128
898 57 19 20 0.125
785 3 16 18 0.124
990 1 12 14 0.124
725 351 19 26 0.116
307 139 13 18 0.115
957 355 22 25 0.110
974 140 14 28 0.109
380 74 15 20 0.108
273 5 35 18 0.104
120 123 16 21 0.103
334 89 15 73 0.100
810 142 17 22 0.100
306 120 16 22 0.098
910 341 20 24 0.096
-1 523 22 33 0.094
872 112 13 18 0.093
965 18 17 20 0.088
402 118 15 20 0.087
748 103 16 19 0.085
622 62 14 17 0.083
551 0 13 12 0.078
723 450 25 30 0.078
873 338 20 25 0.077
242 97 14 17 0.076
774 401 23 28 0.075
705 51 14 18 0.074
971 134 13 17 0.074
67 172 22 26 0.074
829 226 16 20 0.073
231 422 21 28 0.073
876 79 15 29 0.072
933 366 26 33 0.071
836 213 18 24 0.070
294 117 18 22 0.069
807 120 22 62 0.066
226 185 18 21 0.065
600 502 20 29 0.065
193 -9 15 54 0.063
813 319 20 24 0.063
802 188 15 19 0.061
677 11 14 18 0.060
402 109 19 37 0.060
815 323 26 25 0.060
337 36 17 29 0.059
658 443 24 31 0.058
606 427 24 27 0.057
1000 382 18 25 0.057
221 183 16 22 0.057
85 161 34 26 0.057
727 122 15 19 0.056
869 214 18 23 0.056
724 3 13 14 0.056
730 80 16 18 0.055
885 354 23 23 0.055
-2 512 20 31 0.055
96 39 16 21 0.054
112 43 14 18 0.054
185 62 15 18 0.053
1009 137 16 21 0.053
809 323 18 21 0.052
208 45 16 29 0.051
381 69 18 28 0.051
638 17 14 17 0.050
709 369 18 23 0.050
625 86 15 21 0.048
783 397 25 29 0.047
176 141 15 20 0.046
996 141 19 23 0.046
365 129 14 17 0.044
802 340 32 68 0.043
805 154 19 22 0.043
630 445 65 40 0.043
993 3 13 15 0.042
122 200 13 17 0.042
344 52 15 20 0.040
355 124 14 18 0.040
113 27 13 28 0.040
731 5 16 17 0.039
838 62 15 19 0.039
777 103 19 21 0.039
943 188 16 20 0.038
115 28 14 16 0.037
873 128 15 21 0.037
959 24 19 22 0.035
950 125 13 16 0.034
890 53 15 19 0.034
337 198 15 20 0.034
897 338 24 23 0.034
377 138 15 20 0.033
32 161 16 20 0.033
237 196 16 20 0.033
1007 16 13 16 0.032
684 104 14 17 0.031
835 170 16 21 0.031
734 79 23 17 0.031
139 249 14 19 0.031
822 152 16 22 0.030
1008 444 19 26 0.030
90 39 22 39 0.029
388 73 14 16 0.029
874 329 18 21 0.029
235 354 21 27 0.029
396 174 13 17 0.028
821 318 19 20 0.028
124 197 17 20 0.028
689 15 14 18 0.027
371 139 14 16 0.027
547 0 15 16 0.027
770 408 27 34 0.027
99 20 20 56 0.027
132 12 18 18 0.026
81 66 16 19 0.026
393 167 18 28 0.025
-1 558 22 30 0.025
1005 391 18 29 0.025
547 115 13 22 0.025
739 187 16 21 0.024
34 168 14 19 0.024
786 16 15 18 0.024
682 514 37 47 0.024
637 33 15 18 0.023
1015 413 11 29 0.023
71 179 25 27 0.023
1010 402 14 26 0.023
70 69 14 19 0.022
775 130 18 22 0.022
876 210 17 32 0.022
921 440 28 36 0.022
911 62 19 20 0.022
252 19 15 25 0.022
790 112 19 20 0.021
647 116 14 18 0.021
0 511 11 20 0.021
967 128 20 24 0.021
759 130 17 20 0.021
939 450 36 52 0.021
953 127 32 28 0.020
959 31 15 19 0.020
253 118 17 21 0.020
987 145 19 21 0.020
793 183 20 25 0.020
112 13 37 35 0.020
6 95 15 19 0.019
934 32 21 20 0.019
761 134 19 21 0.019
135 93 13 15 0.019
141 271 14 21 0.019
645 57 15 19 0.018
609 434 20 29 0.018
792 5 15 18 0.018
963 -5 47 48 0.017
237 414 21 29 0.017
240 202 13 18 0.017
595 438 22 29 0.017
5 160 16 22 0.017
390 84 21 75 0.017
751 4 15 16 0.016
599 451 24 33 0.016
76 66 15 20 0.016
606 -5 44 87 0.015
281 202 17 19 0.015
912 334 17 19 0.015
773 85 17 21 0.015
963 11 27 25 0.015
775 189 18 21 0.015
207 105 17 26 0.015
199 339 19 25 0.015
679 82 39 48 0.014
348 55 16 19 0.014
637 11 15 14 0.014
1017 140 14 26 0.014
202 142 12 17 0.014
767 169 16 19 0.013
960 373 26 33 0.013
624 256 18 25 0.013
25 150 19 24 0.013
871 22 15 19 0.013
837 223 20 23 0.013
731 147 22 22 0.013
866 209 15 19 0.013
114 116 15 20 0.013
694 364 22 29 0.013
735 483 24 35 0.013
616 22 42 28 0.013
716 247 15 19 0.012
937 184 18 22 0.012
539 89 23 52 0.012
683 449 25 30 0.012
39 178 19 22 0.012
699 484 24 30 0.012
612 415 24 30 0.012
860 314 23 26 0.012
871 56 15 19 0.012
82 158 21 22 0.012
782 407 43 34 0.012
3 95 12 17 0.011
113 46 14 28 0.011
727 459 22 29 0.011
692 29 17 27 0.011
752 192 22 24 0.011
286 200 16 20 0.011
47 0 13 9 0.011
891 159 16 20 0.010
780 195 22 24 0.010
107 19 29 24 0.010
88 77 15 20 0.010
925 76 15 21 0.010
721 8 14 17 0.010
956 488 27 33 0.010
693 6 16 20 0.010
824 232 14 19 0.010
