35_Basketball_playingbasketball_35_195
84
460 391 16 20 0.753
970 388 15 19 0.735
1010 398 12 15 0.705
581 381 17 23 0.705
537 403 11 12 0.697
505 387 10 14 0.665
52 402 10 13 0.661
113 407 10 12 0.660
207 271 18 31 0.659
711 399 9 12 0.656
153 404 9 12 0.641
738 398 10 13 0.615
303 404 10 12 0.599
772 404 9 11 0.571
345 398 10 11 0.556
431 402 9 11 0.488
359 401 10 12 0.482
559 399 10 12 0.479
250 406 9 12 0.471
287 435 8 10 0.442
135 415 8 10 0.433
780 389 10 11 0.393
0 423 5 12 0.319
667 397 7 8 0.319
617 429 7 8 0.299
680 404 8 10 0.201
410 402 8 10 0.166
410 410 8 11 0.134
411 401 9 19 0.125
366 419 9 12 0.110
655 416 7 10 0.101
664 395 13 14 0.090
409 406 8 10 0.086
390 429 7 9 0.060
504 395 10 12 0.055
408 398 7 9 0.051
407 416 8 10 0.051
784 391 9 11 0.051
368 422 9 10 0.049
667 393 7 9 0.047
254 409 9 11 0.047
408 403 32 11 0.043
280 431 10 12 0.043
157 405 10 12 0.035
409 381 9 60 0.033
199 641 14 17 0.029
253 406 8 12 0.029
676 489 8 8 0.028
136 375 32 73 0.027
666 489 8 8 0.026
408 395 9 17 0.025
277 413 11 21 0.025
273 412 10 10 0.024
725 478 5 9 0.024
787 404 8 12 0.024
279 415 12 25 0.022
681 408 7 10 0.021
96 409 9 11 0.020
52 407 11 12 0.019
782 403 9 16 0.017
107 408 11 12 0.017
50 397 10 13 0.016
630 459 7 10 0.016
693 437 9 12 0.016
663 487 16 10 0.016
727 444 8 10 0.015
421 408 11 12 0.014
655 442 7 9 0.014
691 441 8 10 0.014
966 396 12 15 0.013
130 407 16 12 0.013
388 427 13 12 0.013
657 415 9 12 0.013
297 408 12 12 0.012
768 403 9 13 0.012
655 488 7 8 0.011
412 426 10 11 0.011
651 428 6 27 0.011
0 439 6 15 0.011
242 404 11 16 0.010
16 450 10 13 0.010
776 387 13 11 0.010
408 414 9 17 0.010
491 422 8 11 0.010
