35_Basketball_Basketball_35_209
401
500 138 35 43 0.845
419 108 34 43 0.840
85 266 9 11 0.677
613 236 10 12 0.666
713 265 9 11 0.660
898 184 19 23 0.660
978 224 13 16 0.638
743 269 9 11 0.638
50 243 9 11 0.594
17 233 8 11 0.563
50 220 7 8 0.552
832 261 12 15 0.517
12 262 10 12 0.510
77 227 8 9 0.464
84 238 9 11 0.453
109 211 8 9 0.449
663 263 8 10 0.449
175 191 19 22 0.424
319 248 7 10 0.421
289 268 7 9 0.399
134 229 7 10 0.397
21 183 6 9 0.370
144 253 8 10 0.341
152 229 7 11 0.335
18 209 8 10 0.304
65 266 8 13 0.279
182 248 8 10 0.277
1 242 6 11 0.268
32 264 8 11 0.263
126 198 6 8 0.259
359 269 7 9 0.241
708 266 9 11 0.234
1 187 6 9 0.230
64 210 8 9 0.217
952 204 8 12 0.216
147 194 7 7 0.214
49 189 6 8 0.195
180 229 8 11 0.192
966 222 11 13 0.191
27 55 6 8 0.190
262 264 8 11 0.184
177 276 7 9 0.178
90 240 9 12 0.172
951 190 8 11 0.170
162 213 8 10 0.168
266 226 7 9 0.166
951 198 8 16 0.159
79 209 8 9 0.155
964 243 9 12 0.155
131 209 7 9 0.148
127 197 6 13 0.143
88 208 10 9 0.143
368 246 7 19 0.141
925 192 11 15 0.138
583 254 7 10 0.135
11 263 21 12 0.132
360 194 6 8 0.131
866 207 15 16 0.129
279 275 7 9 0.127
697 255 8 14 0.127
359 260 8 24 0.122
134 208 6 9 0.122
1016 209 7 17 0.119
79 205 8 11 0.118
848 252 8 12 0.118
315 222 6 14 0.116
45 215 15 18 0.116
927 197 10 13 0.115
713 233 7 19 0.115
454 268 6 8 0.113
922 182 11 22 0.112
641 271 8 10 0.111
338 267 6 8 0.110
841 225 7 10 0.110
175 198 16 18 0.104
197 89 6 8 0.104
339 213 7 9 0.100
114 290 8 10 0.100
696 271 9 11 0.098
664 249 8 29 0.097
337 260 7 18 0.096
610 265 10 12 0.096
128 79 7 10 0.096
116 198 7 8 0.096
146 187 8 24 0.092
1 179 6 20 0.091
277 255 7 10 0.091
1015 232 8 14 0.091
105 237 11 11 0.091
963 227 10 27 0.090
881 190 13 16 0.090
96 70 5 7 0.090
48 47 6 8 0.089
879 186 11 17 0.088
253 201 7 9 0.085
698 259 8 13 0.081
337 204 8 26 0.081
367 256 11 11 0.080
109 234 8 17 0.080
698 254 9 25 0.078
137 226 15 12 0.078
34 223 8 11 0.078
376 213 8 9 0.077
116 269 9 10 0.077
299 202 6 8 0.076
75 208 14 8 0.075
64 198 8 26 0.075
611 263 16 13 0.074
183 236 7 28 0.073
337 245 8 16 0.073
31 202 9 12 0.073
316 220 10 17 0.072
262 262 7 10 0.072
73 52 7 7 0.070
65 269 10 17 0.070
267 218 7 24 0.070
113 266 9 12 0.069
1015 216 9 27 0.069
65 262 9 11 0.069
202 182 23 26 0.068
952 177 8 50 0.068
704 266 17 10 0.066
973 219 12 17 0.066
626 261 14 13 0.065
745 266 10 13 0.064
1018 276 7 15 0.064
710 237 9 29 0.064
733 245 10 12 0.063
998 216 11 13 0.063
631 226 9 28 0.062
146 74 8 23 0.061
299 194 7 26 0.060
987 145 8 28 0.059
311 197 9 10 0.058
1007 165 13 13 0.058
294 269 8 9 0.057
961 211 13 24 0.057
999 164 9 18 0.056
4 45 6 16 0.055
176 220 11 28 0.054
815 212 7 9 0.054
147 81 7 9 0.053
177 267 8 24 0.053
96 63 7 23 0.052
370 236 7 27 0.052
134 207 8 13 0.050
130 270 10 15 0.049
286 252 9 41 0.049
335 249 10 9 0.048
1 189 8 11 0.048
75 52 9 8 0.048
469 269 6 8 0.048
116 258 10 24 0.047
357 273 7 10 0.046
172 267 11 24 0.046
108 225 8 25 0.046
944 151 6 28 0.046
988 152 7 15 0.046
145 193 15 7 0.044
630 268 11 10 0.044
371 250 7 12 0.044
373 205 8 21 0.043
370 208 13 20 0.043
167 231 13 23 0.043
370 251 6 19 0.043
86 208 17 8 0.042
89 196 11 25 0.042
175 288 8 19 0.042
330 186 7 15 0.041
371 213 12 9 0.040
170 294 7 9 0.040
328 185 7 8 0.040
375 212 7 8 0.039
49 46 6 7 0.039
68 187 10 18 0.039
469 256 8 28 0.038
172 275 12 10 0.038
975 171 9 11 0.038
630 250 10 25 0.038
869 196 14 28 0.037
586 256 8 15 0.036
299 200 6 7 0.036
119 225 9 13 0.036
196 83 7 16 0.036
997 168 14 9 0.036
50 189 8 10 0.035
591 273 10 12 0.035
808 184 6 9 0.034
177 295 8 9 0.034
22 180 7 10 0.033
119 247 13 23 0.033
333 241 14 27 0.033
52 65 10 8 0.032
107 267 11 12 0.032
0 214 8 16 0.032
47 46 6 7 0.032
608 254 32 31 0.032
951 132 9 28 0.031
320 208 10 89 0.031
953 139 6 17 0.031
147 186 12 24 0.031
1017 269 7 16 0.031
1 266 8 14 0.031
194 77 11 28 0.030
712 242 8 19 0.030
1016 193 7 29 0.030
873 248 13 16 0.030
1009 168 13 8 0.030
267 227 7 11 0.029
922 166 12 30 0.029
2 219 8 24 0.029
72 50 14 12 0.029
957 164 11 27 0.029
546 49 7 9 0.028
181 222 15 19 0.028
331 182 7 28 0.028
182 222 6 47 0.028
475 237 7 8 0.027
959 263 10 12 0.027
925 200 13 16 0.027
352 255 14 29 0.027
635 206 6 11 0.027
591 265 9 23 0.027
656 266 10 10 0.027
331 186 6 7 0.026
587 208 8 18 0.026
49 181 13 28 0.026
841 208 8 42 0.026
144 247 11 32 0.026
50 178 6 34 0.025
840 181 6 29 0.025
339 117 6 8 0.025
118 250 7 40 0.025
22 47 11 28 0.025
282 273 8 10 0.025
276 252 12 14 0.025
349 211 10 29 0.025
165 255 12 30 0.025
3 43 5 10 0.025
48 50 7 26 0.024
5 48 7 10 0.024
134 200 13 29 0.024
176 272 7 32 0.024
284 231 7 20 0.024
469 269 12 9 0.024
126 65 12 30 0.024
814 240 8 10 0.024
14 66 7 15 0.023
974 163 12 28 0.023
50 187 6 8 0.023
68 228 17 87 0.023
643 242 11 27 0.023
601 272 12 11 0.023
140 233 16 28 0.023
4 43 8 27 0.022
997 155 15 29 0.022
182 227 10 13 0.022
314 217 18 22 0.022
635 201 8 20 0.021
31 270 10 13 0.021
143 262 13 29 0.021
112 251 22 14 0.021
739 244 12 21 0.021
731 233 10 28 0.021
62 67 6 8 0.021
125 243 14 28 0.020
387 84 5 31 0.020
356 203 16 30 0.020
497 268 10 13 0.019
382 258 9 11 0.019
809 178 7 21 0.019
973 128 14 31 0.019
11 70 9 11 0.019
491 266 10 16 0.019
953 238 11 14 0.019
52 293 9 11 0.019
860 159 8 8 0.018
316 225 8 28 0.018
73 237 9 15 0.018
588 219 8 17 0.018
869 183 20 19 0.018
680 202 13 32 0.018
859 148 9 28 0.018
627 269 18 10 0.018
16 191 7 110 0.018
251 196 7 10 0.018
20 173 13 25 0.018
873 203 16 17 0.018
634 256 15 29 0.018
960 252 10 20 0.018
195 185 21 22 0.018
99 238 15 26 0.018
68 323 8 10 0.018
951 167 13 29 0.018
100 81 7 17 0.018
590 274 7 11 0.018
883 152 13 32 0.018
859 184 22 67 0.017
166 284 14 25 0.017
452 259 9 20 0.017
840 229 9 18 0.017
146 236 6 55 0.017
115 278 7 32 0.016
1016 181 8 27 0.016
269 219 11 28 0.016
886 146 7 44 0.016
703 108 7 9 0.016
611 97 9 11 0.016
351 203 5 42 0.016
57 316 8 11 0.016
50 289 9 13 0.016
259 197 11 30 0.016
499 269 7 9 0.016
66 293 11 11 0.015
168 248 7 44 0.015
860 185 11 28 0.015
676 235 15 29 0.015
279 247 12 26 0.015
475 168 12 14 0.015
128 58 6 45 0.015
271 186 9 27 0.015
359 234 12 30 0.015
264 228 7 10 0.015
90 184 8 22 0.015
814 242 7 12 0.015
806 172 8 18 0.015
181 212 6 102 0.014
210 185 24 24 0.014
934 150 16 31 0.014
685 194 4 48 0.014
136 53 14 30 0.014
840 189 10 30 0.014
183 230 16 21 0.014
145 88 10 8 0.013
843 202 7 29 0.013
148 255 18 31 0.013
164 89 12 12 0.013
51 181 9 17 0.013
338 203 19 30 0.013
281 280 7 9 0.013
68 232 13 24 0.013
809 174 9 29 0.013
654 227 15 32 0.013
358 190 9 32 0.013
64 182 16 26 0.013
301 260 9 12 0.013
750 194 13 30 0.013
589 208 7 9 0.013
357 240 19 31 0.012
155 88 13 13 0.012
335 206 13 30 0.012
841 226 10 28 0.012
105 80 7 17 0.012
467 238 10 23 0.012
51 51 8 29 0.012
85 191 7 116 0.012
151 189 15 32 0.012
633 209 7 47 0.012
369 96 15 31 0.012
399 39 9 17 0.012
674 225 18 32 0.012
128 253 14 31 0.012
473 233 12 27 0.012
104 88 7 8 0.012
868 160 17 31 0.012
261 223 11 21 0.012
952 221 11 16 0.012
873 158 20 62 0.012
652 238 17 32 0.012
692 273 8 11 0.012
516 267 7 12 0.012
958 267 10 13 0.012
158 282 13 25 0.012
197 79 11 24 0.012
127 293 9 9 0.011
337 109 8 25 0.011
354 185 14 27 0.011
857 176 13 31 0.011
592 278 9 12 0.011
116 320 7 9 0.011
755 230 11 25 0.011
118 62 16 31 0.011
871 245 12 15 0.011
183 234 10 20 0.011
590 211 9 30 0.011
490 253 11 31 0.011
636 194 4 47 0.011
971 209 50 47 0.011
78 172 15 76 0.011
488 244 15 29 0.011
178 70 15 31 0.011
352 281 8 18 0.010
606 211 7 34 0.010
284 212 11 32 0.010
101 78 13 22 0.010
169 182 19 29 0.010
760 238 7 10 0.010
272 184 7 8 0.010
477 172 11 15 0.010
745 192 13 31 0.010
658 215 9 57 0.010
