35_Basketball_Basketball_35_754
29
497 106 21 25 0.798
625 15 15 17 0.750
484 20 15 18 0.589
926 297 12 18 0.550
637 124 16 21 0.184
926 346 12 20 0.179
190 337 13 21 0.146
405 120 18 25 0.132
667 346 21 22 0.105
211 260 13 19 0.087
387 124 16 21 0.083
676 351 19 21 0.077
666 343 16 21 0.072
470 25 16 17 0.064
929 299 15 18 0.057
468 26 11 14 0.046
182 383 16 22 0.040
102 128 12 13 0.038
391 122 20 24 0.031
684 351 17 19 0.030
191 334 13 18 0.023
226 229 16 18 0.021
586 436 16 22 0.016
213 257 14 18 0.013
661 396 15 21 0.013
98 132 13 14 0.012
672 353 17 22 0.012
632 129 18 21 0.011
186 343 13 18 0.011
