35_Basketball_Basketball_35_185
109
292 435 59 63 0.851
712 472 62 82 0.800
606 720 21 28 0.777
455 635 50 60 0.759
423 729 16 19 0.358
557 744 15 19 0.351
506 668 16 22 0.174
552 718 14 17 0.153
437 707 11 14 0.148
697 797 9 12 0.110
457 597 8 10 0.106
704 729 8 12 0.104
608 647 7 10 0.104
632 735 11 16 0.100
396 715 11 14 0.092
509 673 10 12 0.092
692 699 8 10 0.079
522 699 13 16 0.078
512 667 11 29 0.075
344 760 10 19 0.075
525 703 15 17 0.068
344 774 10 16 0.065
571 830 11 14 0.062
551 706 12 15 0.059
433 710 15 16 0.059
655 717 11 15 0.058
554 722 16 31 0.057
357 788 11 17 0.054
436 587 8 11 0.050
373 760 10 17 0.047
680 728 9 16 0.047
423 776 9 12 0.043
547 718 17 25 0.043
446 624 11 20 0.043
374 773 10 23 0.042
347 716 10 14 0.042
375 781 10 12 0.036
439 657 53 47 0.036
444 633 10 14 0.036
-1 828 6 10 0.034
581 653 9 9 0.033
546 700 17 22 0.032
342 792 10 13 0.032
430 610 8 18 0.032
57 837 8 22 0.032
588 741 12 15 0.032
344 755 13 33 0.031
657 712 12 23 0.028
700 806 9 13 0.028
568 832 12 19 0.028
563 852 11 14 0.028
369 754 11 29 0.027
345 765 14 33 0.026
443 711 13 19 0.026
556 754 16 23 0.025
398 709 16 27 0.025
609 505 29 26 0.025
341 750 10 17 0.025
429 695 17 33 0.024
435 713 16 19 0.024
352 700 13 27 0.023
430 606 14 26 0.022
349 795 13 13 0.022
636 718 15 20 0.021
666 693 9 11 0.021
561 718 10 14 0.021
686 692 13 33 0.020
482 599 10 14 0.020
442 702 14 20 0.020
702 736 11 14 0.019
351 708 15 32 0.018
642 722 18 20 0.018
376 697 11 12 0.018
377 718 13 34 0.018
520 697 22 24 0.017
341 787 29 18 0.017
395 694 14 49 0.017
40 764 9 29 0.017
397 746 13 17 0.016
449 604 11 34 0.016
629 729 17 23 0.016
710 780 10 14 0.016
681 711 9 35 0.015
482 656 39 46 0.015
523 666 13 27 0.015
422 684 10 26 0.015
58 843 7 11 0.015
271 451 45 44 0.015
401 743 12 14 0.015
369 695 12 16 0.015
510 635 25 109 0.014
374 705 17 35 0.014
345 779 20 32 0.013
54 801 12 29 0.013
568 825 12 14 0.013
507 674 11 18 0.012
138 763 18 31 0.012
559 765 13 17 0.011
553 739 20 29 0.011
524 667 12 15 0.011
352 697 12 15 0.011
585 642 14 23 0.011
648 696 11 12 0.011
663 741 11 15 0.011
521 680 16 33 0.011
606 641 9 11 0.011
41 770 8 16 0.010
275 462 21 29 0.010
512 662 19 56 0.010
