35_Basketball_basketballgame_ball_35_216
389
482 207 17 20 0.787
371 170 20 23 0.781
293 392 11 15 0.739
640 419 9 12 0.708
707 405 10 13 0.700
46 449 9 11 0.663
87 434 7 10 0.536
1011 436 9 10 0.504
157 431 7 10 0.499
195 428 9 11 0.497
25 397 7 10 0.453
66 418 8 11 0.449
96 412 7 10 0.425
24 425 8 11 0.395
93 376 6 8 0.380
176 420 7 10 0.372
140 402 6 8 0.364
241 441 8 10 0.347
933 465 6 8 0.345
102 392 8 10 0.341
117 438 8 10 0.318
68 352 7 9 0.314
45 408 8 10 0.301
121 390 6 8 0.297
133 421 8 9 0.289
11 392 7 9 0.282
6 358 8 9 0.277
961 465 6 8 0.270
219 444 7 9 0.263
24 419 8 13 0.256
216 443 8 10 0.249
43 361 6 9 0.246
221 449 8 11 0.239
83 359 7 9 0.236
129 435 9 11 0.233
230 420 8 9 0.223
141 398 7 10 0.220
105 420 9 12 0.217
102 418 9 10 0.204
195 414 8 10 0.202
223 456 7 10 0.201
111 407 7 9 0.198
156 388 8 9 0.197
1 370 7 9 0.180
227 418 9 11 0.176
35 327 6 15 0.175
861 485 6 7 0.175
66 412 9 12 0.175
43 389 7 9 0.170
42 385 8 20 0.166
43 352 7 22 0.160
692 478 8 9 0.158
836 483 6 9 0.145
894 469 6 9 0.138
28 353 6 9 0.136
56 307 6 18 0.135
28 347 7 21 0.134
24 416 8 11 0.132
24 263 6 10 0.131
662 413 8 11 0.131
319 456 8 10 0.128
368 465 6 8 0.126
77 384 6 9 0.123
413 468 7 9 0.119
64 364 8 24 0.112
21 369 7 10 0.110
169 442 9 11 0.109
11 252 8 10 0.107
98 466 7 10 0.106
19 364 9 20 0.105
9 305 8 10 0.101
309 408 10 12 0.100
83 349 9 23 0.098
267 420 9 11 0.097
130 425 8 25 0.094
175 417 9 23 0.094
719 486 7 10 0.094
667 474 7 9 0.091
20 396 12 9 0.085
978 453 7 8 0.084
155 375 9 28 0.084
22 358 8 30 0.083
4 357 7 26 0.082
221 446 7 11 0.081
914 480 7 8 0.081
426 371 9 10 0.078
36 321 8 29 0.078
99 376 9 25 0.075
265 418 8 10 0.074
890 364 7 8 0.074
156 418 8 24 0.074
121 460 8 9 0.074
882 448 7 9 0.073
241 417 11 11 0.072
24 261 8 10 0.069
105 354 7 10 0.069
14 388 16 22 0.068
123 456 8 12 0.064
124 453 11 11 0.064
467 487 8 9 0.062
944 432 7 8 0.061
891 361 8 14 0.061
739 387 8 10 0.060
67 371 12 19 0.060
166 326 7 19 0.060
501 383 13 17 0.060
884 482 7 8 0.059
68 336 8 31 0.059
203 389 8 13 0.059
984 414 7 9 0.059
688 479 9 12 0.059
167 355 9 22 0.057
880 441 10 21 0.057
638 488 9 11 0.057
219 436 8 17 0.057
56 295 8 31 0.056
104 346 9 25 0.055
168 365 7 11 0.055
102 390 12 29 0.054
243 446 8 9 0.053
973 400 8 10 0.052
270 438 7 10 0.052
195 389 8 81 0.051
968 416 7 9 0.051
888 360 9 13 0.051
863 517 7 9 0.050
824 461 9 10 0.050
46 377 11 19 0.050
12 395 8 11 0.050
178 339 8 23 0.049
233 429 18 35 0.048
344 454 7 10 0.048
171 445 10 10 0.048
824 443 7 10 0.047
478 496 9 11 0.047
868 413 7 9 0.047
984 410 7 20 0.047
984 379 8 10 0.045
171 372 8 28 0.045
927 428 8 11 0.045
154 403 9 20 0.044
270 418 9 24 0.043
165 418 14 30 0.043
13 328 10 28 0.043
751 446 8 11 0.042
421 454 9 16 0.042
940 449 7 10 0.041
5 346 16 29 0.041
19 233 7 9 0.041
42 243 8 10 0.040
39 291 8 31 0.039
293 431 11 14 0.039
55 360 15 25 0.039
787 480 8 10 0.038
70 408 9 11 0.038
141 319 11 27 0.037
696 503 7 8 0.037
178 346 7 11 0.036
50 328 13 30 0.036
199 355 7 10 0.036
897 469 8 17 0.035
26 366 14 28 0.035
30 335 8 31 0.034
441 362 10 11 0.034
344 395 9 10 0.034
825 452 8 20 0.034
234 384 8 27 0.034
173 374 12 25 0.034
764 470 6 10 0.033
413 471 6 7 0.033
274 418 9 12 0.032
49 282 14 30 0.032
716 482 11 17 0.032
978 467 10 12 0.032
39 303 7 31 0.032
178 410 10 19 0.032
385 464 10 14 0.031
72 371 17 26 0.031
812 475 7 10 0.031
949 360 8 10 0.031
967 410 9 15 0.030
886 484 6 9 0.030
916 451 8 18 0.030
14 368 9 31 0.030
880 447 7 10 0.030
976 469 9 9 0.030
166 330 7 10 0.029
115 340 11 13 0.029
913 471 8 23 0.029
941 455 7 9 0.028
402 449 10 12 0.028
40 374 10 29 0.028
43 344 14 29 0.028
836 468 9 20 0.028
113 332 16 29 0.028
217 390 8 15 0.028
117 358 12 25 0.028
368 453 7 26 0.028
197 348 9 24 0.027
435 465 9 10 0.027
308 397 11 37 0.027
343 469 7 11 0.027
751 491 6 7 0.027
83 346 17 29 0.027
230 373 8 91 0.026
273 448 7 10 0.026
588 445 8 9 0.026
212 447 8 12 0.026
866 470 7 14 0.026
621 431 9 11 0.026
68 279 7 33 0.026
172 380 15 12 0.026
204 383 12 25 0.026
361 453 15 27 0.025
178 453 8 10 0.025
105 279 9 20 0.025
69 329 5 47 0.025
134 440 11 17 0.025
255 388 10 27 0.025
933 408 8 17 0.024
875 437 15 27 0.024
16 314 5 40 0.024
217 384 11 26 0.024
40 287 5 43 0.024
976 461 11 23 0.024
158 381 8 103 0.024
42 259 10 28 0.024
438 473 9 9 0.023
350 449 9 16 0.023
354 405 8 11 0.023
974 397 8 21 0.023
682 490 8 13 0.023
65 319 14 31 0.022
142 325 9 15 0.022
203 391 20 10 0.022
346 398 9 10 0.022
407 452 10 10 0.022
662 492 7 10 0.021
100 448 8 12 0.021
867 408 8 20 0.021
860 476 16 20 0.021
198 374 8 114 0.021
828 382 7 10 0.021
287 425 16 22 0.021
42 237 9 28 0.021
723 419 10 12 0.021
139 448 14 12 0.021
978 472 7 10 0.020
737 469 9 12 0.020
346 447 14 24 0.020
113 409 14 30 0.020
823 435 13 27 0.020
839 470 9 15 0.020
615 462 9 9 0.020
810 450 9 11 0.020
105 284 8 11 0.020
177 416 9 10 0.020
223 395 9 29 0.019
515 479 8 10 0.019
163 378 16 30 0.019
7 330 12 27 0.019
446 472 9 12 0.019
827 454 14 18 0.019
54 247 12 25 0.019
39 295 5 46 0.019
979 446 5 26 0.018
1 336 23 12 0.018
786 483 8 10 0.018
333 417 10 11 0.018
517 480 10 13 0.018
934 411 6 10 0.018
159 321 16 26 0.018
173 381 12 27 0.018
876 348 8 21 0.018
125 357 15 27 0.018
1010 383 9 13 0.017
626 420 9 11 0.017
942 451 7 13 0.017
740 380 9 18 0.017
18 226 7 28 0.017
864 409 9 13 0.017
618 433 8 10 0.017
842 425 11 26 0.017
768 396 8 9 0.017
343 473 8 9 0.017
445 465 9 9 0.016
750 443 10 19 0.016
627 409 10 12 0.016
695 490 10 27 0.016
843 432 8 12 0.016
11 428 7 10 0.016
348 454 12 9 0.016
432 461 15 25 0.016
172 433 14 27 0.016
229 392 11 31 0.016
895 470 7 13 0.016
255 395 11 29 0.016
256 439 12 15 0.016
54 317 8 40 0.016
18 229 13 22 0.016
19 230 7 18 0.016
926 415 10 28 0.016
52 278 8 37 0.016
31 325 5 48 0.015
123 334 17 29 0.015
839 425 10 23 0.015
381 467 20 9 0.015
61 369 21 25 0.015
265 419 10 25 0.015
157 416 25 36 0.015
140 344 14 31 0.015
7 301 25 17 0.015
462 374 10 12 0.015
628 415 9 13 0.014
143 368 15 31 0.014
421 455 7 9 0.014
867 468 11 13 0.014
9 295 17 30 0.014
389 451 9 27 0.014
882 517 7 7 0.014
341 455 22 10 0.014
300 482 7 9 0.014
869 463 10 23 0.014
447 467 8 15 0.013
2 395 11 25 0.013
983 418 9 19 0.013
123 391 17 101 0.013
373 431 8 16 0.013
916 449 14 28 0.013
735 464 9 11 0.013
662 487 9 14 0.013
237 383 12 106 0.013
276 453 7 10 0.013
480 467 10 13 0.013
325 413 14 16 0.013
429 468 24 10 0.013
93 325 7 43 0.013
69 452 10 21 0.013
860 445 10 27 0.013
862 475 6 34 0.013
548 459 8 10 0.013
91 333 12 31 0.012
886 380 11 22 0.012
350 396 9 25 0.012
177 340 12 31 0.012
63 268 14 31 0.012
15 207 6 9 0.012
152 455 9 11 0.012
37 329 17 31 0.012
964 416 29 10 0.012
1017 411 7 20 0.012
343 459 9 26 0.012
866 328 7 10 0.012
605 470 9 12 0.012
433 362 15 19 0.012
844 433 9 31 0.012
27 270 14 31 0.012
533 408 9 10 0.012
172 393 9 28 0.012
19 233 10 13 0.012
938 370 11 17 0.011
278 435 12 13 0.011
12 267 14 31 0.011
142 334 11 31 0.011
62 290 14 31 0.011
47 265 18 31 0.011
68 463 10 10 0.011
859 434 11 30 0.011
1 269 13 30 0.011
945 353 12 17 0.011
841 442 13 27 0.011
216 362 11 31 0.011
10 444 8 13 0.011
1001 405 10 19 0.011
443 377 11 13 0.011
36 282 16 32 0.011
409 448 17 31 0.010
928 426 19 16 0.010
497 389 12 15 0.010
351 402 9 15 0.010
157 354 17 32 0.010
73 330 15 32 0.010
399 457 18 27 0.010
16 253 13 32 0.010
555 425 8 10 0.010
13 277 14 32 0.010
899 398 12 26 0.010
421 454 18 30 0.010
38 265 18 31 0.010
