35_Basketball_playingbasketball_35_794
28
751 88 42 58 0.890
512 134 31 40 0.875
283 175 29 37 0.853
555 125 32 35 0.832
0 168 23 44 0.829
440 201 21 27 0.810
99 159 27 34 0.790
835 140 32 38 0.784
187 162 17 27 0.749
424 175 21 28 0.742
323 161 21 29 0.709
390 143 20 25 0.687
267 147 16 26 0.654
244 180 17 31 0.445
379 170 20 26 0.310
513 129 59 38 0.286
377 186 24 35 0.241
0 138 16 40 0.092
118 22 43 32 0.066
139 23 26 28 0.050
114 29 24 29 0.048
238 181 16 26 0.041
246 173 17 24 0.034
0 126 15 36 0.021
225 6 28 35 0.018
191 165 19 26 0.018
570 453 10 14 0.015
162 182 19 25 0.013
