35_Basketball_playingbasketball_35_876
300
461 101 84 119 0.857
206 526 23 30 0.831
857 485 20 26 0.811
800 505 23 29 0.807
955 505 21 26 0.797
656 502 24 32 0.796
897 459 19 26 0.794
771 499 21 28 0.793
929 519 20 25 0.790
262 528 25 32 0.788
866 448 18 24 0.786
135 462 19 25 0.785
883 403 18 23 0.784
965 345 17 21 0.781
922 489 18 24 0.771
928 450 20 24 0.767
962 447 17 23 0.765
954 315 16 20 0.765
729 522 25 32 0.764
980 519 20 26 0.762
709 500 24 31 0.762
990 432 18 23 0.759
886 513 24 30 0.758
678 180 14 18 0.755
622 403 19 26 0.753
930 415 17 22 0.750
890 321 16 21 0.747
825 475 18 26 0.745
723 229 14 19 0.743
995 381 15 19 0.743
816 256 14 20 0.743
811 289 15 18 0.733
724 181 13 18 0.733
156 480 20 27 0.733
730 317 16 21 0.722
64 98 78 116 0.720
818 449 18 22 0.715
1010 504 14 23 0.715
952 399 17 23 0.710
267 473 17 23 0.710
207 240 18 23 0.710
981 461 19 23 0.704
633 182 14 19 0.702
850 423 17 23 0.701
714 252 15 19 0.697
863 265 14 17 0.694
102 474 20 26 0.690
88 466 19 25 0.682
255 203 15 19 0.677
625 245 16 21 0.670
842 315 15 19 0.664
208 485 22 29 0.654
914 429 17 22 0.654
328 149 15 21 0.648
231 176 15 21 0.646
1002 417 15 19 0.644
943 342 16 20 0.638
907 266 15 19 0.628
235 225 13 19 0.627
298 229 15 20 0.626
682 229 16 19 0.626
790 489 18 25 0.619
585 176 14 19 0.616
998 179 13 18 0.607
953 150 14 18 0.606
283 175 15 20 0.593
188 154 14 20 0.584
663 256 14 19 0.584
945 222 15 19 0.557
769 182 14 19 0.532
955 200 13 16 0.521
701 280 15 20 0.482
278 142 15 18 0.460
778 207 14 16 0.438
719 283 16 21 0.427
767 250 15 19 0.389
772 279 16 20 0.386
997 420 18 25 0.386
981 221 11 15 0.343
967 173 15 19 0.335
299 199 16 21 0.314
422 12 15 17 0.308
334 70 14 18 0.305
1012 482 12 22 0.295
779 182 14 18 0.294
776 319 15 19 0.292
999 552 17 23 0.291
148 151 15 23 0.282
935 179 13 18 0.270
710 282 18 21 0.270
186 93 31 37 0.268
741 301 15 18 0.256
836 459 17 23 0.247
956 153 15 23 0.245
372 169 22 29 0.242
294 577 24 29 0.234
137 133 25 58 0.234
243 79 13 17 0.233
167 135 12 17 0.222
998 205 13 18 0.216
607 437 20 25 0.210
1006 356 15 20 0.202
869 453 50 26 0.201
796 453 17 23 0.197
203 171 16 21 0.194
787 160 13 18 0.184
92 471 27 26 0.183
955 193 15 20 0.177
142 144 21 36 0.164
937 175 15 21 0.162
169 168 21 32 0.161
285 493 17 26 0.160
255 261 15 20 0.158
287 82 13 18 0.157
199 85 26 32 0.154
769 243 14 48 0.152
737 183 43 18 0.151
297 218 16 22 0.147
769 265 17 21 0.147
148 138 19 34 0.144
169 162 16 23 0.135
935 403 32 27 0.135
1009 342 14 22 0.132
218 130 18 24 0.129
204 83 19 24 0.119
948 448 17 23 0.118
633 484 18 25 0.118
749 268 15 22 0.110
823 438 17 71 0.109
603 368 19 23 0.106
785 230 16 19 0.106
781 282 16 20 0.104
265 240 16 20 0.104
976 437 33 27 0.100
646 283 18 23 0.100
977 455 19 25 0.100
299 211 15 22 0.096
749 302 18 20 0.095
204 473 21 26 0.095
275 482 20 26 0.091
212 201 16 21 0.090
374 162 21 26 0.090
641 222 16 21 0.090
788 285 15 20 0.090
164 79 17 22 0.082
312 170 19 22 0.082
257 254 15 23 0.079
764 308 16 20 0.077
340 503 19 29 0.075
765 185 14 18 0.073
287 583 20 25 0.073
957 314 21 65 0.072
171 162 28 45 0.072
1013 300 11 21 0.068
315 180 23 29 0.068
773 470 18 22 0.068
111 508 20 29 0.065
950 224 15 20 0.063
737 488 18 24 0.062
285 252 16 21 0.060
784 480 19 24 0.060
172 183 20 23 0.059
369 17 16 20 0.059
637 188 15 38 0.056
673 397 19 28 0.056
678 274 16 20 0.055
273 152 17 21 0.055
970 201 13 18 0.054
889 498 20 26 0.054
886 255 18 22 0.053
971 224 15 18 0.053
721 449 27 31 0.052
141 174 21 36 0.051
971 193 15 21 0.051
942 166 14 18 0.048
616 239 16 23 0.048
980 201 14 42 0.048
945 159 14 22 0.045
205 214 16 20 0.045
146 186 15 22 0.043
305 156 27 67 0.042
270 159 16 22 0.042
760 314 17 24 0.042
743 492 45 31 0.041
322 98 18 21 0.041
1013 294 10 41 0.040
660 466 19 23 0.040
684 300 18 22 0.038
787 455 17 23 0.038
785 315 15 20 0.038
326 187 27 28 0.038
306 546 22 31 0.038
167 154 16 27 0.037
703 318 18 21 0.036
775 235 16 20 0.036
955 430 13 20 0.036
186 97 21 27 0.036
860 267 15 21 0.036
747 265 24 70 0.034
955 423 16 21 0.034
925 288 16 21 0.034
605 468 21 25 0.032
973 491 17 21 0.030
294 122 18 24 0.030
976 493 19 24 0.030
730 449 25 28 0.029
394 160 14 19 0.029
151 186 18 29 0.028
799 481 18 25 0.028
307 165 21 23 0.027
313 215 14 19 0.027
286 486 19 26 0.027
278 246 16 21 0.027
949 217 15 20 0.027
763 321 19 22 0.027
974 178 22 81 0.026
608 202 15 20 0.026
936 248 15 21 0.026
1009 379 13 20 0.026
1010 311 13 25 0.026
285 219 16 21 0.025
1017 442 8 23 0.024
832 287 15 20 0.024
199 218 15 19 0.023
673 230 15 19 0.023
666 294 19 23 0.023
721 316 20 23 0.022
671 289 18 24 0.022
397 159 17 22 0.022
814 315 15 19 0.022
346 98 17 22 0.022
754 322 17 21 0.022
195 98 29 33 0.022
783 180 13 19 0.021
176 191 17 21 0.021
610 241 15 21 0.020
348 185 16 22 0.020
170 126 17 22 0.020
397 47 17 21 0.020
252 256 15 20 0.019
627 369 20 25 0.019
321 97 38 22 0.018
252 226 17 20 0.018
935 296 24 23 0.018
249 523 15 21 0.018
1014 379 11 18 0.018
1010 427 16 25 0.018
380 157 16 21 0.018
141 186 21 36 0.017
647 262 36 64 0.017
988 423 17 26 0.017
771 308 16 23 0.017
688 294 17 22 0.017
789 446 21 26 0.016
989 346 16 21 0.016
764 226 17 19 0.016
772 163 14 18 0.016
981 259 15 21 0.015
320 202 19 22 0.015
945 394 19 25 0.015
592 73 13 17 0.015
345 177 15 25 0.015
674 524 20 27 0.015
341 488 18 29 0.015
190 68 16 18 0.015
736 251 15 22 0.014
830 418 19 23 0.014
841 289 18 20 0.014
624 230 18 22 0.013
726 460 21 23 0.013
667 276 20 24 0.013
266 142 24 45 0.013
213 234 17 23 0.013
821 257 14 19 0.013
675 388 19 30 0.012
402 12 15 18 0.012
193 128 18 23 0.012
691 308 20 23 0.012
298 165 18 23 0.012
389 30 26 43 0.012
343 170 16 21 0.012
287 618 16 20 0.012
814 305 16 21 0.011
713 446 26 31 0.011
989 212 16 25 0.011
1016 447 8 31 0.011
143 181 16 22 0.011
1008 303 15 22 0.011
283 241 25 24 0.011
766 220 16 19 0.011
204 178 20 27 0.011
838 305 16 22 0.011
792 313 14 19 0.011
168 481 17 25 0.011
236 201 17 21 0.011
664 249 15 22 0.010
367 11 26 20 0.010
205 106 19 23 0.010
198 133 17 21 0.010
625 375 18 24 0.010
