35_Basketball_basketballgame_ball_35_50
81
587 130 34 44 0.879
276 166 24 34 0.851
950 270 29 42 0.836
209 278 43 53 0.821
410 206 24 31 0.821
774 332 43 45 0.659
970 104 7 9 0.444
862 101 8 9 0.397
942 104 8 10 0.372
998 108 8 10 0.365
831 83 6 7 0.331
773 69 8 10 0.308
878 89 8 10 0.295
657 47 6 7 0.246
725 78 6 7 0.228
891 95 7 8 0.207
923 97 8 9 0.194
886 96 10 10 0.161
939 98 8 10 0.160
920 97 7 7 0.154
941 101 9 11 0.137
844 86 7 9 0.129
935 108 10 12 0.127
877 91 14 12 0.121
686 73 6 7 0.118
947 106 7 9 0.117
750 56 6 8 0.100
929 121 8 9 0.067
683 47 7 8 0.067
870 93 22 12 0.066
930 118 8 11 0.055
894 96 10 8 0.052
941 92 17 35 0.052
997 113 9 10 0.049
685 45 6 8 0.048
686 67 11 16 0.047
965 102 9 10 0.045
714 90 7 9 0.042
717 85 9 12 0.039
686 71 8 8 0.038
906 115 6 8 0.038
914 95 10 13 0.035
683 43 6 18 0.034
960 106 15 9 0.031
1015 71 8 10 0.029
961 101 11 23 0.029
913 97 15 8 0.028
909 72 7 8 0.026
1004 108 9 11 0.024
837 99 8 9 0.023
888 80 14 37 0.022
667 70 9 8 0.021
787 56 7 9 0.021
1015 81 7 18 0.020
943 107 34 9 0.019
996 70 9 11 0.019
941 93 6 13 0.019
960 122 10 10 0.019
990 123 8 10 0.017
940 90 10 24 0.017
930 122 10 10 0.016
880 79 15 21 0.016
1016 66 7 26 0.014
187 40 8 10 0.014
717 94 7 8 0.013
650 40 11 19 0.013
662 61 12 20 0.013
826 81 10 16 0.012
176 50 8 10 0.012
179 48 10 10 0.012
686 89 7 13 0.012
938 90 7 8 0.012
190 37 7 8 0.012
877 83 10 9 0.012
651 60 8 15 0.011
653 46 9 7 0.011
700 63 11 18 0.011
849 93 15 22 0.010
1007 107 14 21 0.010
836 69 9 15 0.010
709 95 7 8 0.010
