35_Basketball_basketballgame_ball_35_998
43
680 63 52 71 0.852
42 392 40 48 0.841
354 315 37 58 0.840
0 310 25 42 0.834
63 282 35 39 0.823
914 280 45 64 0.816
339 97 55 76 0.815
124 290 30 43 0.773
35 205 34 43 0.617
110 113 26 34 0.342
815 318 37 51 0.284
187 133 35 45 0.148
598 393 31 43 0.116
386 83 36 59 0.091
444 141 31 44 0.090
572 147 28 39 0.075
138 185 24 33 0.067
508 26 38 47 0.058
175 126 39 47 0.043
765 41 37 43 0.043
911 210 33 40 0.039
11 209 25 38 0.039
998 -3 24 18 0.038
500 339 33 40 0.037
1006 324 19 48 0.031
717 443 28 29 0.027
793 -3 25 15 0.026
926 14 27 36 0.025
756 -4 30 16 0.025
707 -4 28 17 0.024
902 74 46 67 0.019
171 123 32 39 0.019
1 405 25 48 0.018
580 37 40 58 0.017
2 251 13 41 0.017
830 220 40 55 0.014
569 137 28 38 0.013
983 26 29 38 0.013
759 -4 54 18 0.012
988 6 30 54 0.012
603 410 22 27 0.011
447 119 41 59 0.010
0 249 9 38 0.010
