35_Basketball_Basketball_35_664
68
494 371 8 9 0.382
696 351 15 20 0.295
44 325 9 11 0.288
135 337 8 12 0.270
559 378 10 14 0.247
23 318 10 14 0.246
753 190 16 20 0.156
160 337 11 15 0.152
50 340 13 17 0.148
158 334 10 14 0.129
0 339 6 12 0.127
795 271 11 19 0.124
21 321 22 13 0.116
115 349 9 11 0.115
884 375 11 13 0.114
557 376 10 14 0.083
42 329 14 16 0.073
749 187 19 19 0.071
699 346 14 22 0.069
164 338 11 15 0.068
693 346 15 19 0.066
497 370 9 11 0.064
652 290 14 17 0.061
26 324 34 17 0.055
794 278 12 17 0.052
8 448 10 12 0.045
744 188 14 17 0.043
759 186 12 21 0.037
35 328 18 15 0.036
700 340 14 17 0.031
4 399 10 14 0.030
147 318 9 10 0.028
647 288 13 16 0.028
127 316 14 59 0.027
652 297 13 17 0.025
100 309 7 8 0.025
47 319 8 14 0.025
111 329 9 12 0.024
657 297 12 17 0.024
46 330 15 24 0.023
658 346 13 18 0.022
753 248 16 27 0.022
28 330 12 12 0.021
193 347 9 12 0.020
172 339 11 14 0.020
688 348 15 20 0.019
120 357 10 11 0.017
162 329 13 26 0.017
753 273 15 17 0.015
98 308 8 13 0.015
495 374 10 11 0.014
129 367 9 11 0.014
111 335 11 20 0.014
112 322 11 21 0.014
700 358 13 19 0.014
139 344 10 11 0.014
45 422 10 13 0.014
752 247 14 18 0.013
526 377 12 12 0.013
130 300 20 88 0.013
100 306 9 15 0.013
538 371 13 15 0.012
95 337 12 21 0.012
142 314 13 27 0.012
536 374 12 14 0.011
791 282 12 17 0.011
884 380 13 13 0.010
758 271 14 19 0.010
