35_Basketball_basketballgame_ball_35_393
99
857 282 15 21 0.768
703 300 12 16 0.759
80 279 9 12 0.752
70 226 7 10 0.732
417 300 13 18 0.730
47 282 8 11 0.723
22 329 10 12 0.718
82 334 10 12 0.718
20 240 8 10 0.717
125 314 10 12 0.711
51 334 10 12 0.709
165 294 10 13 0.709
118 227 8 10 0.701
0 328 11 13 0.699
64 267 8 11 0.697
14 271 8 11 0.692
130 330 11 13 0.679
94 229 8 10 0.667
93 314 9 12 0.663
714 291 11 15 0.644
677 288 13 18 0.638
109 332 10 13 0.626
14 301 9 11 0.626
109 236 8 11 0.607
779 287 14 17 0.508
34 255 8 10 0.477
78 251 9 11 0.462
116 229 9 11 0.457
11 284 9 12 0.380
50 254 7 9 0.293
95 322 9 11 0.282
13 273 9 22 0.270
58 307 9 12 0.236
562 280 9 11 0.233
77 246 9 12 0.164
124 317 10 13 0.153
128 298 10 56 0.145
147 331 10 12 0.123
105 236 16 10 0.116
136 290 9 11 0.106
398 305 9 11 0.100
39 301 9 12 0.093
50 286 10 12 0.087
41 292 11 16 0.082
80 253 9 11 0.080
680 291 13 17 0.080
16 268 10 13 0.078
784 284 16 16 0.070
80 236 10 87 0.059
0 307 17 46 0.058
562 298 9 11 0.052
568 304 10 13 0.052
598 291 9 12 0.051
44 318 8 12 0.050
14 236 8 80 0.047
669 290 13 17 0.045
679 294 11 16 0.045
50 315 11 28 0.041
588 306 9 12 0.040
109 240 9 10 0.039
564 296 12 17 0.038
695 274 26 61 0.038
601 272 10 12 0.037
578 290 10 19 0.033
792 283 12 14 0.032
53 317 45 47 0.032
577 275 11 12 0.028
106 198 21 75 0.027
170 295 10 12 0.027
17 328 10 13 0.027
113 334 9 12 0.024
64 300 12 14 0.024
77 275 9 18 0.023
570 310 8 11 0.023
12 268 12 16 0.023
403 303 11 15 0.021
19 300 13 12 0.021
710 295 11 16 0.020
707 290 13 14 0.020
589 311 8 9 0.019
158 348 10 12 0.019
665 294 9 13 0.019
598 307 8 11 0.018
131 279 10 34 0.018
599 274 9 29 0.018
131 334 11 13 0.018
105 269 10 113 0.017
781 295 11 15 0.016
572 301 15 20 0.016
59 303 13 12 0.015
55 334 13 14 0.014
63 310 11 12 0.014
143 335 10 14 0.013
40 297 12 16 0.013
117 225 7 10 0.013
579 274 9 29 0.012
86 302 13 23 0.012
568 306 30 12 0.011
594 272 16 13 0.010
