35_Basketball_basketballgame_ball_35_446
40
471 320 111 160 0.840
790 939 22 26 0.211
902 989 24 29 0.147
831 744 18 23 0.144
820 996 25 29 0.121
880 812 22 27 0.113
728 993 23 28 0.109
883 949 21 28 0.101
868 850 24 30 0.099
864 901 23 29 0.092
808 815 21 25 0.074
926 918 20 25 0.068
729 874 19 22 0.055
804 867 18 21 0.051
763 743 18 22 0.046
714 955 24 29 0.046
861 780 18 23 0.042
763 830 17 24 0.042
695 1028 24 28 0.040
878 919 23 64 0.039
756 895 20 25 0.034
277 1088 25 31 0.033
880 937 36 44 0.031
927 761 18 25 0.024
692 904 23 26 0.023
795 896 26 28 0.018
721 823 16 19 0.018
663 844 20 24 0.018
688 869 19 22 0.018
795 969 23 29 0.017
923 761 21 39 0.015
712 847 19 22 0.015
799 868 22 60 0.014
817 781 19 22 0.014
898 950 23 27 0.014
844 1033 23 28 0.012
881 936 21 28 0.011
715 836 19 23 0.011
708 917 26 61 0.010
669 854 31 31 0.010
