35_Basketball_basketballgame_ball_35_709
975
134 959 27 35 0.809
881 1009 32 40 0.800
520 400 76 71 0.797
867 860 20 26 0.794
767 1000 31 40 0.791
305 805 21 28 0.790
219 1007 37 44 0.788
25 774 21 27 0.786
322 778 22 29 0.783
504 937 22 30 0.781
994 930 22 29 0.777
346 965 29 37 0.773
930 906 20 26 0.768
170 939 25 31 0.759
438 702 19 28 0.758
393 870 23 30 0.758
15 856 22 27 0.755
30 828 21 26 0.754
848 919 24 30 0.754
1000 1002 24 34 0.754
354 555 17 22 0.753
409 551 16 20 0.753
913 867 19 24 0.745
905 926 21 26 0.743
938 981 23 29 0.743
275 754 18 23 0.742
63 989 29 38 0.742
241 551 18 21 0.740
923 806 21 27 0.740
245 929 24 32 0.739
780 713 18 24 0.737
827 720 19 25 0.737
104 829 21 26 0.737
1 967 24 31 0.733
963 969 21 28 0.733
36 987 27 36 0.729
287 993 33 43 0.728
239 735 19 24 0.727
354 752 19 25 0.727
790 834 20 26 0.727
107 645 16 21 0.717
294 685 18 24 0.717
414 755 20 25 0.717
862 977 23 29 0.717
229 684 17 24 0.715
496 994 28 37 0.714
352 833 22 28 0.713
388 584 17 20 0.708
982 779 20 26 0.708
153 708 20 28 0.706
301 554 17 22 0.706
201 792 20 25 0.702
947 684 19 23 0.697
178 563 19 23 0.695
972 833 20 25 0.695
136 824 23 30 0.692
267 704 18 25 0.690
849 617 17 23 0.688
183 731 20 26 0.688
259 776 22 27 0.682
791 642 17 23 0.681
289 625 17 22 0.679
389 629 18 21 0.675
262 661 16 20 0.673
53 806 21 26 0.667
94 930 23 28 0.666
885 704 19 22 0.665
218 757 18 24 0.663
259 582 19 21 0.660
796 808 20 24 0.660
925 584 18 23 0.658
970 908 19 26 0.658
215 603 18 24 0.656
321 703 20 25 0.656
417 600 16 20 0.654
54 960 23 28 0.654
386 785 22 29 0.652
-1 887 21 29 0.650
831 774 17 21 0.648
47 636 21 26 0.644
803 780 20 25 0.644
880 735 17 24 0.638
996 814 20 25 0.632
78 568 17 21 0.627
244 628 17 23 0.626
897 675 16 21 0.624
992 976 24 33 0.617
178 982 35 44 0.616
80 860 21 27 0.613
973 608 16 20 0.613
300 729 20 25 0.613
190 663 18 22 0.611
896 982 24 30 0.611
4 1004 34 47 0.610
973 864 20 25 0.609
750 968 21 26 0.609
675 567 18 24 0.606
8 557 17 20 0.603
98 590 16 21 0.603
328 646 17 22 0.603
853 894 21 27 0.603
908 954 22 27 0.603
924 733 18 24 0.596
13 620 18 24 0.588
982 718 17 22 0.586
907 837 19 24 0.584
145 672 17 22 0.582
361 722 18 23 0.580
786 976 24 34 0.580
160 589 18 22 0.575
760 738 17 23 0.575
944 655 18 22 0.571
857 812 20 25 0.569
58 595 17 21 0.567
368 646 19 23 0.558
268 955 27 32 0.558
749 490 16 19 0.554
768 924 23 28 0.554
178 614 18 22 0.536
806 670 15 20 0.532
973 580 15 19 0.530
264 985 31 40 0.524
422 640 21 26 0.523
720 568 18 23 0.518
130 623 17 21 0.517
973 757 18 23 0.517
372 818 20 24 0.517
354 418 13 17 0.499
771 690 16 20 0.495
398 687 18 22 0.490
1 934 21 26 0.488
839 676 16 19 0.484
894 640 17 22 0.482
183 686 19 22 0.460
352 690 19 21 0.457
762 415 16 20 0.453
-3 753 15 24 0.453
368 384 12 15 0.451
687 378 14 16 0.440
406 409 15 18 0.440
866 775 19 24 0.436
420 477 15 20 0.431
304 598 18 22 0.429
634 601 66 71 0.429
694 403 15 19 0.427
400 449 15 18 0.421
230 414 14 18 0.414
837 651 15 18 0.414
-2 811 15 23 0.412
1000 678 18 25 0.410
204 970 28 37 0.405
252 610 17 21 0.401
363 358 14 17 0.399
358 604 17 22 0.397
20 582 17 21 0.388
53 987 29 38 0.384
78 664 18 23 0.379
923 780 18 27 0.374
694 455 15 20 0.364
885 468 13 16 0.364
827 492 14 18 0.364
310 386 13 17 0.361
223 890 22 27 0.361
371 667 17 23 0.359
344 490 17 22 0.353
791 517 13 16 0.349
186 706 18 24 0.349
739 701 17 22 0.349
62 432 13 16 0.347
809 535 18 20 0.347
627 363 11 15 0.343
314 418 13 18 0.343
40 423 15 16 0.337
392 369 14 16 0.325
125 422 14 18 0.306
793 821 20 32 0.304
788 482 14 19 0.295
249 398 14 18 0.293
788 433 16 18 0.289
987 721 20 27 0.281
63 465 14 18 0.280
191 533 16 21 0.280
872 788 20 25 0.277
798 550 18 24 0.275
869 417 14 18 0.275
2 600 17 23 0.271
293 431 14 17 0.270
506 361 14 18 0.268
893 442 13 17 0.266
1 969 29 45 0.260
397 481 14 18 0.259
946 659 17 58 0.259
291 321 14 18 0.256
392 681 19 23 0.252
412 384 11 15 0.249
363 759 30 28 0.246
16 461 15 19 0.246
924 473 14 18 0.246
96 980 25 30 0.246
654 370 15 16 0.244
109 440 14 17 0.244
388 401 14 17 0.241
377 473 15 20 0.241
880 579 14 20 0.238
994 741 17 23 0.236
822 776 26 24 0.235
83 491 14 17 0.233
157 775 18 23 0.233
908 307 13 14 0.230
146 355 14 17 0.230
849 400 15 18 0.230
733 448 15 19 0.230
806 537 18 26 0.228
520 264 15 18 0.227
345 461 14 18 0.227
314 866 20 26 0.227
301 458 15 19 0.225
588 462 16 21 0.225
355 733 20 45 0.222
811 416 14 19 0.222
146 595 19 22 0.222
167 423 14 17 0.220
799 365 14 17 0.219
71 520 16 20 0.219
309 794 22 37 0.217
775 670 16 21 0.216
167 706 24 26 0.216
40 392 18 20 0.214
213 450 15 19 0.214
675 433 16 17 0.213
828 435 15 20 0.210
536 367 16 20 0.208
887 457 14 27 0.204
584 225 12 14 0.202
728 456 15 18 0.201
922 759 18 28 0.199
48 608 19 63 0.197
36 466 14 20 0.197
825 709 19 26 0.197
265 427 15 19 0.195
943 373 13 19 0.192
357 398 15 34 0.192
430 209 11 15 0.191
287 376 13 17 0.188
183 474 14 18 0.188
812 777 22 25 0.187
224 484 18 21 0.186
937 329 14 17 0.182
703 444 15 20 0.180
973 460 14 18 0.180
609 310 12 14 0.179
801 868 21 27 0.179
136 837 23 28 0.178
973 882 18 55 0.176
954 500 15 18 0.174
106 456 14 22 0.171
170 558 18 59 0.170
165 374 14 18 0.170
92 426 14 16 0.170
222 825 16 20 0.170
208 753 19 75 0.169
685 406 16 33 0.168
312 533 15 18 0.168
246 325 13 17 0.165
863 441 13 18 0.165
613 277 13 18 0.164
654 402 15 18 0.163
763 469 16 26 0.161
721 462 16 18 0.160
449 250 13 16 0.159
365 300 14 16 0.159
891 351 14 16 0.159
726 375 14 18 0.159
785 401 15 20 0.159
652 406 14 17 0.159
104 435 15 21 0.159
720 405 17 19 0.157
343 472 16 40 0.155
791 626 18 25 0.155
825 701 19 23 0.154
165 989 31 39 0.153
559 247 12 17 0.152
689 376 17 26 0.152
345 413 14 17 0.152
910 375 16 19 0.151
973 435 15 19 0.151
566 948 23 30 0.150
912 841 18 66 0.149
355 810 24 67 0.148
952 482 16 17 0.147
294 401 13 17 0.146
23 430 15 17 0.146
324 440 17 20 0.146
891 662 15 81 0.146
224 368 13 16 0.144
107 360 13 17 0.143
95 571 19 44 0.143
759 689 34 30 0.141
513 355 15 20 0.140
396 369 19 29 0.140
2 968 33 89 0.137
629 392 17 18 0.136
911 426 16 19 0.136
45 799 23 30 0.135
231 409 16 29 0.134
430 637 20 28 0.134
980 702 18 24 0.134
65 373 14 18 0.133
792 612 20 24 0.131
806 603 17 23 0.131
763 694 18 23 0.130
159 394 14 19 0.129
941 436 15 19 0.129
188 555 19 25 0.128
140 646 18 22 0.127
359 699 19 39 0.126
705 255 13 16 0.125
856 673 17 20 0.125
972 821 21 55 0.125
409 466 16 20 0.122
101 523 14 22 0.122
429 288 12 16 0.121
75 405 17 21 0.121
801 294 13 15 0.119
175 611 35 25 0.119
258 462 15 18 0.119
64 512 20 21 0.119
964 501 15 17 0.119
71 413 14 17 0.117
658 238 13 15 0.117
809 327 13 16 0.117
53 426 24 20 0.117
177 548 18 57 0.115
922 794 23 29 0.115
939 440 14 19 0.114
136 501 17 22 0.114
765 466 17 22 0.113
756 385 14 20 0.112
107 467 13 17 0.111
829 514 16 21 0.109
764 368 14 16 0.107
851 445 16 35 0.106
376 710 20 25 0.106
871 500 15 17 0.105
407 372 14 82 0.105
851 466 14 19 0.104
984 493 15 17 0.104
398 214 12 14 0.104
432 582 14 18 0.104
948 309 14 15 0.103
968 405 14 17 0.103
259 368 16 16 0.102
188 384 14 21 0.102
425 587 16 24 0.100
160 382 17 20 0.100
109 407 15 19 0.100
851 733 17 20 0.100
317 671 17 22 0.100
398 1078 27 33 0.099
213 369 16 17 0.099
865 435 15 21 0.099
356 690 17 33 0.098
609 231 12 14 0.098
870 385 17 17 0.098
795 796 19 49 0.097
929 393 16 21 0.096
785 961 47 68 0.096
1003 476 13 16 0.095
99 555 17 23 0.095
24 585 25 23 0.094
497 1054 27 36 0.093
732 412 17 21 0.093
196 552 16 22 0.093
412 387 14 20 0.093
945 427 16 18 0.092
36 534 14 16 0.092
171 566 20 30 0.092
175 916 29 126 0.092
904 379 16 18 0.092
998 721 18 23 0.092
820 1005 26 33 0.091
569 274 14 18 0.090
108 329 16 19 0.090
52 350 13 17 0.090
787 866 26 33 0.090
829 1010 26 31 0.090
151 469 15 18 0.089
333 438 16 23 0.088
385 463 19 21 0.088
350 583 17 23 0.088
754 713 18 24 0.088
671 428 17 21 0.087
348 876 18 24 0.087
990 402 16 21 0.087
392 434 20 22 0.087
781 652 15 52 0.085
829 305 12 17 0.084
667 301 15 19 0.083
351 363 22 18 0.083
977 436 18 18 0.083
169 502 16 19 0.082
157 992 25 35 0.081
960 471 15 26 0.080
516 361 48 34 0.080
331 403 15 21 0.080
856 307 12 16 0.079
170 508 15 21 0.079
643 287 18 22 0.078
63 358 16 37 0.078
203 375 18 18 0.078
86 396 19 19 0.077
221 478 18 22 0.077
179 921 26 31 0.077
997 479 17 22 0.075
803 450 18 27 0.075
844 452 16 21 0.075
527 870 24 30 0.074
783 311 15 18 0.074
537 283 15 24 0.073
680 343 15 19 0.073
765 410 25 40 0.073
380 479 16 18 0.073
928 449 17 34 0.073
318 345 17 19 0.072
935 373 19 30 0.072
953 490 30 39 0.071
630 252 13 18 0.071
673 305 14 18 0.071
315 540 63 50 0.071
907 498 13 18 0.070
179 521 18 20 0.070
145 638 16 73 0.070
724 406 19 30 0.070
832 427 16 24 0.070
950 858 22 28 0.070
186 380 17 18 0.069
883 811 16 21 0.069
694 435 25 61 0.069
382 914 21 27 0.069
768 324 14 17 0.068
682 339 16 19 0.068
948 497 15 18 0.068
224 581 19 25 0.068
925 591 18 23 0.068
949 656 26 87 0.068
970 413 16 42 0.068
789 363 23 23 0.067
978 698 16 22 0.067
967 944 29 71 0.067
862 383 19 24 0.066
819 354 15 20 0.066
33 956 30 75 0.066
132 537 19 35 0.065
657 240 14 21 0.065
736 248 15 18 0.065
811 446 18 21 0.065
397 339 14 83 0.064
797 764 17 109 0.064
981 360 13 18 0.064
257 540 16 100 0.064
901 918 21 106 0.064
276 949 24 32 0.063
601 300 21 31 0.063
373 537 18 23 0.063
727 435 22 33 0.063
192 541 17 39 0.062
163 371 21 29 0.062
658 434 15 19 0.062
265 311 14 16 0.062
698 319 15 18 0.062
376 422 17 22 0.062
192 305 13 17 0.061
461 202 12 14 0.060
107 331 14 38 0.060
257 496 16 20 0.060
425 1017 25 34 0.060
736 301 13 16 0.060
976 324 14 19 0.060
984 356 12 17 0.060
559 356 19 31 0.059
248 378 17 43 0.059
261 492 15 19 0.059
427 513 14 20 0.058
118 1002 26 31 0.058
600 340 15 18 0.057
105 945 26 32 0.057
619 243 13 15 0.056
682 272 16 16 0.056
5 522 16 19 0.056
137 625 20 25 0.056
429 1006 27 39 0.056
53 502 17 19 0.056
365 207 11 12 0.055
700 293 14 18 0.055
767 456 17 22 0.055
781 705 18 25 0.055
288 335 15 33 0.055
128 787 21 28 0.055
687 326 16 21 0.054
785 341 13 18 0.054
961 605 17 22 0.054
707 310 16 19 0.054
556 325 17 26 0.054
623 394 14 16 0.054
399 442 14 20 0.054
557 338 14 39 0.053
999 699 19 35 0.053
882 679 18 131 0.053
567 297 21 30 0.052
702 408 19 38 0.052
214 445 20 35 0.052
515 305 13 18 0.052
184 913 26 32 0.052
400 380 25 19 0.051
707 350 17 19 0.051
959 688 19 25 0.051
864 275 12 15 0.050
831 303 14 18 0.050
841 466 18 30 0.050
134 574 17 115 0.050
697 461 19 20 0.050
906 248 10 13 0.049
315 443 21 34 0.049
582 454 25 30 0.049
64 609 20 24 0.049
577 912 20 31 0.049
995 405 17 18 0.048
291 586 25 24 0.047
400 300 16 22 0.047
869 402 17 36 0.047
819 683 21 26 0.047
583 287 16 26 0.047
72 337 13 17 0.047
986 350 15 18 0.047
274 478 14 18 0.047
109 954 26 38 0.047
327 317 15 18 0.046
542 373 23 19 0.046
411 323 15 17 0.045
138 547 18 23 0.045
101 528 17 23 0.045
669 578 23 38 0.045
360 745 41 64 0.045
982 668 17 142 0.045
667 279 15 38 0.045
980 312 13 16 0.045
761 766 19 25 0.045
992 922 24 105 0.044
909 415 15 34 0.044
368 609 19 79 0.044
203 331 14 17 0.044
993 436 15 20 0.044
392 212 21 15 0.043
144 321 13 18 0.043
369 431 17 25 0.043
664 273 19 21 0.043
227 436 22 31 0.043
593 470 15 22 0.043
842 1008 25 31 0.043
882 402 16 141 0.043
18 561 60 78 0.043
2 325 19 18 0.043
945 346 17 20 0.043
102 549 23 23 0.043
306 554 18 24 0.043
865 421 15 47 0.042
444 304 11 16 0.042
302 508 15 136 0.042
794 620 19 83 0.042
141 601 16 21 0.042
446 255 16 31 0.042
891 397 16 23 0.042
229 366 13 123 0.042
323 348 16 38 0.042
508 286 13 17 0.041
568 372 24 17 0.041
926 827 18 143 0.041
290 299 13 63 0.041
864 570 33 49 0.041
8 537 19 78 0.041
331 274 13 17 0.041
171 317 15 19 0.041
760 692 22 92 0.040
19 418 14 42 0.040
774 314 17 31 0.040
267 472 16 32 0.040
430 269 13 18 0.040
502 357 15 19 0.040
521 340 19 33 0.040
582 376 12 14 0.039
549 256 19 36 0.039
334 486 22 22 0.039
376 612 20 24 0.039
964 949 22 30 0.039
898 635 19 23 0.038
64 368 22 35 0.038
930 418 25 30 0.038
47 906 21 28 0.038
371 299 22 22 0.038
700 357 16 25 0.037
199 566 23 26 0.037
773 931 22 30 0.037
247 435 25 19 0.037
306 555 26 85 0.037
85 303 16 19 0.037
125 501 18 20 0.037
189 496 18 22 0.037
72 570 19 24 0.037
436 256 16 39 0.036
562 295 16 36 0.036
353 356 19 140 0.036
336 400 15 19 0.036
193 906 21 29 0.036
108 414 12 102 0.036
856 321 15 33 0.035
-2 818 15 24 0.035
810 353 22 31 0.035
252 619 20 25 0.035
375 563 34 56 0.035
848 327 15 18 0.034
711 520 14 19 0.034
391 1079 24 31 0.034
187 510 20 39 0.033
415 547 16 107 0.033
323 315 17 33 0.033
889 395 11 155 0.033
969 332 19 22 0.032
-1 475 14 18 0.032
25 732 20 147 0.032
100 568 18 24 0.032
361 625 17 162 0.032
849 353 19 31 0.032
991 399 16 43 0.032
993 466 15 60 0.032
260 716 20 130 0.032
948 281 13 62 0.031
349 926 25 32 0.031
615 258 21 36 0.031
836 277 11 15 0.031
622 229 15 34 0.031
246 318 15 42 0.031
69 615 21 23 0.031
864 836 22 28 0.031
392 574 17 32 0.031
101 518 17 21 0.031
142 585 18 159 0.030
840 361 22 20 0.030
664 368 25 39 0.030
0 416 14 18 0.030
996 667 19 27 0.030
319 690 20 32 0.030
869 250 11 14 0.030
692 393 17 35 0.030
402 444 19 20 0.030
569 935 23 35 0.030
312 740 22 27 0.030
25 980 30 38 0.030
2 362 15 17 0.029
858 333 16 36 0.029
153 509 22 22 0.029
820 695 27 22 0.029
926 675 15 172 0.029
399 254 14 16 0.029
738 253 13 17 0.029
260 360 23 42 0.029
873 576 23 29 0.029
881 335 28 39 0.029
797 873 23 31 0.029
645 284 23 37 0.028
-1 596 15 19 0.028
893 918 24 30 0.028
657 603 30 35 0.028
721 301 26 23 0.028
754 420 19 33 0.028
306 516 20 35 0.028
107 565 15 138 0.028
328 343 16 19 0.027
197 398 16 20 0.027
138 534 17 22 0.027
856 381 32 22 0.027
25 363 19 20 0.027
622 302 16 130 0.026
760 895 24 34 0.026
861 268 13 37 0.026
715 348 21 17 0.026
450 995 27 32 0.026
113 380 14 22 0.026
103 218 12 14 0.026
828 378 18 27 0.026
743 393 20 31 0.026
-2 604 17 24 0.026
1012 603 13 28 0.026
526 907 26 34 0.026
586 467 16 24 0.026
614 271 17 21 0.026
394 213 41 14 0.025
863 267 14 28 0.025
546 350 28 43 0.025
89 384 16 34 0.025
43 520 18 25 0.025
152 780 22 35 0.025
67 528 33 126 0.025
826 239 12 16 0.025
687 299 12 154 0.025
405 923 28 35 0.025
881 312 15 19 0.025
404 355 12 157 0.025
510 364 19 18 0.025
215 828 22 26 0.025
184 971 31 38 0.025
833 976 21 28 0.025
301 304 15 19 0.024
247 781 21 27 0.024
765 230 12 15 0.024
623 386 14 19 0.024
746 497 17 21 0.024
407 462 31 46 0.024
327 203 12 15 0.024
156 309 15 19 0.024
238 469 19 25 0.024
965 929 18 25 0.024
840 468 27 20 0.024
640 370 34 90 0.024
998 343 13 18 0.024
782 800 24 30 0.024
71 500 19 48 0.024
184 431 17 19 0.023
25 822 22 28 0.023
820 918 24 30 0.023
317 469 17 26 0.023
366 297 12 151 0.023
227 406 17 39 0.023
987 478 30 20 0.023
48 312 16 31 0.023
380 342 18 19 0.023
97 638 19 24 0.023
187 616 15 162 0.023
74 213 13 17 0.023
453 243 14 21 0.023
198 339 14 19 0.022
11 366 21 16 0.022
619 277 27 31 0.022
13 920 57 136 0.022
103 339 14 38 0.022
171 907 27 37 0.022
266 309 13 32 0.022
146 465 16 18 0.022
338 649 22 23 0.022
781 836 25 34 0.022
400 421 17 60 0.022
331 627 17 22 0.022
122 783 21 25 0.021
768 892 24 42 0.021
45 280 17 35 0.021
822 986 25 34 0.021
351 554 16 33 0.021
832 274 13 39 0.021
249 306 16 34 0.021
163 457 16 20 0.021
339 377 17 30 0.021
88 1046 22 31 0.021
417 560 18 146 0.021
831 950 31 69 0.021
5 386 16 25 0.021
75 438 14 148 0.021
594 463 16 22 0.021
184 742 18 24 0.021
368 293 16 19 0.020
112 294 17 30 0.020
1 441 14 24 0.020
509 270 18 43 0.020
674 272 21 41 0.020
809 867 19 25 0.020
44 307 17 27 0.020
951 431 19 146 0.020
517 317 15 38 0.020
105 512 25 29 0.020
981 736 21 162 0.020
995 867 17 27 0.020
739 1043 20 27 0.020
541 274 25 43 0.020
48 300 16 33 0.020
393 920 30 35 0.020
385 323 14 34 0.020
225 679 19 24 0.020
499 418 46 47 0.019
511 296 13 33 0.019
497 357 29 30 0.019
415 416 15 28 0.019
386 344 15 19 0.019
332 621 15 21 0.019
979 315 15 37 0.019
3 394 15 34 0.019
383 718 17 23 0.019
568 273 23 46 0.019
679 503 16 19 0.019
905 502 16 21 0.019
196 312 18 43 0.019
750 597 19 19 0.019
876 902 20 27 0.019
561 335 16 43 0.019
220 456 21 63 0.019
44 285 15 19 0.019
936 859 24 30 0.019
760 349 16 161 0.019
7 393 18 19 0.019
984 379 16 32 0.019
254 501 17 25 0.019
192 930 22 29 0.019
776 384 21 37 0.018
1007 365 14 19 0.018
1004 845 16 26 0.018
880 318 15 25 0.018
319 358 15 25 0.018
5 438 17 21 0.018
721 311 21 38 0.018
764 885 26 35 0.018
634 330 16 23 0.017
43 604 24 31 0.017
742 390 28 24 0.017
100 473 20 151 0.017
406 507 19 163 0.017
4 495 14 52 0.017
834 375 18 39 0.017
764 328 16 18 0.017
168 354 17 20 0.017
858 921 23 29 0.017
416 329 15 18 0.017
747 400 18 169 0.017
125 233 15 16 0.017
985 864 20 25 0.017
176 899 34 39 0.017
376 461 30 27 0.017
636 336 20 28 0.017
800 359 40 21 0.016
537 282 37 26 0.016
957 466 28 41 0.016
413 743 21 25 0.016
582 908 21 32 0.016
264 683 18 31 0.016
128 398 27 20 0.016
505 1003 32 38 0.016
376 241 14 15 0.016
261 304 22 43 0.016
412 378 14 17 0.016
159 433 16 21 0.016
820 435 14 164 0.016
892 633 17 22 0.016
390 665 18 25 0.016
796 230 13 17 0.016
115 279 15 37 0.016
249 540 17 176 0.016
561 959 26 33 0.016
408 1074 26 33 0.016
315 646 22 167 0.016
588 270 21 20 0.016
849 334 17 41 0.016
54 764 44 156 0.015
175 284 16 20 0.015
354 266 15 18 0.015
334 282 15 18 0.015
413 287 16 42 0.015
871 685 16 192 0.015
769 312 31 35 0.015
105 446 17 45 0.015
974 370 16 27 0.015
218 875 22 28 0.015
562 313 25 42 0.015
184 489 22 35 0.015
793 991 28 38 0.015
189 437 15 160 0.015
399 252 14 37 0.015
339 748 23 27 0.015
767 798 21 30 0.015
692 315 12 169 0.015
190 301 24 25 0.015
217 392 21 165 0.015
944 255 13 14 0.014
342 391 17 172 0.014
365 241 13 113 0.014
996 410 16 31 0.014
873 315 19 39 0.014
995 750 17 24 0.014
318 756 21 30 0.014
786 442 17 84 0.014
788 392 15 166 0.014
791 275 13 15 0.014
105 751 20 25 0.014
21 367 16 20 0.014
977 653 18 20 0.014
753 756 21 27 0.014
943 285 12 157 0.014
734 335 19 36 0.014
142 707 21 26 0.014
312 360 20 34 0.013
869 355 25 35 0.013
695 376 20 67 0.013
752 601 19 22 0.013
257 881 22 30 0.013
790 984 23 35 0.013
803 908 27 34 0.013
399 453 32 29 0.013
881 940 23 27 0.013
71 241 16 20 0.013
757 303 21 41 0.013
901 511 16 19 0.013
491 415 34 41 0.013
201 708 20 25 0.013
266 334 19 36 0.013
932 270 15 20 0.013
963 837 22 28 0.013
766 870 26 35 0.012
649 268 27 24 0.012
931 529 53 160 0.012
955 588 19 31 0.012
395 821 21 26 0.012
137 847 22 30 0.012
808 876 24 31 0.012
503 1046 31 39 0.012
67 657 22 27 0.012
225 292 16 18 0.012
212 994 33 42 0.012
1010 591 16 49 0.012
247 999 30 42 0.012
190 489 17 86 0.012
378 407 15 45 0.012
497 320 15 24 0.012
433 517 17 20 0.012
328 263 24 35 0.012
460 995 27 34 0.012
327 875 20 28 0.012
884 900 19 24 0.012
165 899 24 31 0.012
353 916 26 31 0.012
293 615 23 181 0.011
71 224 17 37 0.011
740 354 24 38 0.011
544 993 27 35 0.011
920 535 43 150 0.011
610 282 49 19 0.011
531 288 20 45 0.011
400 514 21 22 0.011
364 357 16 44 0.011
265 593 15 215 0.011
230 448 51 103 0.011
621 301 23 30 0.011
316 1012 25 33 0.011
532 314 23 37 0.011
10 441 45 62 0.011
502 364 15 18 0.011
203 949 23 35 0.011
949 259 12 14 0.011
949 261 15 21 0.011
405 1086 25 31 0.011
435 311 15 34 0.011
737 320 20 32 0.011
813 909 27 33 0.011
238 875 24 32 0.011
348 880 27 33 0.011
1006 367 14 29 0.010
397 393 34 166 0.010
502 360 64 54 0.010
260 960 24 32 0.010
243 465 31 25 0.010
293 549 15 214 0.010
-2 455 12 20 0.010
650 448 20 33 0.010
442 191 19 137 0.010
50 952 24 30 0.010
653 410 18 95 0.010
869 243 13 17 0.010
986 499 20 34 0.010
623 359 19 23 0.010
948 732 21 24 0.010
945 575 21 20 0.010
