8_Election_Campain_Election_Campaign_8_347
23
215 129 30 44 0.794
754 165 25 37 0.788
922 586 14 17 0.773
23 571 14 20 0.729
1009 572 13 19 0.649
177 565 12 17 0.619
853 574 10 15 0.554
959 585 12 17 0.510
889 577 12 17 0.192
910 592 9 12 0.129
964 579 12 17 0.116
915 588 14 16 0.098
846 574 35 17 0.093
1008 568 12 17 0.057
905 588 11 15 0.057
958 581 11 16 0.052
182 566 9 15 0.048
962 583 13 17 0.038
1001 639 12 14 0.027
473 583 12 16 0.021
470 584 11 14 0.015
478 584 10 15 0.013
178 570 11 16 0.012
