8_Election_Campain_Election_Campaign_8_76
38
412 283 35 39 0.879
842 276 41 49 0.878
612 273 34 44 0.875
512 248 36 48 0.868
780 288 35 42 0.860
151 303 40 45 0.853
684 291 31 39 0.850
344 299 35 40 0.849
641 231 33 43 0.843
20 290 42 51 0.841
445 229 34 43 0.838
70 305 39 50 0.837
710 231 28 35 0.831
255 284 38 48 0.827
712 312 31 38 0.822
553 258 30 39 0.809
357 231 31 36 0.799
298 224 29 37 0.769
392 239 26 31 0.765
204 236 27 31 0.706
578 246 27 34 0.687
191 307 27 37 0.565
606 220 28 35 0.500
703 304 34 42 0.411
273 268 27 35 0.163
1 172 15 19 0.131
265 273 34 44 0.111
986 385 12 16 0.079
704 243 36 48 0.057
515 221 24 28 0.037
45 171 17 19 0.029
329 253 27 33 0.023
329 265 19 22 0.023
515 226 29 47 0.022
985 391 12 14 0.019
328 271 21 31 0.018
254 252 42 40 0.017
963 363 8 10 0.011
