8_Election_Campain_Election_Campaign_8_157
111
0 470 20 34 0.823
268 440 20 26 0.820
163 420 35 47 0.815
218 455 22 28 0.750
326 458 22 38 0.717
804 460 14 17 0.640
1004 445 11 13 0.617
333 431 14 18 0.486
819 452 13 16 0.401
661 442 15 22 0.271
982 447 11 12 0.270
921 445 9 12 0.252
612 460 14 21 0.236
407 456 15 22 0.215
961 450 10 12 0.201
904 443 10 13 0.199
589 452 16 24 0.197
944 454 11 12 0.180
867 446 15 17 0.160
562 461 10 15 0.108
767 445 17 21 0.100
653 439 13 18 0.096
996 431 24 42 0.090
690 455 18 19 0.089
443 455 19 28 0.087
411 452 15 23 0.084
810 454 23 17 0.083
726 419 15 17 0.082
939 440 10 12 0.077
402 460 17 22 0.076
905 447 11 13 0.065
865 453 13 16 0.065
685 454 15 18 0.059
873 445 12 15 0.059
904 443 25 13 0.054
923 271 11 14 0.054
514 287 17 21 0.049
987 300 10 11 0.047
558 458 14 25 0.045
904 450 10 15 0.044
969 451 17 19 0.043
363 429 19 26 0.043
937 453 12 14 0.042
687 449 16 20 0.042
1009 446 10 13 0.041
935 440 15 22 0.041
747 448 11 17 0.039
850 443 19 19 0.038
669 443 17 21 0.038
443 446 18 28 0.038
845 448 14 17 0.038
789 448 12 17 0.037
368 427 17 22 0.037
749 443 15 20 0.035
820 445 13 16 0.035
977 454 16 14 0.035
361 421 22 52 0.033
785 451 15 16 0.033
694 462 15 19 0.032
364 460 21 29 0.031
664 439 14 19 0.031
655 442 16 21 0.030
439 439 19 24 0.030
0 180 7 20 0.027
819 442 11 12 0.027
779 448 16 18 0.027
990 304 10 12 0.026
1018 423 6 11 0.025
947 459 9 11 0.025
829 119 26 34 0.025
501 432 14 20 0.024
974 460 12 13 0.023
617 465 13 19 0.023
768 450 23 20 0.023
213 441 13 19 0.021
680 460 14 17 0.021
849 451 27 19 0.020
940 449 32 18 0.020
961 452 31 14 0.020
614 473 13 19 0.019
716 452 12 16 0.019
822 443 17 20 0.018
356 426 18 25 0.018
962 460 12 12 0.018
344 437 15 21 0.017
350 438 16 22 0.016
921 267 11 16 0.016
748 450 18 19 0.016
1004 340 14 19 0.016
662 451 36 21 0.015
798 301 12 15 0.015
942 419 33 76 0.015
551 441 12 19 0.015
416 440 20 23 0.014
864 460 14 14 0.014
740 443 18 21 0.014
357 462 19 27 0.013
769 447 32 17 0.013
940 436 10 12 0.012
552 479 11 17 0.012
712 453 13 18 0.012
869 440 14 16 0.012
381 464 21 23 0.011
879 317 9 11 0.011
793 444 18 17 0.011
540 444 14 20 0.011
754 439 12 17 0.011
537 446 13 26 0.011
689 442 18 20 0.010
629 424 12 15 0.010
852 435 14 16 0.010
