8_Election_Campain_Election_Campaign_8_84
115
122 544 42 55 0.819
127 485 19 25 0.799
535 515 21 27 0.791
490 191 17 23 0.781
210 510 22 36 0.773
35 528 28 33 0.765
75 505 21 27 0.762
880 507 20 29 0.761
288 501 24 31 0.760
310 496 26 33 0.750
447 186 14 20 0.714
95 504 23 32 0.703
632 204 17 21 0.698
673 247 15 20 0.690
976 490 24 29 0.684
448 538 24 35 0.658
185 488 16 21 0.656
255 430 20 24 0.652
922 598 31 61 0.636
525 177 15 20 0.592
779 489 17 30 0.582
216 481 17 20 0.573
8 530 18 27 0.473
603 215 13 17 0.436
219 464 12 16 0.425
197 459 10 13 0.421
164 465 13 17 0.403
846 484 11 16 0.345
289 420 11 15 0.333
155 447 9 10 0.275
562 180 14 18 0.268
217 466 14 25 0.261
220 452 12 33 0.214
227 444 9 12 0.195
877 739 54 30 0.195
173 473 13 15 0.176
34 411 9 12 0.147
156 449 10 15 0.135
296 499 23 30 0.119
217 454 13 54 0.118
670 271 16 20 0.117
174 381 6 9 0.116
119 48 17 22 0.110
140 405 7 8 0.104
208 439 8 12 0.087
760 743 34 26 0.070
57 418 9 12 0.065
228 431 10 19 0.065
225 437 10 14 0.050
776 486 15 25 0.048
669 252 16 22 0.046
545 200 16 21 0.046
160 414 7 9 0.045
31 411 10 15 0.045
205 426 8 11 0.044
628 210 18 20 0.044
287 430 13 18 0.043
830 466 11 13 0.043
159 461 15 18 0.042
985 486 20 26 0.041
147 515 17 21 0.040
227 423 9 13 0.039
548 192 23 26 0.037
253 433 15 20 0.037
174 377 7 10 0.036
158 448 14 15 0.034
567 186 16 21 0.033
186 429 8 11 0.033
180 437 22 98 0.031
228 420 9 11 0.031
26 414 13 23 0.030
190 460 14 25 0.029
781 484 16 25 0.029
109 40 18 20 0.028
295 433 12 18 0.028
5 729 38 40 0.026
24 430 13 18 0.025
182 417 10 9 0.025
46 415 19 15 0.025
186 416 7 9 0.025
573 187 15 21 0.022
302 435 11 14 0.022
527 182 16 22 0.022
206 423 8 9 0.022
23 422 11 14 0.022
634 210 25 21 0.021
137 408 9 10 0.020
30 408 10 11 0.020
166 402 8 10 0.019
156 87 14 21 0.018
285 436 13 17 0.018
56 414 9 12 0.017
611 219 15 18 0.017
199 425 15 12 0.017
170 462 16 21 0.017
814 644 32 39 0.015
198 422 13 20 0.015
245 443 13 16 0.014
208 464 16 21 0.014
240 456 14 21 0.014
59 484 13 20 0.014
448 530 17 21 0.013
549 178 18 18 0.013
118 412 8 11 0.013
969 454 18 23 0.013
182 415 11 27 0.013
89 471 17 20 0.013
169 415 13 13 0.012
213 484 19 27 0.012
107 35 15 19 0.012
783 478 14 20 0.011
282 502 20 27 0.011
251 426 11 14 0.011
165 399 8 18 0.010
547 183 19 29 0.010
