8_Election_Campain_Election_Campaign_8_118
123
293 167 53 66 0.883
408 211 71 83 0.862
212 189 48 55 0.861
531 297 69 98 0.845
926 489 98 179 0.837
531 169 37 43 0.832
697 248 72 101 0.830
714 375 112 132 0.828
648 202 39 45 0.821
890 331 57 73 0.818
995 238 29 39 0.814
364 176 41 57 0.804
960 273 40 46 0.743
140 192 46 62 0.731
43 193 31 49 0.725
174 213 37 51 0.721
214 280 32 50 0.704
586 164 10 13 0.638
890 230 20 28 0.622
598 198 11 15 0.586
380 194 37 55 0.567
902 199 10 12 0.510
158 201 48 61 0.502
720 195 20 24 0.431
929 194 9 12 0.425
982 202 13 15 0.391
638 193 20 25 0.374
952 198 12 14 0.364
769 182 10 12 0.319
823 230 32 61 0.314
951 226 18 21 0.306
626 167 11 14 0.299
909 250 18 25 0.280
625 163 11 14 0.279
809 213 23 34 0.273
860 187 12 15 0.265
710 186 10 13 0.254
900 193 12 23 0.205
713 190 14 17 0.197
805 183 10 13 0.197
961 225 14 18 0.163
719 193 15 21 0.162
810 213 18 22 0.160
895 249 26 30 0.142
639 161 9 11 0.138
390 204 33 51 0.135
771 183 11 14 0.132
884 251 25 32 0.128
661 162 8 11 0.126
626 160 12 13 0.125
811 224 34 55 0.118
930 195 14 18 0.114
822 183 11 14 0.105
914 187 10 13 0.101
978 196 10 15 0.098
958 196 12 14 0.083
952 196 16 66 0.081
806 168 11 45 0.080
884 194 12 14 0.073
725 192 18 22 0.065
889 244 21 30 0.061
725 173 13 13 0.056
887 185 10 22 0.052
720 170 13 17 0.051
718 171 11 12 0.046
987 203 12 14 0.046
503 199 12 19 0.045
996 319 28 54 0.042
735 183 13 16 0.039
816 176 21 26 0.038
841 178 15 12 0.037
664 163 9 11 0.035
847 180 15 15 0.035
980 197 13 17 0.034
496 195 18 26 0.034
797 163 10 13 0.034
805 167 12 14 0.032
734 178 12 14 0.030
804 166 11 26 0.030
672 165 9 11 0.028
542 117 10 14 0.028
887 184 9 11 0.027
812 153 14 79 0.026
642 162 29 12 0.026
924 185 10 12 0.025
952 201 14 22 0.024
1018 175 6 17 0.024
886 195 16 39 0.023
942 177 10 11 0.022
979 201 12 15 0.022
657 165 11 13 0.020
834 173 9 11 0.020
582 164 11 14 0.020
976 189 11 15 0.019
875 194 14 15 0.019
154 186 38 51 0.018
638 198 24 30 0.017
1017 165 7 36 0.016
500 193 15 19 0.016
729 196 18 22 0.016
664 165 14 13 0.016
70 186 40 56 0.016
589 230 17 24 0.015
608 170 10 12 0.015
936 257 18 25 0.015
868 181 14 13 0.014
719 203 33 31 0.014
949 263 37 42 0.014
944 245 23 30 0.013
764 212 17 21 0.013
92 191 40 51 0.013
943 232 17 21 0.013
806 163 14 77 0.012
832 172 19 22 0.012
758 396 81 107 0.012
388 190 45 52 0.012
938 252 28 31 0.012
803 220 34 49 0.011
714 207 18 25 0.011
823 177 32 13 0.011
963 180 11 14 0.010
285 177 35 53 0.010
711 166 10 15 0.010
