8_Election_Campain_Election_Campaign_8_174
507
897 507 61 70 0.880
8 482 44 54 0.879
622 506 41 49 0.877
69 472 44 51 0.868
296 490 44 51 0.865
200 478 37 44 0.861
584 457 41 45 0.855
129 414 35 43 0.853
850 386 19 22 0.853
267 454 30 38 0.845
821 581 84 102 0.844
387 541 70 83 0.842
952 467 41 49 0.841
877 461 39 46 0.840
738 486 61 66 0.836
167 527 74 75 0.836
727 399 17 20 0.816
666 596 71 70 0.814
692 399 19 23 0.805
823 440 31 39 0.799
169 455 33 42 0.791
431 505 46 59 0.778
207 435 33 39 0.766
309 441 33 35 0.766
741 443 37 38 0.762
929 418 30 41 0.761
344 393 15 19 0.761
989 334 13 14 0.754
579 415 31 32 0.737
454 450 39 45 0.736
855 307 10 13 0.735
1010 363 14 19 0.735
432 382 18 22 0.730
46 447 33 37 0.718
981 406 21 26 0.715
954 417 25 33 0.713
182 350 9 12 0.711
668 459 25 36 0.701
612 418 20 26 0.699
999 386 18 22 0.697
163 611 91 67 0.690
971 338 10 13 0.682
934 339 19 21 0.675
334 378 14 15 0.673
656 420 23 29 0.671
579 343 10 14 0.667
722 437 19 24 0.663
626 380 14 16 0.661
543 373 15 18 0.655
242 419 22 26 0.649
889 392 17 22 0.648
34 387 21 27 0.644
148 390 18 23 0.644
92 396 21 26 0.644
787 462 29 35 0.640
1002 437 22 41 0.638
493 332 11 14 0.638
760 411 23 23 0.636
614 359 12 16 0.634
796 397 20 24 0.634
171 373 15 17 0.630
566 382 14 16 0.627
214 403 21 25 0.627
441 327 8 10 0.626
50 423 23 27 0.619
320 476 35 43 0.613
162 348 9 12 0.613
503 345 29 35 0.609
728 342 9 10 0.603
226 382 15 19 0.593
444 416 21 22 0.581
115 341 13 16 0.578
771 381 17 21 0.578
807 415 18 21 0.578
433 450 29 35 0.574
570 378 20 17 0.573
675 384 15 17 0.567
420 427 27 36 0.565
640 340 11 14 0.564
666 338 9 11 0.563
442 621 77 52 0.558
755 372 14 19 0.556
931 397 23 25 0.549
280 373 12 14 0.545
494 380 14 18 0.539
127 376 12 14 0.530
474 370 11 15 0.524
874 379 13 17 0.517
391 401 21 23 0.516
896 338 11 13 0.506
53 410 20 20 0.504
598 381 13 15 0.499
980 291 10 11 0.485
168 424 29 33 0.479
409 325 9 10 0.473
654 398 20 21 0.468
185 367 12 15 0.462
260 421 26 31 0.461
94 358 10 13 0.453
452 333 9 13 0.433
360 379 11 15 0.431
176 400 17 21 0.427
642 382 15 17 0.423
457 381 15 17 0.419
397 399 18 20 0.418
872 389 12 18 0.418
995 296 10 11 0.414
579 375 14 18 0.412
704 373 11 13 0.410
220 370 10 11 0.405
468 309 9 11 0.399
942 297 9 10 0.397
1015 300 8 11 0.393
890 339 12 13 0.391
156 333 7 9 0.370
303 416 22 26 0.365
914 345 12 14 0.357
297 376 13 16 0.353
916 395 16 19 0.337
77 396 14 16 0.333
309 412 24 25 0.331
929 298 9 10 0.322
493 598 61 66 0.320
286 402 19 21 0.318
684 326 9 11 0.306
919 319 9 11 0.304
227 355 9 11 0.304
799 376 15 15 0.304
87 448 25 29 0.302
210 405 27 47 0.296
832 372 12 15 0.295
373 324 9 10 0.291
482 357 12 13 0.291
356 332 8 9 0.289
592 365 11 13 0.289
623 345 10 12 0.284
390 325 8 10 0.282
285 424 23 25 0.282
2 374 9 15 0.275
53 446 54 30 0.273
936 298 12 11 0.264
474 364 13 17 0.261
480 355 10 13 0.258
558 358 12 14 0.256
442 328 12 11 0.251
302 339 7 9 0.251
740 370 12 15 0.246
964 299 9 10 0.238
676 363 10 13 0.234
657 377 13 15 0.233
271 359 10 12 0.231
118 401 18 20 0.228
293 384 17 19 0.222
332 365 14 39 0.220
222 375 15 19 0.217
606 299 8 10 0.202
923 299 14 10 0.201
2 395 7 19 0.201
1 378 9 23 0.199
664 432 23 63 0.199
410 372 12 14 0.198
422 386 18 20 0.198
543 358 12 15 0.197
794 373 13 15 0.197
968 406 34 31 0.196
498 331 36 59 0.190
745 314 9 10 0.190
13 370 11 14 0.190
633 343 16 13 0.186
871 374 14 16 0.186
255 379 14 16 0.174
833 401 12 14 0.174
712 367 16 14 0.169
53 347 9 12 0.166
665 380 21 17 0.159
351 384 14 19 0.159
404 326 15 10 0.158
464 371 16 16 0.158
819 380 15 14 0.158
255 364 10 18 0.157
994 393 23 24 0.155
403 373 12 13 0.153
715 366 11 11 0.151
488 373 20 21 0.151
727 373 12 14 0.148
756 314 8 10 0.147
508 309 8 8 0.146
720 314 7 8 0.146
828 377 12 13 0.145
158 372 13 15 0.144
760 442 25 29 0.141
316 408 20 24 0.141
987 293 13 11 0.140
660 396 21 21 0.140
1002 359 18 57 0.135
648 378 21 17 0.135
670 368 14 16 0.131
827 425 22 26 0.131
290 416 21 29 0.129
421 402 16 20 0.127
614 399 16 18 0.124
902 301 8 9 0.121
1008 445 16 50 0.121
768 364 12 14 0.120
290 356 10 13 0.119
389 409 19 24 0.118
191 333 8 9 0.117
253 366 10 12 0.117
643 386 29 22 0.114
936 415 36 42 0.114
711 438 24 31 0.112
272 361 13 16 0.112
189 369 11 15 0.110
720 373 14 15 0.110
905 314 9 11 0.109
171 407 22 29 0.108
749 462 64 65 0.106
530 366 15 20 0.106
227 342 9 10 0.104
540 362 16 28 0.104
993 375 17 22 0.104
967 318 10 11 0.103
406 369 12 20 0.102
306 371 13 17 0.101
742 364 11 12 0.100
218 390 20 23 0.100
668 338 11 13 0.099
351 372 10 13 0.099
525 316 8 11 0.098
150 382 16 22 0.097
283 398 18 21 0.097
828 418 20 23 0.096
897 311 11 60 0.096
26 368 16 19 0.096
1010 409 13 17 0.095
543 347 16 64 0.094
657 322 10 12 0.093
628 380 35 18 0.092
755 401 19 23 0.092
573 376 37 19 0.092
970 296 12 13 0.090
231 337 8 11 0.089
318 327 8 9 0.088
415 346 9 10 0.088
454 370 14 16 0.088
299 374 18 20 0.087
614 346 13 36 0.087
798 369 21 77 0.087
35 333 9 9 0.087
818 382 11 13 0.086
283 407 21 24 0.085
487 358 12 14 0.081
476 344 10 25 0.080
214 369 13 14 0.080
301 334 10 21 0.078
868 367 10 13 0.078
361 328 10 10 0.078
336 358 9 11 0.078
222 341 9 59 0.077
224 368 12 36 0.076
673 359 12 14 0.075
129 387 18 21 0.073
65 446 27 32 0.072
990 380 19 23 0.070
420 389 13 18 0.070
79 455 35 45 0.069
34 362 16 15 0.069
355 323 15 21 0.069
620 358 14 86 0.069
703 367 30 24 0.069
269 346 8 10 0.069
37 359 13 13 0.068
569 333 22 42 0.068
183 323 10 66 0.068
618 368 16 18 0.067
693 375 18 15 0.067
478 351 11 14 0.067
420 435 33 40 0.066
256 354 12 24 0.065
571 342 20 23 0.064
316 376 19 17 0.064
89 378 15 18 0.063
152 373 41 24 0.062
137 391 24 27 0.062
546 359 16 34 0.061
184 340 13 12 0.060
447 421 21 25 0.060
1005 396 17 28 0.058
843 387 69 23 0.057
452 327 9 11 0.057
569 343 12 16 0.057
754 395 14 16 0.057
69 340 8 10 0.056
189 332 11 19 0.056
789 372 13 14 0.055
614 368 29 34 0.055
281 342 15 74 0.054
93 375 14 17 0.054
785 463 21 26 0.054
182 352 12 25 0.053
761 364 21 17 0.053
244 350 10 12 0.052
790 313 7 9 0.051
835 374 14 16 0.051
728 344 10 13 0.051
522 311 10 20 0.050
304 653 30 29 0.050
228 335 9 28 0.050
166 390 19 20 0.049
566 424 28 34 0.049
153 374 13 23 0.049
424 324 9 13 0.049
473 331 11 14 0.049
276 352 19 22 0.048
581 303 12 99 0.048
238 403 17 19 0.048
77 389 24 26 0.047
0 372 22 18 0.047
156 502 44 58 0.046
383 376 14 17 0.046
134 378 20 21 0.046
62 342 14 11 0.045
784 312 9 10 0.045
758 314 10 11 0.044
760 363 14 14 0.043
819 373 28 20 0.042
43 378 18 24 0.042
907 300 10 10 0.041
865 358 10 14 0.041
253 402 20 20 0.041
453 354 36 55 0.041
93 365 12 16 0.040
412 393 20 20 0.040
762 314 11 9 0.040
785 366 18 20 0.039
601 399 19 21 0.039
44 330 15 26 0.038
943 296 23 11 0.037
826 402 19 20 0.037
877 373 13 16 0.037
57 446 24 29 0.036
903 301 25 12 0.035
965 296 24 11 0.035
497 347 23 31 0.035
658 320 9 10 0.034
187 390 18 26 0.034
324 403 18 20 0.034
371 373 13 15 0.034
401 324 12 11 0.034
514 348 24 29 0.033
289 350 16 101 0.033
207 347 9 17 0.033
819 377 19 13 0.033
408 321 9 12 0.032
812 363 38 41 0.032
562 473 26 34 0.032
463 340 13 19 0.032
318 382 15 16 0.032
1017 338 8 15 0.032
270 358 31 11 0.030
768 314 8 9 0.030
158 334 8 11 0.030
313 321 11 24 0.030
288 354 8 10 0.030
606 289 8 35 0.029
313 327 9 9 0.029
701 446 23 25 0.029
357 329 10 9 0.029
379 373 13 17 0.029
160 317 22 73 0.029
965 322 12 14 0.029
562 424 18 25 0.028
317 320 11 25 0.028
-2 353 29 56 0.028
307 346 14 26 0.028
134 367 13 15 0.028
272 402 21 21 0.028
1008 463 16 49 0.028
701 458 28 38 0.028
124 338 12 12 0.027
699 473 31 38 0.027
6 340 7 11 0.027
950 412 24 29 0.027
299 384 16 17 0.027
449 324 10 13 0.026
464 347 13 18 0.026
222 330 15 104 0.026
348 397 15 20 0.025
154 337 35 93 0.025
218 337 10 10 0.025
499 356 26 28 0.025
940 340 20 20 0.025
124 369 12 16 0.024
234 424 21 27 0.024
565 345 27 78 0.024
203 373 17 14 0.024
907 292 19 28 0.024
772 360 11 12 0.024
148 336 12 18 0.023
446 333 11 20 0.023
512 315 25 11 0.023
239 393 17 21 0.023
451 349 12 22 0.023
203 342 11 20 0.022
816 348 31 98 0.022
55 353 12 16 0.021
243 348 14 26 0.021
892 396 22 22 0.021
47 336 10 11 0.021
288 347 9 19 0.021
905 381 16 21 0.021
914 324 12 23 0.021
359 319 31 25 0.021
364 383 15 18 0.021
211 335 11 9 0.020
48 364 20 17 0.020
684 450 23 27 0.020
230 410 21 25 0.020
80 380 17 19 0.020
668 357 43 91 0.020
303 352 21 17 0.020
524 318 9 13 0.020
29 351 16 25 0.019
986 369 17 20 0.019
387 322 8 10 0.019
983 461 22 37 0.019
634 363 12 14 0.019
62 363 17 18 0.019
316 364 16 25 0.019
616 361 24 19 0.018
45 453 22 27 0.018
386 382 18 26 0.018
568 420 18 24 0.017
839 375 17 26 0.017
263 384 18 17 0.017
41 350 19 62 0.017
159 341 30 30 0.017
882 398 18 23 0.016
635 366 13 17 0.016
561 436 20 25 0.016
235 333 8 11 0.016
118 404 26 31 0.016
298 406 22 26 0.016
236 350 28 22 0.016
384 349 10 12 0.016
565 375 30 24 0.016
258 342 12 23 0.016
466 385 15 18 0.015
238 444 14 21 0.015
50 332 10 37 0.015
76 364 18 21 0.015
780 313 17 10 0.015
900 296 11 10 0.015
946 110 9 12 0.015
87 405 21 25 0.015
512 611 46 71 0.015
593 418 24 29 0.015
758 315 24 8 0.015
546 380 17 17 0.015
400 339 13 19 0.015
315 345 14 29 0.014
956 349 10 16 0.014
76 410 18 22 0.014
227 351 12 24 0.014
731 440 37 33 0.014
466 404 16 19 0.014
439 325 11 15 0.014
0 469 7 30 0.014
919 260 33 89 0.014
392 324 27 10 0.014
540 352 11 12 0.014
181 431 21 26 0.014
552 350 13 14 0.014
652 321 9 10 0.013
84 409 19 28 0.013
646 399 19 19 0.013
316 335 14 29 0.013
719 383 18 20 0.013
1009 357 13 18 0.013
797 375 21 25 0.013
356 351 10 22 0.013
6 384 18 21 0.013
343 331 12 22 0.013
52 344 29 11 0.013
0 404 8 25 0.013
685 323 7 10 0.013
491 326 10 12 0.013
885 343 11 14 0.012
471 407 17 21 0.012
833 366 10 11 0.012
674 457 23 29 0.012
436 434 30 44 0.012
19 329 10 18 0.011
429 367 20 16 0.011
249 375 52 65 0.011
0 399 11 23 0.011
592 379 15 17 0.011
444 319 16 39 0.011
263 321 33 113 0.011
84 328 22 112 0.011
454 376 22 25 0.011
493 383 21 21 0.010
694 362 10 13 0.010
835 443 32 37 0.010
334 476 29 48 0.010
399 368 14 17 0.010
348 327 10 11 0.010
