8_Election_Campain_Election_Campaign_8_252
307
138 450 87 98 0.889
294 442 50 67 0.859
876 312 16 18 0.854
885 333 19 22 0.799
491 378 28 34 0.786
789 335 17 20 0.756
413 392 25 32 0.738
853 301 15 18 0.733
87 452 18 25 0.725
825 349 19 31 0.713
754 335 14 16 0.713
366 389 26 30 0.702
668 348 18 21 0.699
109 422 14 17 0.689
896 296 16 19 0.686
988 287 19 24 0.597
844 327 20 24 0.588
648 360 19 25 0.588
76 424 16 21 0.513
180 409 10 12 0.457
921 309 27 34 0.453
675 375 15 18 0.429
116 402 9 11 0.416
952 313 14 22 0.416
607 365 19 23 0.398
37 423 15 21 0.388
574 355 16 22 0.386
705 355 13 17 0.337
976 297 15 18 0.335
713 378 15 22 0.316
725 347 18 23 0.310
233 389 12 15 0.308
308 413 17 21 0.284
911 304 14 18 0.280
712 322 12 15 0.258
160 394 10 11 0.258
1009 271 12 16 0.256
35 427 19 28 0.253
316 389 12 15 0.251
578 395 23 36 0.246
677 343 16 21 0.243
788 362 14 16 0.241
729 344 17 21 0.233
348 388 20 25 0.225
660 320 12 17 0.212
260 387 10 11 0.208
283 393 13 15 0.207
347 389 13 20 0.207
706 351 18 21 0.207
825 297 10 13 0.204
710 296 16 17 0.199
226 381 8 11 0.190
207 401 9 12 0.187
872 309 15 18 0.184
542 348 12 16 0.183
880 311 19 42 0.179
829 338 24 38 0.178
709 316 12 16 0.172
111 408 12 39 0.168
867 295 10 13 0.165
294 377 9 10 0.151
139 392 12 12 0.150
108 403 18 12 0.144
971 295 25 24 0.143
464 375 15 18 0.138
661 351 22 26 0.137
39 433 22 32 0.134
98 409 10 12 0.126
985 321 17 22 0.126
757 327 15 20 0.120
711 311 14 33 0.111
681 337 13 18 0.109
228 381 12 19 0.109
940 291 9 12 0.106
496 344 13 15 0.104
765 324 13 16 0.100
378 369 10 14 0.100
374 369 17 19 0.098
747 310 11 15 0.096
41 420 11 16 0.093
744 300 11 22 0.092
288 381 12 15 0.092
370 434 22 31 0.092
954 305 12 17 0.090
629 342 16 20 0.090
438 390 17 23 0.084
63 473 17 28 0.082
342 391 13 19 0.081
684 333 10 15 0.080
768 317 13 16 0.080
558 367 15 17 0.080
680 372 15 21 0.077
736 331 11 14 0.075
848 287 17 73 0.074
952 287 17 65 0.074
650 339 20 19 0.072
690 359 13 18 0.072
212 399 15 17 0.071
456 365 17 18 0.071
225 379 8 9 0.070
657 312 12 19 0.069
650 346 34 39 0.068
134 392 16 15 0.068
266 397 11 14 0.066
437 372 13 16 0.066
738 332 15 16 0.065
912 299 12 16 0.065
263 390 15 15 0.065
844 311 19 22 0.064
713 347 22 60 0.064
777 295 13 14 0.064
79 415 15 20 0.063
227 387 19 15 0.062
529 335 10 12 0.062
426 395 21 27 0.062
605 362 15 19 0.061
772 401 29 44 0.061
721 375 19 24 0.061
522 475 22 59 0.060
282 387 20 23 0.059
841 277 11 14 0.059
290 378 11 14 0.059
180 387 11 11 0.059
773 295 13 14 0.058
455 356 13 15 0.058
309 377 13 22 0.058
495 340 12 15 0.056
1012 311 12 23 0.056
119 400 11 16 0.056
818 296 19 17 0.055
890 264 28 96 0.054
930 294 20 27 0.054
727 311 10 13 0.054
529 334 11 24 0.053
688 352 17 19 0.053
445 392 16 21 0.053
749 313 12 15 0.052
538 342 13 17 0.052
80 414 11 14 0.051
243 388 12 13 0.051
991 273 28 38 0.050
661 303 10 13 0.050
610 360 19 22 0.049
829 295 11 14 0.049
645 331 12 15 0.048
957 299 17 21 0.047
285 367 14 58 0.047
226 393 18 21 0.046
295 394 15 16 0.044
442 375 14 19 0.044
1005 321 16 27 0.043
553 369 15 18 0.042
949 321 19 22 0.041
728 306 13 16 0.041
201 415 12 15 0.040
197 413 11 13 0.040
494 337 11 12 0.040
666 344 51 28 0.040
340 399 15 19 0.039
182 390 19 12 0.038
841 285 10 14 0.037
305 369 11 20 0.037
705 349 14 17 0.037
699 300 11 15 0.036
522 347 12 16 0.036
453 383 17 20 0.035
375 364 12 18 0.035
806 324 14 17 0.035
651 318 10 14 0.035
244 397 12 15 0.034
117 397 9 12 0.034
263 381 13 21 0.034
655 301 10 12 0.034
745 299 10 13 0.034
714 320 31 74 0.033
490 334 10 12 0.033
787 301 12 15 0.033
350 381 12 18 0.032
492 349 14 17 0.032
774 292 13 35 0.032
219 382 16 28 0.032
311 357 16 94 0.032
714 364 20 28 0.032
518 352 12 14 0.031
366 437 17 24 0.031
376 353 10 20 0.030
400 347 11 14 0.030
127 390 10 10 0.030
228 377 9 12 0.029
872 318 17 24 0.029
169 384 12 19 0.028
876 333 18 22 0.028
260 385 20 12 0.028
191 396 17 24 0.028
621 355 20 24 0.028
664 302 9 11 0.028
834 285 18 19 0.028
638 336 19 26 0.028
705 332 19 95 0.027
207 402 13 17 0.027
169 410 15 14 0.027
953 399 42 34 0.027
103 399 12 16 0.026
258 405 18 16 0.026
573 350 12 15 0.025
771 291 13 26 0.025
560 369 19 21 0.025
953 298 11 32 0.025
850 333 22 25 0.025
918 290 13 20 0.025
585 395 19 27 0.025
638 346 23 24 0.024
453 351 14 25 0.024
187 380 14 23 0.023
318 421 23 27 0.023
447 363 19 23 0.023
971 303 16 20 0.023
936 292 14 16 0.023
457 361 18 31 0.023
540 388 17 22 0.023
313 393 18 28 0.023
354 369 11 14 0.022
513 338 10 11 0.022
950 289 16 16 0.022
403 361 12 21 0.022
257 409 15 17 0.022
292 417 18 27 0.022
499 367 19 23 0.022
1009 281 15 20 0.022
47 444 15 20 0.022
810 325 14 18 0.022
308 403 22 35 0.022
652 303 10 13 0.021
180 355 11 107 0.021
655 302 15 16 0.021
1009 315 15 30 0.021
438 365 22 38 0.021
366 359 11 13 0.021
375 430 23 30 0.020
471 345 15 15 0.020
367 453 23 43 0.020
872 260 22 104 0.019
373 356 23 37 0.019
36 444 22 25 0.019
323 399 34 25 0.019
188 387 22 28 0.019
340 381 13 17 0.018
236 403 24 17 0.018
615 371 18 24 0.018
955 288 12 26 0.018
768 347 15 18 0.018
718 343 18 21 0.017
994 311 19 26 0.017
896 307 17 17 0.017
245 407 13 16 0.016
179 381 16 29 0.016
209 411 16 19 0.016
956 283 9 14 0.016
422 346 12 25 0.016
63 431 15 19 0.016
494 315 18 71 0.015
2 451 15 34 0.015
423 361 16 24 0.015
4 473 24 40 0.015
372 350 10 13 0.015
528 362 15 17 0.015
706 294 15 15 0.014
786 296 11 14 0.014
123 387 9 10 0.014
726 351 20 49 0.014
483 331 12 15 0.014
141 410 12 14 0.014
359 360 14 22 0.013
535 359 14 17 0.013
695 307 14 15 0.013
72 417 18 25 0.013
96 396 9 14 0.013
779 353 18 26 0.013
444 340 11 19 0.013
1013 347 11 37 0.013
959 255 7 9 0.013
435 388 21 47 0.012
977 320 19 26 0.012
401 348 11 23 0.012
493 342 18 23 0.012
589 23 10 9 0.012
101 477 20 29 0.012
487 357 18 20 0.012
767 357 16 19 0.012
422 347 9 17 0.012
274 367 9 22 0.012
33 435 18 25 0.012
921 287 10 12 0.012
371 350 14 27 0.012
488 375 23 28 0.011
461 135 17 19 0.011
457 330 17 70 0.011
786 359 19 25 0.011
956 329 17 18 0.011
447 430 17 25 0.011
512 335 16 26 0.011
435 333 27 98 0.010
356 365 22 13 0.010
2 447 16 72 0.010
441 338 11 24 0.010
0 456 12 26 0.010
822 345 17 24 0.010
