8_Election_Campain_Election_Campaign_8_218
42
843 253 101 125 0.881
602 340 48 53 0.852
176 382 81 94 0.849
119 282 51 68 0.832
431 321 59 72 0.826
670 550 62 71 0.819
692 330 48 65 0.814
289 332 72 89 0.802
536 339 51 60 0.793
399 334 35 45 0.710
156 336 44 57 0.697
790 253 58 72 0.664
76 330 58 71 0.585
277 283 59 70 0.571
409 326 61 64 0.417
253 379 28 35 0.397
464 328 40 59 0.336
257 384 19 23 0.213
256 404 38 48 0.112
0 266 49 81 0.088
241 372 40 52 0.072
809 324 43 48 0.063
239 390 62 72 0.053
0 341 20 57 0.052
20 300 80 90 0.040
0 289 44 88 0.038
240 309 35 43 0.036
257 391 20 26 0.031
260 377 19 24 0.025
579 343 25 35 0.025
0 281 28 76 0.021
0 422 25 82 0.017
477 341 26 44 0.017
494 356 17 24 0.015
270 363 13 20 0.013
241 312 17 23 0.013
253 383 35 47 0.012
585 341 30 39 0.012
1 264 36 57 0.012
48 301 81 96 0.012
255 304 33 84 0.011
0 387 41 112 0.011
