8_Election_Campain_Election_Campaign_8_452
37
423 388 51 65 0.887
785 325 90 97 0.856
645 294 69 77 0.853
972 391 50 72 0.844
364 403 39 59 0.837
74 447 47 51 0.780
152 449 42 49 0.780
242 415 41 52 0.753
600 355 40 55 0.561
9 490 36 40 0.271
65 460 21 27 0.255
66 461 14 19 0.115
1 414 19 47 0.109
764 326 43 61 0.090
61 464 12 18 0.055
68 451 25 32 0.039
354 417 25 41 0.038
759 337 30 43 0.035
78 517 34 42 0.035
65 493 23 30 0.034
720 353 27 37 0.033
730 354 26 37 0.032
59 461 9 14 0.029
65 496 15 19 0.029
71 501 26 34 0.024
72 486 38 42 0.018
75 512 28 33 0.018
748 366 13 20 0.018
149 478 17 23 0.017
612 357 39 49 0.015
6 428 28 35 0.014
206 454 28 34 0.013
0 471 33 57 0.012
773 315 66 78 0.012
765 342 22 27 0.012
149 462 33 45 0.011
752 370 9 13 0.010
