8_Election_Campain_Election_Campaign_8_498
60
573 141 69 80 0.882
349 144 55 83 0.881
924 251 100 177 0.881
686 40 124 157 0.878
71 122 91 111 0.859
482 175 48 66 0.843
539 158 41 57 0.800
201 179 61 74 0.795
398 143 46 67 0.789
774 135 58 83 0.786
885 207 42 53 0.768
260 136 88 109 0.732
652 139 33 43 0.607
964 173 54 66 0.534
850 208 34 42 0.532
446 168 29 45 0.503
224 130 36 48 0.419
28 179 53 64 0.415
899 169 31 32 0.260
979 154 46 70 0.199
533 139 30 35 0.188
174 169 16 25 0.161
994 148 30 56 0.158
887 171 26 26 0.124
418 152 48 54 0.115
14 168 57 65 0.102
3 167 33 58 0.081
306 113 45 52 0.078
323 117 40 55 0.072
893 178 39 49 0.063
658 145 24 29 0.052
911 171 23 26 0.052
538 140 36 54 0.045
636 132 50 68 0.042
35 202 49 57 0.032
456 162 18 26 0.032
884 168 21 24 0.030
181 170 15 21 0.030
224 122 59 71 0.026
456 167 30 53 0.026
230 128 20 26 0.025
662 150 52 60 0.023
171 177 18 25 0.021
296 121 61 76 0.020
0 356 17 74 0.018
339 128 20 25 0.018
669 92 21 53 0.017
906 167 22 25 0.016
551 141 51 64 0.015
432 160 27 49 0.013
328 121 24 30 0.012
2 159 26 51 0.012
168 154 18 30 0.011
452 170 21 28 0.011
523 163 16 24 0.011
0 -3 32 28 0.011
484 152 38 53 0.011
350 126 48 66 0.011
493 158 59 75 0.011
922 170 16 21 0.010
