8_Election_Campain_Election_Campaign_8_148
254
585 188 43 54 0.882
242 380 101 122 0.877
1 211 69 93 0.874
314 272 78 97 0.874
814 288 66 74 0.874
963 296 63 74 0.873
572 321 72 81 0.870
742 266 55 63 0.865
427 290 86 112 0.854
506 213 53 64 0.846
675 258 56 66 0.824
0 381 65 126 0.816
903 580 100 140 0.815
508 285 59 87 0.805
722 447 99 138 0.805
373 243 55 77 0.792
427 231 59 66 0.787
372 123 16 21 0.786
622 355 93 109 0.784
886 425 75 80 0.783
614 135 16 19 0.781
868 485 77 112 0.778
481 111 17 22 0.768
510 153 18 24 0.768
995 143 17 22 0.761
478 149 28 35 0.760
129 86 25 31 0.750
8 9 13 16 0.747
752 101 12 14 0.729
195 115 25 31 0.719
100 208 56 58 0.719
552 122 15 19 0.709
323 101 19 26 0.707
754 217 29 35 0.694
566 151 19 22 0.694
212 56 10 12 0.673
807 98 12 14 0.644
114 23 13 16 0.641
724 131 19 22 0.627
274 66 11 14 0.622
231 53 10 12 0.613
37 12 12 14 0.611
170 96 20 24 0.599
483 87 11 12 0.591
299 70 11 14 0.586
781 101 11 14 0.578
557 76 8 10 0.571
661 109 10 13 0.571
701 100 11 12 0.554
800 125 12 15 0.504
764 117 12 17 0.495
637 180 23 28 0.488
593 107 10 11 0.460
688 122 13 15 0.457
682 87 9 11 0.455
605 88 9 11 0.455
552 102 10 12 0.453
219 102 19 24 0.451
506 96 8 11 0.436
650 87 9 10 0.427
793 158 15 22 0.425
230 301 76 88 0.420
845 123 16 19 0.372
244 87 15 17 0.361
621 88 7 9 0.355
154 269 50 69 0.343
888 125 20 22 0.335
267 77 11 16 0.319
705 124 13 16 0.318
603 157 18 22 0.310
891 253 34 52 0.294
61 205 73 80 0.292
840 125 17 21 0.286
34 48 12 16 0.279
836 130 16 20 0.258
290 37 8 9 0.254
587 91 8 11 0.228
223 107 20 23 0.227
874 156 25 29 0.226
622 95 10 13 0.210
931 135 21 27 0.209
562 152 36 23 0.199
92 14 10 13 0.194
626 100 10 12 0.194
927 140 23 35 0.183
707 124 16 21 0.183
685 123 31 15 0.177
1008 413 16 65 0.166
221 0 9 6 0.158
659 149 14 18 0.157
824 110 14 16 0.150
680 119 24 16 0.135
640 82 9 11 0.126
613 87 14 12 0.122
649 82 10 21 0.119
180 96 17 23 0.118
231 336 101 135 0.117
1008 142 15 21 0.111
0 10 43 14 0.109
294 18 8 9 0.108
930 172 22 36 0.104
274 54 19 37 0.097
153 10 13 14 0.095
852 123 13 17 0.093
130 90 57 30 0.090
983 671 42 86 0.086
0 66 8 30 0.086
382 182 15 20 0.085
684 93 10 13 0.078
71 28 10 15 0.077
192 11 7 10 0.077
320 37 7 11 0.074
322 95 17 22 0.073
594 80 10 58 0.073
709 116 13 17 0.071
1014 143 10 20 0.067
922 153 20 35 0.065
518 71 9 12 0.065
937 187 17 26 0.065
500 156 22 27 0.062
147 13 12 13 0.061
677 87 10 13 0.061
556 51 7 78 0.061
221 26 8 10 0.060
751 175 19 26 0.059
984 214 35 52 0.058
180 43 9 12 0.058
307 62 10 11 0.058
158 12 14 14 0.055
587 87 11 11 0.054
578 87 9 10 0.054
25 54 12 15 0.053
756 89 16 48 0.053
942 137 19 25 0.052
143 16 10 11 0.051
0 61 6 27 0.051
897 126 17 20 0.050
312 63 9 13 0.049
39 125 17 22 0.047
636 189 21 26 0.047
169 18 9 12 0.043
476 113 16 21 0.042
189 56 12 14 0.042
996 178 18 28 0.040
258 52 9 13 0.038
63 128 18 21 0.038
221 0 10 10 0.037
340 43 10 12 0.036
289 17 8 46 0.035
554 115 13 19 0.035
724 110 15 18 0.034
535 77 11 14 0.033
490 62 10 20 0.033
280 68 11 15 0.032
521 71 9 10 0.030
626 105 11 13 0.030
704 164 14 20 0.030
0 363 69 94 0.030
885 116 17 25 0.030
151 8 12 12 0.029
188 48 13 20 0.029
675 59 18 75 0.028
0 51 6 29 0.028
492 64 7 8 0.028
585 99 11 19 0.028
0 522 20 96 0.027
996 188 25 64 0.027
505 96 13 16 0.027
332 255 79 99 0.026
773 124 15 17 0.026
802 67 12 95 0.025
251 87 15 19 0.025
569 156 20 28 0.025
819 124 15 22 0.025
159 7 11 13 0.025
820 132 12 17 0.024
726 106 11 16 0.024
696 63 18 104 0.023
187 76 14 17 0.023
810 92 12 15 0.023
216 96 15 19 0.023
671 332 85 91 0.022
0 74 6 24 0.022
573 89 10 12 0.021
342 174 17 21 0.021
155 15 11 12 0.021
722 106 12 15 0.021
514 71 17 11 0.021
729 129 16 20 0.020
310 27 10 12 0.020
980 231 37 47 0.020
630 98 13 16 0.020
864 153 28 31 0.019
513 122 13 16 0.019
185 63 12 15 0.019
147 94 20 23 0.019
876 265 37 46 0.018
-1 493 39 129 0.018
847 145 46 32 0.018
596 82 16 11 0.018
84 16 12 14 0.018
769 131 14 18 0.018
261 36 10 13 0.018
242 57 11 18 0.018
902 254 30 44 0.018
735 90 10 13 0.018
739 95 12 16 0.018
758 182 19 24 0.017
65 134 17 21 0.017
91 3 11 22 0.016
509 119 11 15 0.016
898 240 31 47 0.016
808 128 14 17 0.016
386 186 19 23 0.016
272 59 11 17 0.015
185 88 18 25 0.015
0 494 20 84 0.015
537 79 12 23 0.015
660 84 11 88 0.014
594 157 21 23 0.014
260 35 9 25 0.014
808 93 21 21 0.014
143 256 51 65 0.014
599 108 13 14 0.014
22 59 13 18 0.014
401 141 12 15 0.014
573 113 11 14 0.013
752 171 16 21 0.013
991 512 33 77 0.013
341 44 14 13 0.013
490 67 21 11 0.013
245 24 9 10 0.013
336 180 17 21 0.013
600 163 22 24 0.012
530 84 12 20 0.012
999 493 25 73 0.012
481 83 10 16 0.011
187 34 13 27 0.011
884 106 13 17 0.011
552 302 65 84 0.011
947 537 69 66 0.011
1017 133 9 19 0.011
137 14 12 14 0.011
494 67 12 26 0.011
525 68 17 27 0.011
174 26 10 19 0.011
192 28 8 17 0.011
917 158 19 27 0.011
254 53 14 21 0.010
791 155 14 21 0.010
611 110 13 15 0.010
979 124 14 19 0.010
246 25 11 13 0.010
903 128 18 21 0.010
