8_Election_Campain_Election_Campaign_8_412
1234
637 424 39 47 0.869
423 419 35 47 0.859
900 353 32 43 0.841
859 455 39 48 0.827
371 65 20 24 0.827
809 139 27 35 0.824
301 564 40 64 0.820
645 307 30 40 0.814
15 502 32 56 0.797
726 499 36 48 0.796
330 399 39 48 0.792
6 263 33 42 0.791
268 544 44 60 0.789
912 593 39 55 0.783
772 596 46 57 0.782
692 452 40 54 0.778
622 512 37 55 0.770
146 547 42 57 0.770
769 432 31 45 0.768
969 535 38 46 0.767
272 257 29 38 0.764
864 348 28 36 0.762
569 213 26 33 0.761
557 550 50 62 0.752
249 171 28 34 0.740
488 258 33 38 0.738
699 205 26 33 0.738
463 23 22 25 0.729
358 235 29 36 0.728
863 263 25 35 0.724
946 397 29 46 0.722
616 289 27 38 0.720
239 123 22 29 0.718
841 315 28 39 0.718
671 240 23 30 0.715
929 318 31 37 0.715
979 320 29 40 0.714
405 371 27 38 0.713
272 485 35 43 0.709
137 301 25 39 0.708
369 499 36 48 0.707
977 265 26 34 0.706
275 15 16 20 0.704
789 531 43 54 0.703
168 245 26 34 0.692
491 138 20 25 0.692
620 390 34 44 0.688
918 511 38 48 0.687
511 181 25 30 0.683
567 455 33 55 0.682
811 416 34 49 0.680
551 373 40 51 0.676
280 97 19 24 0.675
830 621 40 51 0.674
304 12 13 15 0.665
91 329 29 36 0.665
547 147 29 33 0.662
30 452 24 36 0.662
803 353 30 38 0.662
105 549 29 44 0.657
321 131 20 27 0.650
84 125 23 29 0.649
362 143 20 25 0.646
775 126 22 28 0.644
232 72 15 20 0.642
482 574 37 54 0.637
718 173 20 28 0.636
104 352 32 39 0.635
493 218 26 30 0.633
635 116 19 23 0.632
627 140 20 25 0.632
274 216 21 26 0.632
79 528 32 47 0.628
608 75 20 25 0.627
998 377 24 29 0.626
89 455 26 37 0.619
197 534 33 45 0.618
622 595 37 47 0.608
756 212 30 37 0.602
28 591 30 40 0.602
853 572 34 42 0.600
401 69 17 20 0.599
226 424 35 48 0.598
371 591 29 49 0.598
465 83 18 24 0.597
947 624 40 53 0.595
693 82 18 24 0.591
347 177 23 30 0.585
661 207 21 27 0.585
479 393 33 45 0.585
871 72 15 18 0.578
178 384 28 34 0.572
419 66 17 21 0.560
556 112 18 22 0.558
461 252 28 33 0.558
534 116 19 25 0.554
943 189 21 28 0.553
191 99 19 25 0.552
241 356 30 42 0.546
585 57 15 20 0.545
560 188 21 26 0.545
215 265 22 33 0.543
1006 289 18 39 0.541
203 5 15 21 0.536
490 479 28 41 0.533
964 207 30 36 0.530
196 442 31 40 0.530
600 125 20 27 0.530
162 170 19 24 0.528
669 183 22 30 0.523
790 262 27 33 0.521
369 13 13 17 0.510
86 539 37 51 0.508
522 29 15 22 0.506
385 148 24 28 0.505
112 221 26 33 0.504
33 339 24 31 0.502
353 119 19 23 0.501
179 41 16 20 0.499
661 128 20 31 0.498
999 323 24 37 0.492
163 213 21 29 0.491
290 33 18 23 0.486
301 63 16 20 0.482
0 106 10 22 0.482
122 298 19 25 0.482
778 327 31 39 0.481
369 312 30 44 0.472
186 300 26 34 0.467
290 305 27 36 0.461
608 234 22 26 0.461
780 154 20 23 0.457
1008 182 16 23 0.455
392 110 19 25 0.453
376 403 27 36 0.449
620 256 25 32 0.433
142 406 26 37 0.433
0 146 14 23 0.429
880 98 16 21 0.427
637 70 21 25 0.418
912 295 24 32 0.417
384 94 17 24 0.414
107 259 23 34 0.409
22 380 30 37 0.408
581 84 16 20 0.401
90 422 26 32 0.401
336 159 22 28 0.397
399 0 12 13 0.393
860 44 12 14 0.391
344 71 19 23 0.380
256 243 21 32 0.372
519 422 32 46 0.372
430 134 21 31 0.371
659 272 24 29 0.370
104 20 14 17 0.370
146 97 18 20 0.365
368 44 15 17 0.364
732 116 18 24 0.360
335 485 34 47 0.359
711 261 21 31 0.356
118 482 33 41 0.356
707 412 31 35 0.351
29 121 17 21 0.349
975 1 11 13 0.347
151 608 25 46 0.336
698 118 20 23 0.335
716 102 18 23 0.333
794 493 29 41 0.332
285 37 15 19 0.331
521 82 20 22 0.331
777 34 15 17 0.327
322 360 21 31 0.316
450 177 25 38 0.315
575 111 16 22 0.314
115 3 12 13 0.310
418 231 24 31 0.307
533 526 43 59 0.301
805 235 23 27 0.301
760 135 19 24 0.301
851 77 16 21 0.293
630 81 18 24 0.291
581 634 33 44 0.291
244 531 32 42 0.290
456 172 23 33 0.285
639 364 32 42 0.283
546 114 22 23 0.282
436 351 30 39 0.281
329 3 15 21 0.280
149 19 13 16 0.279
374 186 18 23 0.277
488 215 21 27 0.277
944 164 17 21 0.275
312 409 30 41 0.273
723 112 19 24 0.268
1004 453 20 58 0.263
844 391 25 40 0.263
959 424 33 49 0.261
131 432 24 36 0.258
408 8 14 18 0.252
598 165 23 32 0.250
365 95 18 22 0.249
286 109 20 24 0.249
442 342 29 38 0.246
544 3 14 19 0.246
846 40 11 14 0.246
759 320 21 27 0.246
243 33 17 20 0.244
792 344 36 45 0.244
534 561 36 53 0.243
208 6 15 21 0.243
415 30 14 18 0.243
125 44 16 20 0.239
654 107 15 20 0.239
24 225 19 26 0.238
164 6 15 18 0.234
952 114 18 21 0.233
427 130 19 27 0.233
404 32 16 18 0.231
240 40 16 22 0.228
770 130 22 27 0.228
444 62 14 17 0.227
235 96 16 20 0.227
990 166 16 22 0.225
612 101 14 17 0.225
492 182 21 25 0.225
883 210 24 31 0.221
439 140 23 34 0.219
808 2 11 15 0.218
229 41 15 20 0.216
491 319 26 37 0.215
320 83 18 23 0.214
447 140 21 28 0.213
439 280 28 37 0.209
764 305 35 49 0.209
959 41 11 14 0.208
169 7 15 19 0.207
52 102 15 18 0.207
941 84 13 18 0.205
831 394 32 46 0.204
887 420 30 39 0.204
982 666 34 28 0.204
767 298 26 35 0.203
727 382 26 36 0.202
0 374 19 34 0.199
309 402 25 38 0.196
452 256 29 41 0.195
268 54 14 16 0.194
80 193 20 24 0.194
516 308 29 39 0.190
142 97 16 21 0.188
298 298 26 41 0.187
754 26 13 16 0.186
926 60 12 16 0.186
38 11 10 14 0.180
676 581 32 42 0.178
388 101 20 26 0.178
717 271 26 37 0.176
117 88 17 21 0.171
960 94 15 20 0.165
136 162 21 23 0.165
857 62 15 18 0.163
144 394 44 39 0.159
181 35 14 20 0.159
128 300 22 29 0.158
497 166 20 26 0.155
572 446 32 49 0.152
217 96 17 20 0.152
865 181 21 24 0.150
387 153 27 34 0.150
526 283 26 46 0.150
341 21 13 17 0.148
638 66 18 20 0.147
898 45 10 14 0.145
426 123 18 25 0.145
1 177 13 22 0.145
644 112 17 22 0.144
928 42 11 15 0.143
145 0 12 15 0.141
433 14 14 19 0.141
0 136 16 26 0.141
377 0 12 14 0.140
97 531 40 59 0.139
913 176 17 20 0.138
780 246 21 25 0.136
157 196 19 26 0.135
157 206 20 28 0.134
320 33 14 19 0.133
723 282 25 33 0.133
0 467 13 37 0.132
31 96 16 20 0.132
342 167 22 29 0.132
111 150 16 21 0.131
541 228 22 31 0.131
198 432 41 43 0.130
156 6 17 19 0.130
251 96 17 21 0.130
534 577 28 49 0.130
0 54 8 21 0.129
103 221 21 27 0.128
446 190 22 34 0.128
808 334 44 50 0.127
472 0 11 12 0.125
853 17 10 13 0.125
575 91 19 24 0.125
222 107 18 23 0.125
713 106 37 26 0.125
445 102 18 22 0.124
891 425 21 27 0.124
443 239 21 27 0.121
1011 259 13 28 0.121
129 41 15 18 0.120
999 211 19 35 0.120
386 22 14 18 0.117
102 39 14 17 0.117
739 60 13 18 0.117
501 177 23 28 0.117
819 45 12 15 0.116
887 92 16 20 0.116
961 216 22 28 0.116
281 316 26 39 0.116
233 65 15 19 0.115
761 97 15 20 0.115
685 333 23 34 0.114
593 127 21 27 0.114
570 373 34 46 0.114
288 120 19 26 0.113
144 160 21 25 0.112
13 348 23 34 0.112
818 22 10 13 0.111
385 29 13 17 0.110
341 111 19 23 0.110
166 80 16 20 0.110
447 358 29 44 0.109
761 206 27 33 0.107
842 0 11 11 0.106
713 418 31 38 0.106
688 368 32 41 0.105
788 161 19 21 0.105
394 254 25 32 0.105
375 189 21 30 0.104
438 2 12 12 0.104
121 48 18 24 0.104
957 72 12 16 0.104
243 535 22 29 0.104
52 115 15 21 0.104
429 20 15 20 0.103
766 77 11 15 0.103
893 89 12 17 0.103
700 438 36 54 0.103
280 204 23 32 0.102
412 242 28 33 0.102
102 25 15 27 0.102
510 111 17 20 0.102
62 424 28 37 0.101
252 151 21 26 0.101
609 6 11 15 0.100
247 106 17 23 0.100
721 306 26 38 0.100
715 234 22 54 0.099
913 530 53 63 0.099
347 61 16 22 0.099
329 147 20 28 0.099
621 44 12 17 0.098
242 20 16 52 0.097
124 2 16 12 0.097
24 345 24 29 0.097
451 254 20 27 0.096
52 0 11 12 0.094
369 11 13 68 0.094
462 171 21 27 0.093
35 199 20 27 0.093
155 92 16 22 0.092
421 89 17 21 0.092
628 186 24 32 0.090
0 22 7 18 0.090
665 194 22 31 0.090
630 68 19 27 0.089
992 215 20 28 0.089
0 453 15 36 0.089
748 3 14 17 0.088
122 108 17 21 0.087
33 8 17 17 0.086
382 3 16 17 0.085
765 202 21 25 0.085
240 52 18 25 0.084
688 142 23 26 0.084
417 3 16 18 0.082
130 524 38 58 0.082
144 564 34 58 0.082
175 36 15 19 0.081
124 112 17 27 0.081
667 135 21 27 0.080
381 281 37 50 0.080
799 485 23 36 0.080
838 319 22 30 0.080
129 442 20 29 0.080
720 179 44 32 0.080
927 36 11 15 0.079
115 62 13 17 0.079
310 423 20 28 0.079
327 454 34 55 0.079
121 382 42 51 0.079
155 48 16 18 0.078
624 58 15 19 0.078
308 399 19 29 0.078
79 288 23 35 0.078
763 307 23 38 0.078
427 88 21 24 0.078
421 224 22 28 0.078
973 263 22 28 0.078
80 183 21 27 0.078
205 246 25 38 0.078
188 103 17 23 0.077
992 229 19 26 0.077
378 92 32 31 0.076
435 241 23 27 0.075
140 415 25 41 0.075
579 48 14 19 0.075
900 43 11 15 0.075
117 56 15 20 0.075
963 141 14 17 0.074
956 220 17 23 0.074
976 339 20 28 0.074
137 64 13 17 0.073
233 380 36 55 0.073
600 27 13 15 0.072
0 310 10 35 0.072
0 474 9 36 0.072
284 198 17 21 0.072
519 485 28 40 0.071
80 644 38 37 0.071
910 36 11 15 0.070
277 -1 19 55 0.070
132 40 18 22 0.070
240 294 25 32 0.069
280 18 29 48 0.069
944 87 16 20 0.069
129 164 20 22 0.069
543 143 21 28 0.068
308 82 19 22 0.068
124 407 21 27 0.068
578 118 20 27 0.067
168 146 17 22 0.067
469 173 21 27 0.066
859 10 12 75 0.066
323 29 12 18 0.066
857 92 18 21 0.066
77 218 18 23 0.065
847 6 11 15 0.065
52 121 23 26 0.064
434 99 22 25 0.064
513 504 42 55 0.064
839 42 15 15 0.063
287 70 16 19 0.063
176 380 22 28 0.063
170 385 22 28 0.063
452 337 28 34 0.063
121 128 18 20 0.063
484 392 22 29 0.063
198 1 12 16 0.062
77 203 20 29 0.062
874 20 10 13 0.062
298 41 21 21 0.061
489 172 21 27 0.061
790 502 28 44 0.061
1004 444 20 43 0.060
448 92 37 28 0.060
594 604 46 51 0.060
431 82 17 23 0.060
160 180 21 30 0.059
551 38 14 20 0.059
66 2 12 14 0.058
370 326 20 30 0.058
878 71 16 59 0.057
0 204 12 30 0.057
190 1 18 17 0.057
17 12 11 15 0.056
271 22 16 23 0.056
376 197 48 32 0.056
292 385 37 40 0.056
294 26 16 19 0.056
298 73 40 25 0.056
547 518 31 45 0.055
527 303 25 39 0.055
420 34 16 18 0.055
29 110 17 23 0.055
261 468 31 47 0.055
339 270 25 33 0.055
291 76 20 21 0.055
493 3 15 18 0.054
682 141 20 26 0.054
138 90 17 22 0.053
724 216 22 29 0.053
136 38 13 18 0.052
392 47 15 19 0.052
389 165 21 27 0.052
614 298 20 29 0.052
-1 257 12 26 0.052
959 36 18 23 0.052
6 34 11 16 0.052
385 40 17 17 0.052
161 117 20 24 0.052
770 386 24 37 0.051
4 27 10 24 0.051
41 64 15 19 0.051
517 318 28 52 0.051
379 335 26 42 0.051
433 146 20 30 0.051
748 192 20 24 0.051
221 356 28 37 0.051
981 0 11 12 0.050
186 96 18 23 0.050
703 411 22 28 0.050
762 325 22 29 0.050
796 253 32 36 0.050
629 132 21 28 0.050
919 233 23 31 0.050
1001 26 13 16 0.049
24 149 18 24 0.049
917 196 22 26 0.049
635 178 45 42 0.049
242 216 21 32 0.049
695 26 13 17 0.049
70 71 15 21 0.049
584 136 19 26 0.049
1003 206 16 83 0.049
282 374 26 41 0.049
473 82 18 24 0.049
103 362 22 28 0.049
224 439 40 47 0.049
421 73 20 28 0.048
987 125 14 17 0.048
691 133 22 27 0.048
32 210 17 24 0.048
794 362 32 59 0.048
108 93 17 20 0.047
348 123 18 22 0.047
699 51 14 18 0.047
394 193 25 35 0.047
293 228 24 30 0.047
997 543 26 43 0.047
168 44 21 21 0.047
888 119 18 21 0.047
688 380 21 29 0.046
236 364 28 38 0.046
475 399 22 28 0.046
643 348 39 51 0.046
928 46 12 17 0.046
69 224 23 28 0.045
120 88 18 54 0.045
534 262 25 46 0.045
786 514 34 51 0.045
808 95 18 23 0.045
511 353 31 40 0.045
127 89 33 46 0.045
138 126 18 23 0.044
406 214 21 28 0.044
791 235 23 28 0.044
218 112 20 25 0.044
147 -1 32 43 0.044
399 -10 26 44 0.044
923 193 21 44 0.043
227 21 16 20 0.043
293 132 18 26 0.043
908 198 19 26 0.043
-2 364 15 28 0.043
914 238 23 33 0.043
97 264 29 37 0.043
642 238 46 36 0.043
794 40 14 14 0.043
278 124 17 22 0.042
0 169 18 24 0.042
1006 250 18 28 0.042
969 245 32 43 0.042
0 359 11 44 0.042
806 293 26 36 0.042
22 394 27 41 0.042
901 10 9 13 0.042
801 228 22 26 0.042
500 323 22 29 0.042
125 0 38 14 0.042
992 375 21 27 0.042
176 66 18 19 0.041
939 88 13 19 0.041
284 226 22 26 0.041
371 299 29 43 0.041
48 60 16 21 0.041
225 116 28 30 0.040
849 11 13 18 0.040
921 11 11 15 0.040
496 12 16 21 0.040
607 34 13 16 0.040
343 40 17 24 0.040
388 176 22 27 0.040
609 493 38 46 0.040
763 74 14 54 0.040
113 346 30 41 0.040
270 56 16 19 0.039
527 319 22 29 0.039
327 127 19 24 0.039
858 129 15 19 0.039
906 300 22 28 0.039
278 385 22 29 0.039
234 417 31 44 0.039
406 620 34 49 0.039
213 42 17 18 0.039
580 33 12 16 0.038
460 3 18 17 0.038
726 24 12 14 0.038
75 40 15 17 0.038
34 234 23 27 0.038
769 292 19 27 0.038
526 325 27 38 0.037
102 467 44 53 0.037
631 27 13 20 0.037
873 41 17 103 0.037
198 242 24 34 0.037
226 29 15 19 0.037
466 99 17 23 0.037
516 109 22 26 0.037
801 363 24 29 0.037
806 0 11 12 0.037
660 103 16 21 0.037
439 350 22 28 0.037
719 381 22 29 0.036
520 426 24 30 0.036
36 234 39 30 0.036
633 20 13 17 0.036
207 43 14 21 0.036
459 102 20 22 0.036
114 189 20 27 0.036
239 102 22 24 0.036
174 10 13 25 0.035
546 93 19 21 0.035
353 243 20 26 0.035
720 320 21 26 0.035
579 58 16 29 0.035
832 88 14 18 0.035
295 139 18 25 0.035
440 292 20 28 0.035
575 446 23 28 0.035
218 143 19 25 0.034
244 156 20 24 0.034
309 383 25 38 0.034
6 42 13 17 0.034
839 109 16 19 0.034
20 354 22 29 0.034
558 76 37 80 0.034
696 112 17 22 0.034
370 199 19 24 0.034
576 210 22 29 0.034
556 460 36 55 0.034
306 389 21 28 0.034
752 -15 13 78 0.033
238 476 34 46 0.033
751 52 14 17 0.033
823 309 18 26 0.033
451 136 21 25 0.033
863 172 19 26 0.033
214 9 18 20 0.033
243 168 23 31 0.033
453 371 27 37 0.033
251 370 46 46 0.033
220 275 36 36 0.033
88 655 35 28 0.033
449 265 24 34 0.033
303 411 29 40 0.032
696 72 19 24 0.032
16 4 12 17 0.032
566 18 12 15 0.032
935 74 14 23 0.032
61 129 20 22 0.032
1002 283 20 28 0.032
165 421 22 28 0.032
707 369 27 35 0.032
590 58 15 21 0.032
993 52 17 18 0.032
919 300 23 25 0.032
765 64 14 35 0.031
757 23 12 15 0.031
789 92 17 21 0.031
165 129 19 29 0.031
251 245 19 27 0.031
280 535 39 53 0.031
947 2 10 12 0.031
810 69 14 19 0.031
811 84 16 21 0.031
900 94 14 19 0.031
296 118 17 23 0.031
1011 136 12 18 0.031
257 236 22 28 0.031
482 -17 26 72 0.031
969 141 16 19 0.030
953 391 19 28 0.030
449 325 44 41 0.030
713 379 39 49 0.030
696 327 35 38 0.030
228 100 21 27 0.030
37 -11 11 60 0.030
885 87 22 67 0.030
109 0 18 29 0.030
335 5 18 26 0.030
171 125 18 23 0.030
458 160 21 28 0.030
948 167 17 23 0.030
722 228 21 27 0.030
811 -19 13 68 0.030
834 12 26 71 0.030
748 56 15 16 0.030
248 208 16 23 0.030
326 85 19 25 0.030
610 253 24 30 0.029
216 340 26 41 0.029
547 537 34 47 0.029
432 -22 23 87 0.029
980 48 13 14 0.029
763 85 14 19 0.029
1011 158 14 20 0.029
118 183 19 25 0.029
83 460 22 29 0.029
734 377 23 32 0.029
339 392 52 46 0.029
546 7 14 24 0.029
677 148 20 24 0.029
75 26 15 26 0.028
0 546 12 25 0.028
819 21 11 74 0.028
431 4 29 38 0.028
440 82 37 43 0.028
901 8 15 14 0.028
201 67 14 19 0.028
281 82 20 24 0.028
997 240 20 27 0.028
968 461 45 54 0.028
488 2 19 13 0.028
40 33 13 18 0.028
336 40 19 21 0.028
658 138 19 28 0.028
626 286 23 30 0.028
229 365 22 29 0.028
31 69 20 71 0.028
330 447 31 38 0.028
72 102 16 21 0.028
952 81 19 64 0.027
770 361 29 43 0.027
487 488 28 45 0.027
487 388 28 40 0.027
285 78 17 21 0.027
547 0 13 14 0.027
588 637 40 45 0.027
894 295 24 33 0.027
158 108 18 26 0.027
67 149 19 24 0.027
891 47 15 15 0.027
562 95 20 20 0.027
773 244 21 26 0.027
532 293 24 29 0.027
997 475 26 45 0.027
918 8 19 15 0.027
72 533 31 49 0.026
571 56 16 19 0.026
313 71 16 22 0.026
883 223 21 26 0.026
1001 206 21 29 0.026
911 3 11 11 0.026
302 141 21 26 0.026
375 330 23 31 0.026
617 399 23 29 0.026
816 416 24 30 0.026
709 114 23 26 0.026
200 438 23 30 0.026
255 1 14 14 0.026
108 58 15 19 0.026
130 479 31 42 0.026
697 85 21 24 0.025
404 119 21 25 0.025
443 6 18 18 0.025
76 19 15 23 0.025
789 100 16 21 0.025
255 4 22 18 0.025
325 457 27 37 0.025
392 280 27 38 0.025
537 258 20 28 0.025
126 13 12 17 0.025
436 80 18 26 0.025
532 89 22 22 0.025
859 100 17 19 0.025
104 34 15 19 0.025
56 232 26 31 0.025
439 10 18 25 0.025
233 77 17 22 0.025
927 9 11 87 0.024
402 373 22 30 0.024
400 -5 12 12 0.024
161 52 18 25 0.024
296 108 16 22 0.024
788 80 15 19 0.024
663 236 39 49 0.024
697 168 19 27 0.024
999 227 24 52 0.023
488 185 19 24 0.023
189 386 22 29 0.023
106 -25 16 91 0.023
324 2 13 16 0.023
650 26 15 18 0.023
201 53 14 26 0.023
152 151 19 24 0.023
1001 235 19 26 0.023
48 0 31 13 0.023
847 44 40 70 0.023
630 7 13 20 0.023
429 38 15 19 0.023
727 395 22 29 0.023
532 542 22 29 0.023
995 436 28 39 0.023
132 137 21 52 0.023
729 121 17 22 0.023
921 226 19 25 0.023
448 235 21 27 0.023
1008 469 16 29 0.023
583 646 22 29 0.023
0 212 9 25 0.023
33 122 20 28 0.023
4 352 19 25 0.023
578 34 15 48 0.022
50 129 18 23 0.022
369 235 21 28 0.022
495 -1 19 15 0.022
246 38 20 27 0.022
605 -10 13 61 0.022
34 93 14 17 0.022
121 191 21 26 0.022
841 100 17 22 0.022
789 276 24 29 0.022
292 215 24 36 0.022
556 39 14 18 0.022
976 324 23 30 0.022
891 112 19 25 0.022
513 100 18 22 0.022
900 244 25 45 0.022
310 81 31 27 0.022
957 479 54 50 0.022
860 169 18 22 0.021
907 287 21 28 0.021
701 403 22 29 0.021
438 58 42 85 0.021
246 229 20 28 0.021
969 433 35 45 0.021
303 313 22 29 0.021
579 470 42 51 0.021
554 158 22 26 0.021
933 124 18 67 0.021
109 248 23 37 0.021
8 152 19 26 0.021
169 154 18 25 0.021
385 191 22 27 0.021
578 5 15 98 0.021
930 486 49 54 0.021
633 27 19 22 0.021
434 1 14 31 0.021
50 136 20 28 0.021
623 11 14 80 0.021
954 29 15 23 0.021
55 84 15 20 0.021
119 119 18 26 0.021
862 121 15 22 0.021
778 323 24 31 0.021
116 26 15 89 0.021
125 109 26 100 0.021
496 37 16 20 0.020
928 320 22 28 0.020
801 149 23 27 0.020
806 62 18 75 0.020
96 34 17 18 0.020
218 131 19 24 0.020
407 -29 21 105 0.020
101 0 19 15 0.020
112 21 30 57 0.020
1004 410 21 62 0.020
984 502 30 49 0.020
863 31 12 23 0.020
561 87 18 22 0.020
105 381 36 34 0.020
99 575 23 42 0.020
832 75 11 16 0.020
800 37 12 15 0.020
878 54 12 16 0.020
29 144 20 27 0.020
797 359 21 29 0.020
284 2 13 14 0.019
426 108 17 26 0.019
701 373 23 30 0.019
867 65 18 23 0.019
203 275 21 29 0.019
806 83 18 33 0.019
395 263 23 38 0.019
743 274 27 37 0.019
268 61 16 23 0.019
498 486 23 30 0.019
512 63 18 25 0.019
694 153 20 27 0.019
73 1 16 12 0.019
224 68 17 24 0.019
218 151 19 26 0.019
991 47 24 29 0.019
108 66 16 21 0.019
523 430 36 47 0.019
985 107 18 89 0.019
153 110 24 90 0.019
937 185 21 29 0.019
2 5 10 89 0.018
479 467 31 42 0.018
897 37 19 27 0.018
543 287 27 37 0.018
196 518 33 46 0.018
692 336 21 26 0.018
356 39 17 20 0.018
1018 92 7 18 0.018
817 249 20 26 0.018
226 7 20 20 0.018
195 56 17 21 0.018
99 193 21 26 0.018
837 75 29 33 0.018
796 509 35 51 0.018
594 20 17 18 0.018
536 591 33 49 0.018
449 202 21 26 0.018
11 345 20 26 0.018
307 430 21 29 0.018
919 240 27 45 0.018
762 7 10 15 0.018
341 92 21 23 0.018
898 244 22 27 0.018
313 52 18 20 0.018
308 285 21 27 0.018
550 32 15 54 0.018
375 603 39 52 0.018
12 1 18 13 0.018
114 171 19 24 0.018
401 206 22 28 0.018
996 45 15 22 0.018
52 104 19 31 0.017
954 22 10 14 0.017
941 42 25 86 0.017
410 129 21 26 0.017
694 179 19 26 0.017
203 144 33 35 0.017
960 108 16 21 0.017
1 207 18 25 0.017
201 151 20 26 0.017
922 14 12 19 0.017
647 2 16 20 0.017
549 51 14 19 0.017
915 200 20 29 0.017
676 236 21 28 0.017
859 279 22 27 0.017
482 401 24 30 0.017
945 52 28 100 0.017
688 465 29 41 0.017
853 292 21 27 0.017
93 6 25 78 0.017
4 128 21 23 0.017
931 143 18 25 0.017
261 -1 12 10 0.017
430 166 19 24 0.017
382 354 21 29 0.017
199 544 24 31 0.017
623 34 16 40 0.017
35 52 26 42 0.017
6 -1 12 13 0.017
570 17 17 22 0.017
946 148 17 23 0.017
1012 140 12 21 0.017
636 578 35 57 0.016
248 348 23 30 0.016
612 491 26 36 0.016
42 35 17 18 0.016
159 66 18 22 0.016
1 122 20 22 0.016
444 109 19 28 0.016
809 225 20 25 0.016
367 249 22 30 0.016
811 0 46 12 0.016
257 148 18 23 0.016
667 174 20 27 0.016
552 385 23 29 0.016
531 528 29 44 0.016
810 63 13 18 0.016
411 363 30 41 0.016
235 168 20 23 0.016
356 4 14 15 0.016
397 141 23 28 0.016
100 214 20 24 0.016
944 643 40 41 0.016
647 179 20 26 0.016
297 185 20 25 0.016
679 184 20 26 0.016
8 82 18 19 0.016
927 200 19 23 0.016
663 150 19 26 0.016
473 263 23 31 0.016
366 320 19 28 0.016
854 438 29 47 0.016
633 16 21 25 0.016
428 344 27 41 0.015
708 437 23 30 0.015
8 482 34 59 0.015
856 445 18 27 0.015
733 4 13 14 0.015
983 51 18 17 0.015
357 -5 58 51 0.015
657 280 22 26 0.015
12 86 16 19 0.015
818 41 14 30 0.015
83 571 27 42 0.015
90 2 17 20 0.015
189 63 19 23 0.015
189 312 20 30 0.015
843 608 35 54 0.015
496 662 48 26 0.015
444 334 23 29 0.015
-2 552 19 46 0.015
1003 29 13 21 0.015
978 156 19 25 0.015
949 400 21 30 0.015
70 193 21 26 0.015
487 28 19 21 0.015
143 124 19 24 0.015
984 140 18 26 0.015
793 272 28 40 0.015
72 44 15 61 0.015
156 186 19 28 0.015
863 162 15 21 0.015
773 431 23 30 0.015
336 152 21 26 0.015
172 248 36 45 0.014
0 50 12 31 0.014
533 552 29 48 0.014
0 311 19 35 0.014
492 14 17 25 0.014
931 18 15 22 0.014
68 65 18 68 0.014
58 244 25 31 0.014
102 99 17 21 0.014
690 340 25 33 0.014
960 600 41 52 0.014
392 139 22 26 0.014
520 281 22 28 0.014
991 143 17 21 0.014
243 0 14 13 0.014
917 114 18 25 0.014
997 7 17 68 0.014
526 357 46 49 0.014
0 9 11 25 0.014
72 59 15 24 0.014
61 144 20 23 0.014
215 316 21 29 0.014
507 15 18 29 0.014
610 3 14 18 0.014
890 301 21 28 0.014
8 383 23 29 0.014
81 0 31 11 0.014
250 293 50 68 0.014
144 456 27 43 0.014
385 351 25 39 0.014
790 70 16 24 0.014
855 282 26 38 0.014
634 373 31 41 0.014
302 176 19 24 0.014
856 185 23 28 0.014
257 307 48 41 0.014
484 313 27 35 0.014
1001 192 20 34 0.014
793 64 15 18 0.014
25 65 15 20 0.014
930 121 19 24 0.014
247 274 18 22 0.014
719 413 24 29 0.014
986 54 21 18 0.014
357 588 36 51 0.013
995 133 20 21 0.013
325 243 19 25 0.013
82 306 18 26 0.013
949 83 18 107 0.013
166 43 16 67 0.013
985 122 37 35 0.013
312 308 24 34 0.013
224 5 36 17 0.013
757 0 14 16 0.013
209 516 21 27 0.013
579 33 27 17 0.013
329 -3 27 95 0.013
384 369 20 26 0.013
212 114 25 63 0.013
412 226 22 27 0.013
855 74 20 93 0.013
986 123 22 23 0.013
774 150 19 27 0.013
935 493 31 43 0.013
847 585 35 49 0.013
41 187 17 21 0.013
19 1 23 11 0.013
480 625 46 53 0.013
843 -4 10 10 0.013
278 374 22 29 0.013
734 66 14 20 0.013
1014 54 10 24 0.013
72 155 20 25 0.013
855 232 22 41 0.013
645 169 20 24 0.013
60 179 20 26 0.013
136 193 20 26 0.013
712 278 26 37 0.013
67 36 19 26 0.013
137 178 20 28 0.013
44 262 47 48 0.013
112 240 22 29 0.013
960 256 19 27 0.013
8 291 19 25 0.012
153 623 31 48 0.012
83 311 38 46 0.012
140 641 33 42 0.012
576 15 12 18 0.012
612 10 17 18 0.012
207 115 21 25 0.012
906 276 20 26 0.012
61 77 17 26 0.012
643 364 23 27 0.012
187 293 36 47 0.012
194 441 21 28 0.012
91 614 26 50 0.012
84 17 20 22 0.012
54 57 17 21 0.012
244 0 19 24 0.012
124 149 20 22 0.012
651 245 21 28 0.012
203 430 22 27 0.012
612 262 27 33 0.012
856 121 35 32 0.012
1006 369 19 27 0.012
0 107 19 22 0.012
134 150 21 25 0.012
481 440 29 42 0.012
86 -2 19 19 0.012
603 161 22 26 0.012
523 296 23 30 0.012
915 20 12 19 0.012
177 366 20 24 0.012
526 431 23 30 0.012
40 -3 19 19 0.012
441 194 21 28 0.012
653 192 21 30 0.012
566 346 32 44 0.012
441 304 21 28 0.012
903 2 18 24 0.012
628 5 11 12 0.012
737 121 19 25 0.012
101 -3 10 9 0.012
419 208 22 28 0.012
70 561 29 41 0.012
365 516 31 38 0.011
923 241 21 29 0.011
514 419 22 28 0.011
912 44 29 49 0.011
982 -2 21 12 0.011
975 51 16 17 0.011
78 158 19 24 0.011
508 58 19 21 0.011
785 288 30 41 0.011
125 325 26 43 0.011
100 457 22 29 0.011
948 23 14 16 0.011
106 211 21 28 0.011
121 181 50 34 0.011
33 0 31 10 0.011
26 83 18 25 0.011
427 24 18 29 0.011
36 333 21 26 0.011
764 603 35 44 0.011
371 475 35 45 0.011
349 258 20 27 0.011
503 223 51 38 0.011
563 614 53 51 0.011
992 28 15 18 0.011
629 139 37 68 0.011
206 308 25 32 0.011
745 46 14 26 0.011
515 357 22 29 0.011
489 476 22 30 0.011
584 178 21 29 0.011
159 393 23 30 0.011
479 454 29 41 0.011
779 303 31 45 0.011
760 122 17 24 0.011
61 33 18 19 0.011
374 340 21 28 0.011
918 127 21 27 0.011
154 392 20 27 0.011
832 50 30 84 0.011
179 0 13 15 0.011
938 492 21 28 0.011
655 29 13 18 0.011
776 339 23 32 0.011
194 454 22 28 0.011
945 460 46 59 0.011
34 152 17 23 0.011
64 240 21 26 0.011
20 232 17 22 0.011
544 9 12 18 0.010
412 629 42 47 0.010
894 253 19 25 0.010
473 387 21 30 0.010
1006 533 19 49 0.010
972 3 11 13 0.010
339 54 18 22 0.010
218 2 15 16 0.010
734 96 16 22 0.010
773 290 23 30 0.010
278 443 38 37 0.010
495 639 45 45 0.010
917 1 15 16 0.010
505 56 16 21 0.010
46 184 18 24 0.010
334 185 20 27 0.010
1000 0 14 10 0.010
592 155 19 28 0.010
907 153 18 23 0.010
491 371 34 48 0.010
305 290 26 37 0.010
851 -11 13 69 0.010
407 29 21 24 0.010
287 141 18 24 0.010
139 217 22 28 0.010
315 73 19 27 0.010
