8_Election_Campain_Election_Campaign_8_437
99
569 51 24 30 0.819
650 53 23 28 0.800
683 258 23 26 0.799
697 144 16 21 0.793
581 255 22 26 0.789
369 253 20 26 0.787
251 265 20 27 0.784
586 147 17 21 0.781
283 60 14 19 0.780
437 64 21 26 0.779
258 163 20 25 0.778
214 61 16 20 0.775
753 145 16 20 0.773
149 64 15 18 0.771
640 146 17 22 0.770
364 65 21 25 0.767
131 263 18 22 0.766
730 50 23 28 0.758
215 161 15 19 0.748
88 66 14 18 0.748
520 33 17 22 0.748
88 160 14 19 0.745
149 161 15 19 0.737
26 157 15 19 0.735
478 254 20 25 0.727
22 70 15 18 0.722
456 313 28 52 0.603
783 56 15 20 0.523
732 266 14 19 0.508
701 61 15 20 0.355
620 58 16 20 0.340
790 394 10 12 0.316
312 313 19 24 0.263
125 53 13 19 0.258
304 172 10 20 0.249
257 50 13 19 0.246
191 52 13 18 0.234
1 145 13 21 0.222
629 264 13 18 0.205
126 151 12 15 0.186
294 276 12 16 0.158
764 389 9 10 0.146
172 270 12 17 0.145
377 134 14 18 0.131
523 263 12 17 0.104
64 58 14 17 0.100
260 46 15 19 0.092
189 150 13 17 0.077
446 135 15 19 0.075
465 324 24 51 0.069
254 166 45 25 0.066
760 388 10 10 0.062
771 160 11 13 0.057
507 78 21 23 0.057
784 49 14 20 0.052
481 18 19 23 0.043
130 180 14 18 0.043
496 77 20 26 0.043
545 387 47 44 0.043
410 71 14 20 0.041
714 394 8 12 0.041
694 388 10 12 0.039
268 43 14 16 0.038
387 332 14 23 0.038
64 152 12 15 0.033
618 52 16 22 0.031
732 258 15 21 0.030
492 98 21 29 0.030
717 400 9 11 0.029
787 395 10 12 0.028
259 52 18 20 0.027
479 10 20 26 0.027
495 69 24 52 0.027
788 31 12 16 0.026
0 63 8 18 0.025
301 165 15 19 0.025
70 58 17 21 0.025
169 261 14 22 0.023
513 136 23 22 0.020
478 4 18 22 0.018
706 390 16 15 0.018
522 137 21 24 0.017
785 31 13 45 0.016
701 53 15 19 0.015
535 34 17 22 0.015
506 135 19 24 0.014
515 78 15 21 0.014
481 336 14 25 0.014
126 59 14 18 0.014
471 328 20 30 0.013
67 148 15 19 0.013
0 213 44 79 0.013
716 392 10 14 0.012
273 45 14 19 0.012
500 136 18 21 0.012
775 53 16 24 0.011
489 74 18 23 0.011
717 56 20 23 0.010
754 386 8 10 0.010
