51_Dresses_wearingdress_51_727
43
606 45 60 77 0.895
280 75 101 177 0.873
795 29 59 89 0.862
496 53 20 25 0.464
964 0 14 13 0.451
644 4 25 24 0.308
464 244 27 77 0.284
652 3 26 23 0.281
910 70 13 18 0.231
545 69 16 25 0.210
692 1 15 15 0.145
893 6 10 14 0.139
922 13 14 19 0.114
565 56 17 22 0.090
882 54 16 22 0.075
764 26 14 20 0.066
684 57 15 22 0.060
936 68 16 17 0.057
939 78 16 21 0.052
583 69 16 21 0.042
709 48 15 18 0.039
923 20 14 18 0.037
514 64 16 21 0.034
543 65 17 21 0.034
525 75 20 27 0.032
691 61 20 23 0.029
501 21 14 19 0.029
585 55 22 39 0.024
707 45 14 18 0.024
884 47 16 24 0.024
585 17 15 21 0.022
698 62 19 22 0.022
768 101 15 24 0.021
680 54 42 23 0.020
979 9 16 19 0.018
593 0 11 9 0.013
766 31 16 27 0.012
834 0 30 15 0.012
892 31 12 16 0.012
578 26 19 32 0.011
531 81 17 25 0.011
985 0 22 9 0.010
986 1 22 17 0.010
