51_Dresses_wearingdress_51_464
35
395 230 258 341 0.905
24 382 137 168 0.857
742 415 59 68 0.831
803 323 26 35 0.377
894 389 28 34 0.376
785 277 22 25 0.284
705 362 24 28 0.225
797 319 31 61 0.219
783 374 40 48 0.209
994 312 27 44 0.199
759 393 51 65 0.119
711 391 29 43 0.083
1001 322 23 36 0.075
976 551 23 29 0.057
908 444 34 41 0.055
916 533 27 34 0.051
996 600 25 43 0.046
988 309 27 34 0.040
900 407 38 83 0.038
918 442 37 47 0.026
997 436 27 77 0.024
949 387 37 49 0.020
903 384 30 36 0.018
990 381 28 42 0.018
781 285 23 25 0.016
836 409 36 44 0.016
735 300 19 26 0.015
1008 540 16 32 0.014
796 364 36 50 0.014
988 346 34 74 0.013
901 450 32 38 0.012
960 379 63 51 0.012
711 401 37 47 0.011
996 596 23 29 0.010
950 376 33 42 0.010
