51_Dresses_wearingdress_51_1035
29
174 239 109 126 0.887
853 180 92 100 0.874
408 49 86 114 0.872
583 280 84 96 0.859
736 29 17 21 0.793
288 54 17 22 0.762
666 31 19 23 0.727
701 12 22 27 0.654
328 48 17 21 0.639
264 99 18 22 0.597
601 37 16 25 0.586
646 34 15 23 0.457
537 46 17 31 0.289
654 32 35 23 0.265
517 -1 20 21 0.240
606 33 18 26 0.228
269 96 17 23 0.106
538 28 15 21 0.103
537 59 16 24 0.069
491 52 19 24 0.064
631 31 19 26 0.027
534 43 16 22 0.025
566 49 16 21 0.024
595 37 16 23 0.019
258 104 15 19 0.017
530 68 16 22 0.015
525 1 16 20 0.014
663 37 19 23 0.012
493 61 18 29 0.012
