51_Dresses_wearingdress_51_739
57
435 122 134 171 0.874
724 225 74 86 0.873
224 240 27 36 0.868
252 170 28 36 0.861
638 264 30 34 0.829
268 294 33 42 0.827
577 294 47 59 0.805
904 281 34 40 0.803
864 243 31 38 0.794
681 182 31 35 0.773
359 231 22 28 0.748
997 253 27 39 0.711
42 241 56 116 0.635
842 295 30 33 0.218
561 222 20 38 0.190
957 268 21 26 0.152
556 204 22 55 0.101
1002 370 22 65 0.100
546 249 23 34 0.100
550 261 17 22 0.098
996 266 24 44 0.062
222 305 21 32 0.054
663 265 25 28 0.052
360 225 19 24 0.051
673 267 17 22 0.051
432 237 20 31 0.045
393 241 16 21 0.042
420 265 18 24 0.041
336 230 24 25 0.041
993 295 19 28 0.040
196 210 23 32 0.038
331 230 15 20 0.036
955 291 23 31 0.034
549 229 22 61 0.032
959 672 59 76 0.030
423 259 19 25 0.028
316 259 29 40 0.027
0 466 24 42 0.025
867 285 29 29 0.025
545 204 40 68 0.023
649 314 18 26 0.021
380 239 21 26 0.021
797 254 22 32 0.020
1000 283 17 54 0.017
536 256 33 42 0.016
554 259 21 32 0.016
933 267 29 29 0.016
837 307 31 34 0.016
970 299 23 28 0.015
1003 291 17 32 0.015
402 263 39 24 0.014
994 349 22 76 0.013
893 285 33 37 0.013
960 280 26 42 0.012
336 227 17 17 0.012
672 263 27 32 0.011
660 161 25 26 0.011
