51_Dresses_wearingdress_51_7
29
292 17 64 87 0.887
777 19 70 86 0.879
955 124 39 49 0.831
489 87 30 35 0.825
528 55 31 53 0.813
56 63 21 29 0.758
7 58 21 30 0.714
169 85 17 22 0.690
380 95 25 35 0.674
120 71 16 22 0.655
901 131 17 22 0.484
201 78 15 19 0.359
246 53 18 24 0.310
225 67 10 14 0.163
373 100 21 27 0.128
166 62 10 13 0.089
166 60 13 27 0.053
227 65 11 14 0.052
208 75 16 20 0.038
856 111 14 18 0.036
173 88 18 22 0.026
192 85 17 21 0.023
226 66 15 20 0.021
113 108 13 18 0.020
457 106 16 21 0.016
412 95 17 23 0.013
393 107 19 25 0.013
164 68 11 15 0.012
365 104 18 19 0.012
