61_Street_Battle_streetfight_61_432
87
638 516 32 44 0.870
847 323 23 29 0.860
148 233 37 50 0.857
179 149 25 35 0.853
645 320 26 33 0.850
806 416 29 41 0.847
499 504 33 40 0.846
417 531 29 42 0.836
633 214 17 24 0.829
586 216 18 25 0.828
547 237 24 29 0.827
761 247 16 22 0.822
712 397 30 43 0.821
622 270 22 30 0.820
739 322 26 35 0.816
501 297 27 35 0.816
144 299 32 44 0.813
887 323 23 28 0.806
833 286 16 22 0.806
794 287 19 24 0.802
100 152 28 38 0.787
966 375 26 34 0.786
264 173 17 22 0.774
900 283 16 20 0.764
523 207 19 24 0.761
652 201 15 21 0.758
845 271 17 23 0.752
823 266 15 19 0.740
318 150 20 28 0.731
796 261 14 19 0.701
508 184 15 21 0.642
853 399 25 32 0.562
932 270 12 15 0.560
446 180 25 42 0.375
321 112 15 21 0.352
214 214 25 37 0.329
942 330 24 27 0.297
455 189 20 31 0.296
427 167 28 51 0.189
972 295 16 23 0.176
830 345 17 25 0.170
472 165 12 17 0.141
152 168 21 25 0.129
733 264 13 23 0.119
639 245 18 22 0.102
826 270 25 30 0.102
1016 286 8 41 0.102
1010 304 14 39 0.087
277 240 24 31 0.080
433 173 33 51 0.078
796 241 15 80 0.066
421 155 28 56 0.066
1018 278 6 20 0.063
964 275 13 19 0.061
834 371 19 28 0.055
1014 318 11 27 0.051
983 314 19 26 0.044
186 102 17 21 0.042
975 378 24 28 0.042
273 198 22 30 0.040
156 127 20 25 0.040
279 195 16 21 0.039
610 246 18 24 0.038
940 296 16 19 0.037
461 174 14 20 0.034
226 107 17 21 0.033
931 280 17 27 0.029
821 316 19 23 0.028
661 169 9 14 0.025
150 129 20 24 0.022
731 230 12 20 0.022
347 109 12 19 0.019
731 244 13 39 0.019
257 213 35 34 0.018
989 379 18 31 0.017
464 184 17 27 0.017
964 273 11 14 0.016
923 379 27 39 0.015
945 317 20 23 0.015
450 169 16 26 0.015
513 185 14 19 0.014
975 320 28 25 0.013
477 162 11 18 0.011
464 169 17 25 0.011
930 267 17 23 0.011
121 121 17 20 0.010
832 351 20 29 0.010
