61_Street_Battle_streetfight_61_430
123
917 581 22 28 0.832
137 450 19 23 0.832
911 390 15 19 0.829
863 484 19 25 0.826
841 461 17 20 0.784
952 435 19 24 0.770
290 454 17 22 0.767
199 461 17 20 0.750
163 458 17 21 0.747
454 451 18 22 0.745
518 459 20 23 0.739
920 430 22 27 0.732
36 454 18 22 0.729
796 459 14 18 0.728
570 470 26 36 0.713
623 462 23 27 0.712
272 460 12 15 0.709
690 455 17 19 0.697
233 464 19 24 0.675
906 429 18 24 0.675
475 453 16 18 0.671
91 464 16 20 0.652
861 453 13 18 0.630
548 467 20 23 0.624
968 527 39 77 0.614
428 477 17 21 0.609
310 465 14 17 0.594
597 445 11 14 0.515
975 451 18 20 0.506
368 458 18 32 0.415
64 446 16 19 0.354
740 456 19 20 0.324
755 451 18 22 0.295
709 453 18 22 0.268
215 437 16 19 0.249
1002 396 19 22 0.220
379 479 12 20 0.175
270 458 22 18 0.164
64 450 24 20 0.163
768 107 23 24 0.161
379 458 18 26 0.153
556 424 9 11 0.143
735 29 22 29 0.134
116 465 11 13 0.131
52 453 17 21 0.129
1013 451 12 18 0.125
993 444 15 19 0.119
715 455 44 23 0.114
955 414 16 20 0.113
139 380 13 16 0.109
385 458 14 20 0.108
726 32 23 30 0.094
586 446 22 33 0.091
673 442 12 17 0.085
763 109 16 22 0.082
246 446 13 17 0.078
377 463 18 31 0.076
1001 448 23 20 0.071
595 444 15 22 0.065
191 460 15 20 0.064
745 24 19 24 0.056
92 476 15 18 0.055
711 459 18 23 0.055
990 442 27 21 0.054
13 451 11 15 0.053
777 108 19 23 0.047
211 458 17 21 0.043
958 411 14 17 0.041
60 461 18 18 0.037
415 438 9 13 0.036
382 486 10 16 0.035
248 445 10 13 0.034
213 442 15 22 0.034
214 453 15 21 0.033
1006 379 18 26 0.032
664 446 17 19 0.031
974 458 18 22 0.030
15 441 11 29 0.030
953 412 29 25 0.028
704 459 18 21 0.027
629 459 22 26 0.027
974 421 18 21 0.027
421 463 13 16 0.026
738 38 21 24 0.026
236 484 20 22 0.026
674 437 13 17 0.025
1003 386 17 21 0.025
178 472 13 19 0.024
912 363 12 16 0.020
758 107 17 22 0.019
1010 375 13 19 0.019
969 428 18 22 0.018
20 437 14 13 0.018
218 444 18 21 0.018
216 432 14 16 0.017
19 432 9 23 0.016
750 459 19 20 0.015
11 450 16 25 0.015
997 448 18 18 0.014
180 478 13 16 0.014
16 467 16 19 0.014
207 430 11 14 0.014
598 449 11 15 0.014
757 443 15 18 0.014
252 473 12 16 0.014
16 442 17 25 0.013
651 456 16 22 0.013
818 484 14 20 0.013
983 426 21 23 0.012
345 450 37 44 0.012
419 473 14 20 0.012
655 468 15 23 0.012
652 453 13 15 0.011
526 460 20 20 0.011
18 428 8 12 0.011
881 443 14 17 0.011
200 465 22 21 0.011
233 472 19 23 0.011
74 455 20 24 0.011
732 465 20 22 0.010
435 448 17 20 0.010
553 464 19 20 0.010
431 455 18 18 0.010
