61_Street_Battle_streetfight_61_913
37
886 127 111 134 0.799
233 317 26 32 0.786
140 463 13 16 0.745
191 480 9 9 0.288
202 198 9 12 0.246
225 476 9 11 0.238
227 476 12 12 0.131
117 326 32 33 0.118
228 206 10 11 0.113
172 472 9 11 0.110
235 477 11 12 0.103
144 202 13 15 0.075
203 489 9 11 0.068
226 206 9 11 0.067
201 194 9 12 0.051
271 463 8 11 0.048
202 203 9 11 0.046
224 477 23 11 0.044
238 205 9 11 0.041
240 477 10 12 0.037
134 320 28 32 0.026
166 342 26 26 0.026
324 496 13 16 0.025
113 327 23 28 0.024
148 211 12 14 0.023
208 477 26 17 0.021
268 465 11 13 0.019
177 345 22 24 0.017
325 495 21 18 0.015
323 450 12 14 0.013
693 298 231 195 0.013
153 216 8 10 0.012
150 482 11 16 0.012
179 208 11 13 0.012
148 310 19 24 0.012
506 385 20 24 0.011
200 208 9 17 0.010
