61_Street_Battle_streetfight_61_276
26
254 47 26 34 0.868
778 42 25 36 0.868
810 21 24 31 0.863
636 38 25 33 0.862
582 37 26 28 0.861
197 61 27 36 0.856
50 76 25 31 0.851
9 52 23 30 0.846
670 41 23 30 0.846
345 62 25 31 0.845
313 21 27 36 0.836
390 37 27 30 0.829
64 123 28 35 0.826
523 36 26 34 0.824
125 47 23 26 0.820
438 53 25 29 0.816
151 60 26 32 0.815
174 45 23 30 0.814
938 27 25 33 0.765
488 49 20 25 0.756
465 43 21 26 0.720
962 32 21 27 0.615
441 46 58 28 0.060
546 51 19 23 0.052
458 45 23 27 0.038
536 43 23 30 0.014
