61_Street_Battle_streetfight_61_211
37
828 180 83 134 0.796
126 542 39 53 0.788
977 625 38 47 0.775
271 523 36 45 0.762
882 625 34 41 0.747
221 530 30 39 0.737
321 542 33 41 0.735
173 528 38 47 0.733
34 507 44 57 0.722
430 955 169 141 0.697
254 944 116 97 0.673
993 582 30 37 0.580
886 558 23 26 0.517
952 573 26 31 0.403
911 571 28 35 0.331
956 561 27 31 0.247
886 562 47 32 0.175
1008 515 17 25 0.166
232 524 78 43 0.159
349 566 28 36 0.147
2 531 25 38 0.145
330 428 37 76 0.140
958 530 20 22 0.123
89 522 29 40 0.079
961 567 31 34 0.068
95 530 28 39 0.062
263 513 34 45 0.054
956 560 65 62 0.053
102 538 30 39 0.026
959 543 22 27 0.016
257 506 26 38 0.014
502 473 13 15 0.014
235 525 31 39 0.012
14 519 56 47 0.012
766 647 35 41 0.012
6 546 20 44 0.010
90 542 28 41 0.010
