52_Photographers_photographertakingphoto_52_263
34
627 261 25 35 0.836
136 293 20 33 0.816
351 297 23 33 0.806
798 286 24 37 0.788
41 278 18 29 0.762
687 247 20 36 0.756
754 283 20 37 0.696
402 293 23 30 0.690
318 307 12 17 0.615
270 300 12 17 0.528
27 370 32 42 0.403
66 384 21 30 0.322
467 305 15 21 0.239
661 367 36 57 0.135
87 319 15 25 0.084
325 304 14 18 0.081
463 304 13 20 0.080
41 367 22 35 0.069
749 428 35 62 0.049
398 314 12 14 0.035
36 414 23 37 0.034
39 430 17 24 0.033
331 303 14 19 0.029
72 389 22 26 0.028
268 304 11 15 0.022
344 294 24 30 0.019
284 342 10 12 0.017
409 299 20 26 0.015
90 333 17 27 0.014
776 363 22 37 0.012
23 365 25 38 0.011
316 303 17 25 0.011
50 387 22 27 0.011
866 340 25 37 0.010
