52_Photographers_taketouristphotos_52_266
59
604 449 56 89 0.850
460 369 29 44 0.746
320 389 27 33 0.740
245 412 22 40 0.428
348 377 14 21 0.399
449 371 28 39 0.370
377 338 11 19 0.364
310 302 17 22 0.339
280 340 14 18 0.270
313 327 15 25 0.217
621 375 15 23 0.188
446 375 19 27 0.170
410 341 10 13 0.136
389 354 13 21 0.124
313 335 13 23 0.113
174 215 17 22 0.097
118 212 19 23 0.078
379 363 15 21 0.064
387 342 14 44 0.060
375 368 14 21 0.055
294 383 23 37 0.050
402 338 17 20 0.046
395 340 10 13 0.039
232 344 8 9 0.039
667 674 115 91 0.034
345 344 13 16 0.032
413 342 11 13 0.028
217 342 10 11 0.027
350 370 15 22 0.026
312 315 17 27 0.025
140 184 17 23 0.024
433 337 11 14 0.022
180 215 14 18 0.022
169 220 20 23 0.021
214 342 10 13 0.020
327 385 22 27 0.020
155 218 15 20 0.020
121 207 19 22 0.019
176 213 14 16 0.019
350 340 12 18 0.018
223 340 14 16 0.018
178 342 16 22 0.018
412 385 19 26 0.017
234 345 9 11 0.016
373 336 17 29 0.016
219 342 11 14 0.015
181 225 13 19 0.014
231 344 11 15 0.014
686 380 12 14 0.014
273 340 13 16 0.013
165 209 17 20 0.012
288 391 26 38 0.012
342 379 19 25 0.011
382 334 11 16 0.011
435 382 18 23 0.011
124 183 34 26 0.011
91 410 20 51 0.010
408 346 13 16 0.010
408 380 36 29 0.010
