52_Photographers_taketouristphotos_52_281
34
413 656 36 44 0.825
629 589 30 53 0.631
154 637 29 36 0.504
444 469 15 19 0.282
883 646 13 16 0.165
222 472 12 17 0.121
286 619 19 21 0.082
849 572 9 12 0.063
879 643 13 16 0.052
870 661 9 13 0.051
750 607 15 19 0.049
822 624 12 14 0.038
98 610 30 41 0.036
167 646 20 25 0.034
870 664 11 14 0.030
327 465 23 26 0.029
290 599 17 20 0.029
842 632 12 14 0.027
786 636 15 18 0.027
871 649 15 20 0.027
237 717 7 9 0.027
387 560 13 15 0.024
160 630 23 26 0.022
161 648 21 26 0.021
82 604 42 43 0.018
796 599 9 11 0.015
209 655 10 13 0.014
841 637 11 14 0.013
848 554 12 53 0.013
816 618 19 24 0.013
843 574 10 13 0.011
853 600 11 15 0.011
828 627 18 16 0.010
835 587 11 19 0.010
