52_Photographers_photographertakingphoto_52_315
24
477 165 60 76 0.885
692 94 101 134 0.863
161 165 98 128 0.840
239 121 54 82 0.840
284 183 23 30 0.658
632 200 10 12 0.545
0 224 19 66 0.472
574 193 10 11 0.297
581 193 10 11 0.297
571 193 9 10 0.289
671 200 8 11 0.258
611 201 10 13 0.191
583 195 10 12 0.130
355 128 27 73 0.089
571 193 20 10 0.086
567 192 11 14 0.073
586 194 8 10 0.047
559 197 11 15 0.032
650 185 7 10 0.028
332 207 14 15 0.028
572 197 18 13 0.028
596 199 21 12 0.025
216 147 58 100 0.017
62 18 50 69 0.016
