29_Students_Schoolkids_Students_Schoolkids_29_10
24
575 335 23 29 0.861
466 329 18 24 0.846
524 376 23 28 0.842
482 366 22 30 0.842
526 317 17 22 0.829
658 366 24 31 0.814
424 353 23 28 0.795
558 280 14 17 0.787
458 293 18 23 0.786
629 350 21 24 0.675
524 274 12 15 0.654
483 301 15 18 0.341
614 321 17 21 0.316
510 285 11 15 0.293
519 278 14 16 0.258
596 290 11 15 0.197
610 319 17 19 0.045
610 328 15 20 0.030
533 369 22 27 0.029
550 373 13 17 0.019
483 275 11 14 0.016
526 360 18 20 0.011
555 282 13 17 0.010
614 330 20 26 0.010
