29_Students_Schoolkids_Students_Schoolkids_29_684
35
456 40 50 64 0.878
209 64 53 64 0.835
788 479 8 10 0.626
320 519 6 8 0.299
988 472 8 8 0.270
829 463 8 9 0.219
852 468 7 9 0.183
214 538 8 8 0.136
442 519 5 7 0.101
293 509 7 9 0.099
961 462 12 13 0.082
829 466 8 10 0.069
294 511 7 10 0.055
788 476 7 10 0.039
999 468 8 10 0.034
316 518 13 10 0.030
951 454 11 13 0.029
642 493 8 8 0.027
699 500 7 8 0.027
638 496 6 8 0.024
659 493 8 9 0.024
62 526 6 8 0.020
463 515 9 10 0.019
958 466 9 13 0.019
557 509 7 10 0.018
354 516 9 13 0.017
352 520 10 13 0.016
462 510 8 17 0.014
211 536 9 11 0.014
337 527 9 9 0.014
790 480 10 11 0.013
252 592 17 24 0.012
216 534 7 9 0.011
347 527 10 10 0.011
296 537 6 8 0.010
