29_Students_Schoolkids_Students_Schoolkids_29_221
47
733 190 9 12 0.756
231 220 34 59 0.701
715 194 10 11 0.690
290 234 18 25 0.684
523 193 14 19 0.673
383 219 22 49 0.652
493 201 7 9 0.642
444 271 20 50 0.604
263 228 27 40 0.600
811 214 8 9 0.594
766 191 9 9 0.586
164 239 15 21 0.449
573 197 7 9 0.436
783 182 7 9 0.429
754 193 8 9 0.314
569 196 7 9 0.254
540 193 7 11 0.252
560 202 7 9 0.251
534 192 9 15 0.249
758 215 9 12 0.240
710 193 33 12 0.133
558 204 7 8 0.131
501 208 9 9 0.115
566 196 14 11 0.101
785 184 7 10 0.092
555 198 9 12 0.073
251 217 19 31 0.065
785 181 8 8 0.054
240 220 41 47 0.053
562 203 9 10 0.045
294 233 12 18 0.033
782 194 10 18 0.028
801 164 6 8 0.028
567 193 7 9 0.024
804 214 10 13 0.024
387 227 36 58 0.023
543 191 14 18 0.022
448 281 17 31 0.017
168 242 15 22 0.016
797 220 8 10 0.015
523 319 21 34 0.014
257 221 22 30 0.014
157 240 15 20 0.013
272 236 24 29 0.013
783 203 7 10 0.012
749 192 14 11 0.011
795 221 7 9 0.011
