29_Students_Schoolkids_Students_Schoolkids_29_130
43
102 261 54 65 0.874
376 166 40 51 0.777
535 247 29 37 0.730
606 431 43 60 0.685
472 202 23 33 0.643
241 242 31 30 0.601
375 237 24 27 0.410
320 205 13 19 0.355
681 497 32 59 0.326
253 292 25 27 0.224
15 233 13 17 0.186
151 253 22 27 0.156
41 248 13 19 0.119
700 487 25 44 0.118
15 235 21 18 0.076
383 235 20 25 0.067
708 486 21 35 0.046
370 235 19 25 0.039
2 254 16 20 0.028
1 243 21 64 0.027
530 250 22 28 0.022
260 288 25 31 0.021
0 259 25 66 0.019
366 227 24 25 0.019
1 250 14 18 0.018
158 252 23 28 0.018
323 223 20 36 0.016
329 210 19 64 0.014
613 419 42 55 0.013
352 237 19 24 0.013
237 242 21 24 0.013
29 238 17 21 0.013
472 215 23 27 0.012
372 211 17 21 0.012
360 228 18 26 0.012
373 203 19 20 0.012
136 257 29 45 0.011
329 205 15 19 0.011
345 240 18 23 0.011
380 194 20 24 0.011
315 210 16 22 0.011
35 250 15 20 0.010
243 251 34 44 0.010
