29_Students_Schoolkids_Students_Schoolkids_29_316
30
291 130 75 92 0.899
257 17 71 81 0.888
167 158 100 121 0.874
831 13 79 87 0.874
886 106 83 88 0.865
637 191 105 134 0.864
553 115 84 99 0.862
97 2 58 62 0.857
29 139 75 82 0.854
159 22 48 58 0.848
409 0 45 50 0.846
327 22 56 67 0.837
207 23 41 56 0.828
500 -4 72 62 0.814
709 0 61 53 0.806
0 60 61 79 0.803
938 0 67 73 0.795
764 3 50 55 0.789
564 0 41 59 0.788
655 2 38 43 0.777
62 -3 37 38 0.672
675 -1 67 53 0.261
1005 0 19 50 0.188
484 10 43 50 0.152
858 55 90 102 0.060
0 97 26 77 0.053
0 133 16 69 0.027
487 23 31 44 0.019
181 19 54 68 0.012
478 4 32 49 0.011
