29_Students_Schoolkids_Students_Schoolkids_29_489
25
443 238 115 136 0.885
819 56 59 74 0.871
517 8 43 60 0.855
619 138 87 106 0.818
285 18 32 48 0.804
111 27 42 53 0.801
403 60 35 51 0.741
19 178 60 104 0.713
317 8 26 44 0.684
585 -4 28 46 0.582
956 31 36 55 0.362
880 0 44 25 0.165
5 158 33 84 0.145
0 57 21 58 0.044
122 107 42 66 0.035
726 88 13 17 0.033
747 100 14 18 0.030
-1 180 30 71 0.025
751 100 17 17 0.019
743 103 16 17 0.018
298 9 43 54 0.016
760 94 16 18 0.015
761 88 13 15 0.013
10 161 37 61 0.012
114 100 40 57 0.012
