29_Students_Schoolkids_Students_Schoolkids_29_624
66
145 149 48 57 0.870
560 284 15 22 0.717
101 263 8 9 0.697
342 247 7 9 0.658
283 255 8 10 0.652
405 251 7 9 0.648
798 254 7 8 0.640
39 270 9 9 0.632
252 253 7 10 0.622
759 261 12 14 0.622
58 259 9 11 0.615
204 264 8 9 0.539
962 249 10 13 0.518
1008 261 13 15 0.416
823 242 9 10 0.316
672 244 6 8 0.263
737 249 7 9 0.254
54 260 14 12 0.204
820 243 10 12 0.173
507 251 7 8 0.170
797 252 15 10 0.155
692 253 10 12 0.142
492 250 7 8 0.141
689 254 10 13 0.108
684 264 8 10 0.088
686 259 10 13 0.077
805 252 14 9 0.069
562 279 12 17 0.067
502 250 14 9 0.067
964 254 9 13 0.061
507 273 8 10 0.058
736 246 7 9 0.053
513 252 9 14 0.050
540 243 8 8 0.048
695 254 11 12 0.047
61 261 9 10 0.040
816 251 9 11 0.040
828 243 8 9 0.039
1008 256 12 14 0.035
516 258 8 9 0.030
283 252 7 9 0.024
723 253 8 10 0.023
244 245 51 27 0.022
226 296 9 12 0.022
694 250 11 13 0.021
510 249 9 10 0.021
743 262 10 13 0.020
88 283 9 12 0.018
542 244 7 9 0.017
759 250 10 14 0.017
959 254 10 14 0.016
254 255 12 10 0.015
564 289 14 19 0.015
534 240 13 16 0.015
742 249 14 23 0.014
52 275 7 10 0.014
833 253 11 11 0.013
897 191 6 7 0.013
763 262 11 14 0.012
91 265 11 15 0.011
998 258 9 12 0.011
511 244 9 9 0.011
493 245 7 9 0.011
758 245 10 16 0.011
831 242 9 22 0.011
506 225 14 64 0.011
