29_Students_Schoolkids_Students_Schoolkids_29_66
33
449 170 35 45 0.851
397 106 36 47 0.840
648 128 33 45 0.837
320 191 30 56 0.783
319 106 39 49 0.777
0 160 14 53 0.770
474 125 29 44 0.740
284 116 21 37 0.715
16 138 22 41 0.698
194 89 24 41 0.614
817 175 18 36 0.595
705 199 21 45 0.524
173 145 19 40 0.523
114 123 21 45 0.480
922 173 19 37 0.440
780 144 18 33 0.104
970 181 20 30 0.063
905 178 19 27 0.056
917 183 20 29 0.045
285 110 35 47 0.044
702 208 19 31 0.029
290 114 51 43 0.026
352 120 24 34 0.021
326 115 43 55 0.018
909 192 18 30 0.018
769 178 20 29 0.018
910 174 24 35 0.018
1 161 13 29 0.018
180 97 29 52 0.016
819 171 18 28 0.014
122 137 21 45 0.011
786 142 45 64 0.011
0 178 18 29 0.010
