29_Students_Schoolkids_Students_Schoolkids_29_311
32
298 378 15 18 0.830
231 376 21 24 0.824
446 393 15 18 0.802
120 369 12 14 0.788
47 373 14 18 0.763
0 362 8 14 0.704
446 365 13 16 0.686
202 385 16 21 0.673
830 425 11 14 0.626
684 420 17 22 0.302
204 380 14 19 0.239
446 364 14 59 0.176
23 357 8 9 0.090
28 359 9 11 0.084
211 378 42 25 0.081
25 360 10 13 0.037
686 413 16 22 0.031
36 364 13 25 0.023
719 446 14 20 0.022
34 363 11 21 0.019
691 408 16 21 0.017
732 436 16 22 0.016
34 361 8 10 0.015
720 435 24 23 0.014
835 427 11 14 0.014
0 432 8 20 0.013
11 373 9 12 0.013
690 431 12 16 0.013
164 380 7 8 0.012
833 385 12 15 0.011
9 367 11 17 0.011
32 375 10 12 0.010
