29_Students_Schoolkids_Students_Schoolkids_29_494
43
296 319 60 66 0.869
351 241 53 60 0.843
718 130 30 45 0.815
283 30 42 47 0.805
787 129 29 37 0.800
436 157 27 33 0.757
541 145 27 34 0.756
383 166 34 37 0.755
352 163 25 29 0.676
461 156 35 38 0.663
605 195 26 42 0.592
562 166 25 35 0.452
894 135 18 26 0.426
655 140 22 36 0.361
824 134 20 28 0.344
260 296 42 50 0.255
246 288 39 52 0.118
108 184 30 57 0.116
230 281 30 50 0.083
558 173 21 28 0.062
906 140 22 23 0.041
544 148 33 43 0.038
173 298 28 47 0.034
854 141 19 24 0.030
253 220 25 41 0.027
468 238 42 46 0.024
570 164 30 39 0.021
621 137 22 47 0.020
459 174 46 53 0.020
670 231 33 41 0.019
910 146 21 22 0.018
817 131 21 26 0.018
94 110 35 73 0.018
616 199 27 41 0.016
595 199 30 46 0.015
374 225 44 57 0.014
625 149 20 26 0.014
279 304 51 56 0.013
448 226 38 45 0.013
618 137 18 26 0.013
399 190 45 52 0.012
390 221 32 43 0.012
97 141 40 78 0.010
