29_Students_Schoolkids_Students_Schoolkids_29_358
48
268 363 18 22 0.843
671 389 19 23 0.832
490 381 17 22 0.825
545 379 18 23 0.824
624 376 20 26 0.809
843 411 19 24 0.807
573 390 17 22 0.801
362 423 17 20 0.791
940 418 22 29 0.789
433 400 17 23 0.784
249 436 17 19 0.778
711 367 22 30 0.768
768 389 19 25 0.760
339 443 17 20 0.718
799 401 20 27 0.693
310 439 15 19 0.679
887 397 20 26 0.668
472 434 16 19 0.658
497 422 19 21 0.654
412 435 17 20 0.390
320 443 16 19 0.228
402 429 24 22 0.205
454 417 19 23 0.187
1005 466 19 29 0.160
391 423 18 23 0.160
737 423 19 23 0.132
432 423 17 21 0.108
396 412 19 22 0.088
285 441 13 16 0.080
387 427 15 19 0.080
441 407 19 23 0.063
878 367 19 24 0.059
429 405 19 22 0.046
693 371 17 24 0.036
533 408 19 25 0.033
340 431 16 19 0.033
403 412 21 22 0.033
1000 462 17 25 0.026
774 379 18 22 0.022
807 408 18 23 0.021
899 395 18 25 0.020
628 371 22 26 0.019
324 451 12 16 0.016
802 393 18 22 0.016
532 405 17 20 0.013
884 412 17 19 0.011
397 406 17 19 0.011
562 383 19 24 0.011
