29_Students_Schoolkids_Students_Schoolkids_29_21
40
946 64 56 66 0.889
742 198 127 172 0.886
317 93 55 75 0.875
462 151 104 136 0.873
451 58 46 58 0.861
878 14 37 46 0.859
114 54 40 51 0.856
614 56 51 67 0.855
766 61 54 68 0.854
580 52 36 46 0.849
208 105 53 66 0.839
71 139 75 88 0.828
992 31 32 42 0.828
11 72 27 38 0.826
156 84 47 59 0.802
73 62 37 45 0.801
730 38 34 45 0.796
582 15 25 34 0.791
406 52 24 31 0.786
432 34 34 42 0.783
923 37 43 52 0.765
661 28 31 40 0.753
804 20 31 40 0.752
469 23 26 33 0.699
505 90 60 77 0.616
359 75 34 43 0.593
498 47 37 48 0.562
738 16 27 29 0.459
500 52 50 68 0.322
328 78 56 71 0.276
145 56 33 41 0.068
152 65 22 28 0.043
0 113 12 29 0.041
583 19 31 43 0.032
500 52 24 30 0.029
486 69 60 74 0.029
153 58 20 25 0.025
373 78 30 46 0.016
491 61 29 46 0.013
223 65 36 35 0.011
