40_Gymnastics_Gymnastics_40_646
49
770 319 54 62 0.896
380 278 47 58 0.889
549 199 45 55 0.886
394 152 39 51 0.875
594 306 46 56 0.873
840 166 46 53 0.870
503 314 45 54 0.868
918 306 55 62 0.862
262 256 44 54 0.860
713 172 42 48 0.858
120 296 48 53 0.852
959 68 17 18 0.699
173 82 18 20 0.694
275 65 9 12 0.663
1003 44 11 14 0.652
999 79 12 14 0.636
935 83 12 14 0.558
894 79 12 16 0.404
439 54 7 9 0.310
370 70 10 14 0.191
1013 97 12 15 0.161
488 48 8 10 0.141
371 67 8 12 0.123
845 84 10 12 0.117
440 52 7 8 0.100
371 75 9 14 0.092
437 55 6 9 0.092
374 64 7 9 0.082
848 82 9 12 0.068
485 47 8 10 0.065
949 74 17 17 0.062
1000 54 12 47 0.061
286 78 10 15 0.047
375 66 8 10 0.045
18 74 14 20 0.045
490 49 8 10 0.040
282 73 10 15 0.037
481 43 9 12 0.035
487 106 7 9 0.028
999 74 13 15 0.025
372 80 9 15 0.024
174 88 16 19 0.016
385 98 10 11 0.014
374 73 12 16 0.012
744 91 8 11 0.012
609 50 9 11 0.012
53 81 12 16 0.011
22 70 14 19 0.011
762 76 14 17 0.010
