40_Gymnastics_Gymnastics_40_638
25
971 320 10 14 0.697
456 320 31 47 0.666
668 360 15 21 0.289
1004 239 12 14 0.222
868 329 9 13 0.165
734 255 14 18 0.140
949 338 10 12 0.058
32 422 13 17 0.043
736 260 14 17 0.038
647 371 18 22 0.034
864 328 10 12 0.029
660 359 17 22 0.020
990 483 10 11 0.019
847 338 9 11 0.019
953 328 12 13 0.019
976 321 11 14 0.019
791 326 11 14 0.018
1006 235 12 13 0.015
732 263 15 18 0.014
814 448 11 15 0.012
829 357 9 14 0.011
826 347 10 15 0.011
998 349 9 12 0.011
947 337 9 11 0.011
641 370 15 19 0.011
