40_Gymnastics_Gymnastics_40_593
131
629 204 39 54 0.866
303 186 42 58 0.863
171 263 42 52 0.862
940 303 37 47 0.860
841 256 40 49 0.859
544 183 39 51 0.849
751 199 38 48 0.846
421 208 36 50 0.833
72 291 37 46 0.807
111 118 18 23 0.784
166 139 19 25 0.781
37 244 44 54 0.778
15 108 22 30 0.762
910 29 17 21 0.754
16 218 19 25 0.735
24 48 20 29 0.727
557 133 23 29 0.719
99 41 21 26 0.707
707 97 25 30 0.696
230 254 20 26 0.681
411 66 20 25 0.650
83 189 24 31 0.587
231 34 17 20 0.580
867 193 18 24 0.579
92 164 22 28 0.554
948 120 17 21 0.541
0 268 17 24 0.535
971 73 19 23 0.528
1008 32 17 21 0.513
839 36 19 23 0.453
68 233 25 31 0.446
771 1 19 24 0.414
142 233 22 30 0.395
776 176 25 32 0.357
557 98 25 29 0.339
655 64 21 25 0.329
943 256 23 24 0.322
416 118 21 25 0.223
571 16 22 23 0.214
708 34 20 24 0.196
73 209 23 56 0.196
546 74 21 24 0.166
0 68 7 17 0.157
158 25 21 26 0.154
437 11 17 20 0.151
235 186 19 26 0.131
504 80 17 22 0.123
153 62 19 23 0.116
280 18 18 24 0.114
696 3 18 21 0.103
930 177 16 20 0.098
626 155 22 35 0.097
642 15 17 22 0.096
11 50 20 25 0.089
978 0 18 18 0.082
331 87 19 22 0.078
634 35 20 24 0.077
624 72 25 31 0.075
975 223 23 23 0.074
361 18 18 22 0.072
242 85 26 36 0.063
661 33 17 21 0.061
838 41 22 28 0.059
957 91 19 24 0.058
865 50 19 26 0.057
18 219 33 40 0.055
560 87 23 27 0.053
486 100 22 31 0.045
309 15 29 27 0.044
824 0 21 20 0.042
560 11 21 25 0.041
99 154 20 23 0.040
954 88 17 19 0.039
38 118 18 23 0.038
296 0 25 20 0.038
74 62 15 20 0.037
357 78 21 26 0.036
637 3 21 44 0.035
600 17 14 18 0.035
105 140 18 21 0.034
766 173 35 48 0.034
631 151 26 37 0.033
627 37 21 23 0.033
247 65 21 29 0.031
960 99 18 21 0.030
985 217 23 26 0.030
695 30 15 19 0.030
418 0 18 20 0.030
10 51 14 19 0.029
555 9 17 22 0.029
956 111 19 23 0.026
497 79 24 31 0.026
583 16 22 23 0.025
625 61 21 26 0.024
104 129 20 23 0.024
507 27 22 26 0.023
620 1 19 21 0.020
84 200 20 23 0.020
331 16 52 25 0.020
634 8 40 73 0.019
631 26 38 40 0.019
437 15 19 26 0.019
499 11 17 21 0.018
770 18 20 25 0.018
952 261 21 22 0.017
831 0 23 17 0.017
152 22 20 26 0.017
107 220 19 25 0.017
884 113 16 22 0.016
910 41 16 22 0.016
961 3 14 19 0.015
454 59 20 27 0.015
623 160 18 26 0.014
431 7 20 18 0.014
408 117 22 27 0.013
167 31 15 21 0.013
236 37 19 27 0.013
332 38 18 23 0.013
911 52 14 20 0.013
437 27 19 24 0.013
360 11 20 19 0.012
795 257 21 25 0.012
104 202 20 49 0.012
966 3 16 17 0.012
289 2 21 26 0.011
747 56 21 26 0.011
771 19 22 40 0.011
750 168 19 24 0.011
574 11 24 23 0.011
994 2 16 18 0.010
825 57 18 23 0.010
