40_Gymnastics_Gymnastics_40_260
38
999 588 25 44 0.867
196 527 32 44 0.851
453 218 36 47 0.819
909 552 24 39 0.696
768 535 23 35 0.689
799 542 22 32 0.682
358 278 34 62 0.665
61 535 27 33 0.646
547 606 9 11 0.368
604 656 8 10 0.263
680 632 9 10 0.261
649 629 8 10 0.140
279 572 18 29 0.114
632 664 10 12 0.085
121 641 7 10 0.079
701 660 10 12 0.060
429 586 12 15 0.054
551 623 10 12 0.048
448 590 14 17 0.046
544 606 9 11 0.038
549 620 10 13 0.031
677 663 8 10 0.030
553 646 10 12 0.028
605 653 7 10 0.027
931 694 44 51 0.026
631 670 9 11 0.025
673 662 12 14 0.022
940 631 24 32 0.021
563 648 10 10 0.021
495 349 21 39 0.019
428 596 12 17 0.018
637 659 10 14 0.018
555 632 10 29 0.018
69 529 20 25 0.015
624 666 10 12 0.014
703 661 10 14 0.013
432 582 12 15 0.012
569 652 9 12 0.012
