40_Gymnastics_Gymnastics_40_492
54
473 150 36 52 0.889
654 123 40 54 0.872
359 150 40 52 0.871
555 131 41 49 0.863
549 46 24 32 0.806
510 55 23 31 0.785
380 1 21 23 0.759
587 78 25 29 0.753
37 3 20 27 0.745
363 75 23 30 0.714
469 77 21 29 0.706
309 8 23 31 0.687
269 19 19 26 0.677
210 18 22 29 0.660
415 0 17 18 0.644
169 19 17 23 0.613
485 64 22 29 0.584
451 1 20 19 0.543
308 70 21 35 0.502
337 0 25 23 0.496
306 47 20 26 0.388
404 24 20 23 0.380
354 1 19 19 0.374
496 6 14 17 0.241
449 110 19 25 0.218
309 3 55 27 0.138
426 81 18 21 0.121
383 69 19 25 0.108
256 6 17 20 0.098
373 75 22 28 0.091
72 0 19 19 0.071
0 -2 7 25 0.060
230 30 18 25 0.050
431 75 18 27 0.047
403 67 16 24 0.047
414 74 28 25 0.044
444 61 17 24 0.033
161 17 20 25 0.023
477 46 17 22 0.023
386 67 15 17 0.023
174 13 17 22 0.023
105 22 22 28 0.020
281 -1 21 10 0.019
2 77 19 28 0.018
309 75 50 34 0.018
318 80 19 28 0.018
572 5 14 19 0.016
98 35 18 21 0.015
50 1 34 22 0.013
214 13 18 23 0.013
601 79 16 23 0.013
450 69 19 25 0.012
388 74 21 26 0.012
281 0 20 21 0.010
