40_Gymnastics_Gymnastics_40_891
29
260 279 30 38 0.884
322 295 29 36 0.877
547 380 29 37 0.873
521 480 29 39 0.872
606 390 30 41 0.870
581 322 27 34 0.869
69 305 32 41 0.867
477 386 29 34 0.866
381 287 28 37 0.866
123 298 30 39 0.862
523 305 28 34 0.859
677 395 29 37 0.859
387 481 29 36 0.858
760 333 29 35 0.858
457 476 29 38 0.858
450 305 28 33 0.856
607 485 29 38 0.856
696 338 28 34 0.853
670 283 28 35 0.852
737 500 33 39 0.852
678 489 31 40 0.848
921 360 32 39 0.844
184 311 29 35 0.844
762 414 30 34 0.829
842 347 28 34 0.810
822 336 24 34 0.780
874 352 31 39 0.736
706 401 43 44 0.033
758 349 30 44 0.030
