40_Gymnastics_Gymnastics_40_171
91
485 324 95 132 0.886
978 1062 25 32 0.690
942 1170 27 34 0.664
907 1114 24 32 0.640
885 1055 26 30 0.634
894 1310 34 43 0.633
615 1208 32 41 0.618
693 1182 27 33 0.607
931 1256 25 32 0.582
764 1103 27 35 0.517
938 1102 24 30 0.499
699 1302 28 38 0.356
821 1219 31 43 0.306
271 1081 29 36 0.295
312 970 26 32 0.288
634 1001 24 29 0.264
439 1069 22 29 0.256
2 1303 25 37 0.252
785 1339 27 32 0.247
961 975 25 31 0.227
53 1127 28 37 0.222
842 1099 23 31 0.212
373 1124 26 33 0.211
270 1182 27 35 0.202
719 1224 27 37 0.186
796 1186 27 33 0.151
1004 1023 23 31 0.146
176 879 24 29 0.140
672 1278 24 31 0.133
28 1035 24 31 0.132
402 1193 36 41 0.120
373 868 19 26 0.119
118 972 23 28 0.104
237 917 27 31 0.103
655 966 22 26 0.096
768 855 21 25 0.087
33 858 25 35 0.085
717 1157 24 31 0.076
63 768 23 29 0.075
0 1172 20 37 0.073
552 1005 26 32 0.070
978 1307 27 30 0.070
95 1321 26 34 0.068
99 883 21 27 0.063
261 882 21 25 0.063
916 1147 47 38 0.059
322 1178 24 28 0.059
191 1191 23 32 0.056
195 1107 26 31 0.051
167 1263 30 35 0.047
68 1075 26 33 0.047
408 964 25 30 0.046
170 940 21 28 0.045
3 1123 23 33 0.045
194 996 22 28 0.043
77 913 21 26 0.042
276 1002 23 28 0.042
900 1151 27 30 0.042
135 903 21 27 0.040
698 869 23 28 0.036
171 1032 24 32 0.034
417 1202 28 34 0.034
116 797 21 28 0.029
692 874 25 31 0.026
950 1279 52 32 0.024
197 827 20 28 0.022
282 1226 25 32 0.022
4 1104 18 105 0.021
250 1292 29 29 0.020
719 994 25 33 0.020
324 856 21 26 0.019
96 877 33 30 0.019
134 852 20 25 0.018
816 1099 50 35 0.018
395 1192 31 39 0.017
712 1152 27 94 0.017
248 1139 27 34 0.017
771 1193 28 34 0.016
198 836 21 28 0.015
248 874 28 74 0.014
407 818 16 24 0.013
778 1188 31 34 0.013
675 1405 45 32 0.013
90 868 20 25 0.013
276 1214 28 37 0.012
817 887 22 30 0.011
170 962 22 29 0.011
647 880 18 23 0.011
716 989 23 28 0.010
964 955 22 27 0.010
254 852 18 23 0.010
