40_Gymnastics_Gymnastics_40_642
47
526 290 52 55 0.885
785 299 46 58 0.878
627 292 48 57 0.875
265 342 38 45 0.874
414 276 47 52 0.871
86 279 47 58 0.868
336 318 41 51 0.867
868 248 56 64 0.864
207 274 42 52 0.859
296 295 18 25 0.524
259 290 20 24 0.261
0 299 10 15 0.222
611 293 16 21 0.152
278 290 12 16 0.123
332 301 17 22 0.070
995 298 11 14 0.068
297 291 12 16 0.060
249 318 22 28 0.055
256 286 18 23 0.048
302 342 25 34 0.048
268 289 16 19 0.045
196 264 18 25 0.045
133 296 9 15 0.040
3 304 10 12 0.038
613 290 22 31 0.037
1013 291 10 13 0.032
971 296 19 20 0.027
985 297 19 18 0.027
129 293 14 22 0.026
596 293 35 36 0.022
278 296 15 20 0.021
958 280 7 10 0.020
249 289 22 27 0.020
295 333 25 38 0.020
18 330 7 11 0.019
993 292 23 17 0.019
961 297 15 16 0.019
243 303 29 37 0.016
377 326 14 19 0.015
370 320 19 25 0.015
346 176 6 8 0.015
317 294 19 19 0.014
319 299 20 24 0.013
977 291 11 12 0.012
1004 287 9 12 0.012
591 315 32 35 0.012
1014 298 11 19 0.011
