40_Gymnastics_Gymnastics_40_273
24
390 122 32 41 0.895
181 230 36 44 0.893
299 129 34 42 0.892
374 232 37 46 0.886
490 125 33 41 0.884
99 112 35 42 0.884
693 124 34 42 0.881
487 61 30 38 0.878
591 125 33 42 0.878
755 65 29 39 0.872
318 70 28 36 0.872
200 127 33 39 0.871
823 58 30 38 0.869
581 74 28 38 0.869
793 123 33 41 0.869
486 261 37 44 0.868
896 126 32 43 0.867
550 275 33 43 0.864
407 77 30 38 0.860
827 232 37 47 0.859
672 72 29 37 0.856
671 248 37 47 0.855
232 67 29 34 0.847
146 69 30 36 0.844
