40_Gymnastics_Gymnastics_40_668
95
114 261 155 149 0.880
390 187 97 115 0.878
498 194 82 112 0.876
194 71 104 128 0.861
648 199 81 88 0.857
285 198 114 139 0.850
865 207 95 103 0.847
761 245 12 16 0.747
847 61 14 17 0.663
610 43 11 14 0.652
693 78 12 14 0.626
714 43 9 11 0.603
652 31 9 11 0.550
437 92 10 12 0.534
752 34 9 12 0.515
785 54 12 14 0.508
673 41 10 13 0.449
637 46 10 11 0.412
736 246 10 15 0.395
559 45 9 12 0.359
671 62 10 12 0.341
580 31 9 11 0.304
522 57 9 11 0.261
631 31 8 10 0.217
688 31 12 14 0.197
790 48 13 16 0.187
736 251 11 15 0.171
558 41 16 14 0.153
980 276 15 18 0.127
795 47 12 13 0.119
773 48 24 16 0.098
433 92 10 12 0.096
432 32 10 10 0.076
651 17 11 41 0.070
740 257 11 14 0.065
607 31 8 10 0.065
729 248 20 22 0.063
862 37 12 14 0.060
593 121 11 14 0.059
0 117 10 32 0.057
868 34 15 17 0.052
784 58 13 15 0.051
882 70 10 12 0.049
847 28 10 13 0.043
576 66 10 12 0.042
871 35 20 18 0.040
97 56 10 13 0.039
897 61 11 14 0.038
518 31 8 12 0.037
430 93 8 10 0.035
860 41 14 16 0.035
874 33 13 15 0.034
710 252 21 26 0.033
18 42 9 11 0.030
875 42 15 20 0.030
908 40 12 13 0.029
878 63 13 17 0.027
667 4 18 78 0.027
590 116 11 15 0.026
913 32 10 13 0.026
919 37 13 15 0.025
946 43 12 12 0.025
703 75 11 14 0.024
857 34 13 13 0.022
79 74 10 13 0.021
775 53 12 14 0.020
940 38 13 14 0.019
893 41 15 15 0.018
880 46 17 18 0.018
696 31 9 12 0.017
892 49 13 22 0.017
1 139 14 38 0.017
475 38 11 14 0.017
414 198 103 113 0.016
601 30 15 9 0.016
596 6 31 77 0.015
88 38 11 12 0.015
669 41 12 43 0.014
471 39 10 13 0.014
803 32 12 13 0.014
944 37 12 17 0.014
582 31 12 13 0.013
70 99 14 18 0.013
844 30 10 9 0.013
876 4 16 101 0.013
922 39 13 14 0.013
88 41 12 15 0.013
921 31 21 28 0.012
576 107 9 11 0.012
515 29 10 11 0.011
480 35 14 19 0.011
662 33 13 15 0.010
895 51 12 25 0.010
486 42 10 12 0.010
552 34 12 11 0.010
