22_Picnic_Picnic_22_310
77
648 226 41 56 0.832
267 212 48 62 0.811
598 186 23 31 0.802
452 210 21 34 0.765
856 221 27 30 0.762
521 275 18 27 0.723
692 194 19 27 0.689
763 194 18 30 0.623
39 281 14 19 0.468
826 218 9 10 0.451
916 213 10 14 0.438
148 275 11 16 0.436
110 275 11 13 0.343
745 216 8 10 0.325
657 189 23 31 0.290
178 280 13 18 0.286
238 375 16 21 0.284
191 210 8 9 0.219
8 276 10 16 0.172
26 248 11 14 0.146
256 229 26 41 0.119
16 506 21 35 0.095
258 218 39 50 0.076
107 277 11 14 0.070
417 236 9 11 0.069
234 219 10 15 0.067
682 194 23 29 0.064
729 224 7 10 0.053
20 257 11 13 0.052
414 235 11 15 0.049
251 243 23 34 0.047
419 235 11 14 0.044
901 239 10 13 0.043
106 272 12 15 0.042
960 213 18 25 0.042
730 221 11 12 0.035
835 244 10 12 0.035
914 209 10 13 0.035
902 237 17 18 0.030
130 266 11 13 0.025
263 233 22 28 0.025
160 290 11 14 0.023
1 298 9 15 0.022
232 204 37 66 0.022
420 239 19 20 0.020
261 249 17 24 0.019
961 210 13 18 0.019
655 185 16 20 0.019
868 188 8 10 0.018
745 212 12 18 0.018
216 253 16 23 0.018
233 378 16 20 0.018
571 590 38 29 0.018
218 260 16 25 0.017
907 227 14 28 0.017
220 273 16 21 0.016
240 382 15 19 0.016
851 213 15 24 0.015
665 189 24 28 0.014
27 283 18 19 0.014
244 375 18 21 0.014
830 224 11 24 0.014
230 220 10 11 0.014
21 258 15 17 0.013
722 188 30 57 0.013
96 325 8 11 0.012
256 255 15 21 0.012
45 278 16 20 0.012
0 577 23 36 0.012
957 214 12 19 0.012
499 238 9 12 0.012
223 277 17 21 0.012
831 243 9 12 0.012
919 207 10 14 0.012
965 234 43 39 0.011
181 289 16 17 0.010
235 216 8 12 0.010
