22_Picnic_Picnic_22_541
62
84 625 51 69 0.779
361 1113 11 13 0.543
681 152 12 13 0.359
723 12 14 18 0.289
486 85 16 20 0.278
905 847 17 18 0.244
640 83 15 17 0.234
838 45 19 20 0.232
967 107 18 22 0.221
938 82 17 19 0.216
897 885 17 18 0.108
552 107 13 15 0.070
483 79 16 19 0.064
50 903 9 11 0.055
520 143 12 12 0.054
428 1071 11 12 0.053
681 146 14 18 0.052
751 1308 13 16 0.046
483 1197 8 10 0.045
844 45 21 19 0.043
634 84 15 17 0.042
773 1304 12 15 0.041
690 147 14 15 0.040
932 80 18 22 0.031
835 44 15 19 0.027
575 46 13 17 0.027
554 111 13 13 0.024
0 1136 9 13 0.023
750 1308 28 16 0.023
979 80 10 12 0.022
902 888 21 18 0.022
579 101 11 14 0.022
929 74 18 20 0.022
256 1275 11 14 0.022
426 1074 11 13 0.022
691 153 12 14 0.021
549 84 16 60 0.021
437 1076 10 13 0.019
575 37 13 43 0.018
635 77 15 17 0.018
784 84 17 19 0.018
829 48 24 23 0.017
890 878 14 20 0.017
892 849 22 24 0.017
538 1233 9 11 0.016
719 21 17 25 0.016
574 38 14 16 0.016
496 1252 9 12 0.015
425 1114 14 18 0.015
478 85 13 17 0.015
219 1125 10 14 0.015
792 77 14 16 0.014
260 1081 9 13 0.014
452 97 12 14 0.014
853 44 17 18 0.012
973 73 17 66 0.012
489 80 16 18 0.012
463 1215 9 11 0.012
71 873 11 20 0.011
19 1157 9 18 0.011
1009 85 11 18 0.011
462 1249 10 12 0.010
