22_Picnic_Picnic_22_313
35
304 310 26 34 0.843
700 276 23 34 0.842
157 303 31 39 0.830
619 190 24 31 0.816
511 238 18 26 0.788
76 212 12 15 0.721
223 301 17 31 0.614
770 355 22 35 0.596
646 342 19 27 0.452
778 365 22 37 0.390
567 241 9 12 0.373
331 178 6 8 0.207
0 204 7 20 0.192
783 376 20 29 0.108
120 169 7 11 0.090
488 190 12 15 0.054
35 204 11 14 0.045
346 223 7 9 0.040
142 169 6 8 0.033
100 194 9 11 0.028
331 175 8 10 0.027
0 196 9 18 0.025
766 352 19 28 0.023
645 352 17 24 0.023
323 170 7 8 0.023
304 173 7 8 0.016
748 241 11 16 0.015
226 183 7 8 0.015
787 384 21 25 0.013
717 325 26 39 0.012
743 240 13 18 0.012
482 189 15 20 0.012
97 130 7 9 0.012
308 174 9 9 0.011
650 335 21 27 0.011
