22_Picnic_Picnic_22_140
28
568 370 22 28 0.827
418 348 24 27 0.809
313 340 25 33 0.803
785 382 26 35 0.752
921 373 17 29 0.650
921 428 16 27 0.616
867 375 19 27 0.481
856 412 22 38 0.400
624 372 22 29 0.363
631 383 23 31 0.355
143 389 17 34 0.267
72 406 19 37 0.172
623 368 18 24 0.130
618 442 18 35 0.047
788 374 18 24 0.043
148 397 16 29 0.041
710 480 24 32 0.031
855 408 19 27 0.030
39 413 16 31 0.020
864 371 16 23 0.018
918 370 15 24 0.017
870 381 23 30 0.013
927 426 19 27 0.011
854 395 19 26 0.011
927 375 19 28 0.011
853 406 15 24 0.010
703 481 24 33 0.010
853 414 16 27 0.010
