22_Picnic_Picnic_22_732
389
281 601 13 19 0.762
337 609 13 19 0.727
723 580 11 16 0.718
848 619 14 17 0.679
225 586 9 13 0.669
426 573 10 12 0.626
191 604 11 15 0.617
296 544 8 12 0.605
407 569 9 11 0.597
522 601 13 16 0.588
57 657 18 19 0.575
217 628 13 18 0.572
789 546 8 12 0.535
159 536 9 12 0.530
212 547 9 12 0.515
580 558 9 13 0.471
325 584 9 12 0.460
147 589 10 15 0.418
516 563 10 13 0.414
109 560 11 12 0.408
88 526 6 7 0.391
607 610 10 16 0.380
366 566 10 12 0.379
214 609 11 12 0.376
368 585 10 15 0.347
171 523 8 9 0.347
760 623 10 16 0.347
148 521 8 10 0.345
585 541 8 11 0.331
729 641 12 17 0.316
468 533 6 9 0.302
22 567 11 13 0.286
5 516 8 10 0.266
673 624 15 19 0.266
415 621 11 18 0.256
722 613 11 13 0.254
583 545 10 13 0.244
447 621 11 18 0.234
655 587 10 14 0.216
366 586 11 23 0.210
107 558 10 12 0.208
197 527 10 11 0.207
595 578 9 17 0.202
400 529 8 11 0.198
342 526 8 10 0.191
528 550 7 10 0.182
626 600 9 12 0.176
448 539 8 10 0.176
124 523 8 11 0.171
514 555 11 25 0.170
254 533 9 10 0.165
414 572 25 12 0.164
112 562 10 11 0.159
290 523 8 9 0.146
487 560 11 12 0.146
883 666 12 17 0.144
561 540 8 10 0.140
148 512 7 25 0.139
246 579 10 16 0.131
855 554 9 13 0.129
323 522 10 9 0.123
244 574 10 14 0.121
216 538 8 10 0.121
359 527 7 9 0.119
21 663 14 18 0.115
341 648 16 22 0.115
186 539 10 13 0.114
419 532 10 11 0.114
191 543 11 12 0.113
668 623 15 20 0.112
211 512 8 75 0.110
232 551 11 11 0.109
484 561 11 12 0.108
822 555 9 10 0.107
582 531 8 60 0.107
276 509 7 11 0.106
239 575 11 14 0.106
477 520 6 8 0.105
148 529 9 11 0.104
640 545 8 10 0.103
185 543 9 13 0.102
313 557 8 11 0.100
367 601 12 17 0.099
367 546 8 61 0.099
143 579 11 15 0.098
15 501 8 11 0.096
509 524 8 10 0.094
54 660 16 19 0.093
357 544 7 11 0.087
989 567 9 13 0.087
110 592 10 13 0.087
338 518 14 21 0.087
526 537 7 10 0.085
454 518 6 9 0.082
304 550 12 13 0.082
421 531 9 16 0.081
769 537 8 11 0.081
244 556 9 11 0.080
963 512 6 7 0.078
320 522 8 10 0.078
320 544 10 12 0.075
247 568 10 36 0.074
12 498 13 20 0.073
539 571 9 11 0.072
551 521 7 9 0.071
314 578 10 12 0.070
791 549 9 12 0.067
932 511 5 8 0.066
185 559 9 12 0.065
347 579 10 13 0.065
6 547 10 14 0.063
197 520 14 21 0.062
492 553 16 19 0.061
684 577 9 11 0.061
104 494 6 7 0.061
353 543 9 14 0.059
242 571 10 14 0.058
812 519 6 9 0.058
196 522 10 29 0.058
3 515 13 13 0.058
768 534 8 11 0.057
724 618 11 16 0.056
30 558 11 14 0.055
257 522 9 21 0.053
787 533 8 28 0.053
996 522 7 9 0.052
399 525 8 11 0.052
2 499 11 12 0.052
717 610 17 19 0.052
502 550 10 15 0.051
690 623 13 19 0.051
13 661 21 20 0.050
208 531 16 28 0.050
475 559 9 12 0.050
249 583 11 15 0.050
782 527 7 10 0.049
517 528 9 96 0.049
710 566 8 12 0.049
359 522 7 28 0.049
0 634 7 20 0.049
82 498 9 30 0.047
131 538 8 10 0.047
84 500 10 24 0.045
651 584 12 13 0.045
790 539 9 26 0.045
594 585 10 16 0.044
514 522 12 20 0.043
63 564 10 15 0.043
241 545 10 24 0.043
197 493 6 7 0.042
908 510 6 8 0.042
592 522 8 9 0.041
529 525 7 51 0.041
472 560 9 11 0.041
615 547 11 10 0.041
302 549 9 13 0.040
26 659 52 22 0.040
105 525 7 9 0.040
236 525 8 21 0.039
676 628 14 19 0.039
576 558 10 14 0.039
159 502 8 26 0.038
275 502 14 26 0.038
5 490 8 63 0.038
192 499 10 23 0.038
421 519 10 25 0.038
155 487 8 100 0.038
323 511 11 26 0.038
322 528 9 27 0.037
129 528 9 20 0.037
652 518 11 15 0.037
266 512 8 26 0.037
542 572 8 11 0.037
395 597 9 12 0.036
422 538 12 12 0.036
658 624 15 19 0.036
254 536 8 11 0.036
630 580 9 13 0.036
59 531 9 17 0.036
730 644 14 18 0.035
170 569 9 10 0.035
148 524 8 23 0.035
978 521 8 10 0.035
38 515 8 18 0.034
506 533 8 17 0.034
113 558 9 11 0.034
65 510 9 25 0.033
944 545 9 14 0.033
530 535 8 11 0.032
190 505 11 10 0.032
428 518 9 16 0.031
1017 566 7 14 0.031
504 584 12 14 0.031
76 491 8 10 0.031
987 542 13 11 0.030
924 538 8 12 0.030
65 656 13 19 0.030
142 494 8 10 0.030
1011 599 10 17 0.029
205 570 11 13 0.029
528 601 13 17 0.029
308 557 8 12 0.029
62 568 10 13 0.028
65 499 10 31 0.028
264 528 9 23 0.028
61 513 8 25 0.028
253 560 12 12 0.027
702 546 8 11 0.027
234 513 8 28 0.027
197 523 20 14 0.027
50 546 9 12 0.027
259 494 8 27 0.027
159 484 10 101 0.026
334 505 11 26 0.026
25 526 8 10 0.026
214 624 14 19 0.026
223 575 10 22 0.026
221 562 11 81 0.026
848 612 12 17 0.025
266 553 10 13 0.025
521 568 14 14 0.025
224 491 8 8 0.024
937 504 7 9 0.024
340 520 9 27 0.024
629 568 8 11 0.024
451 507 9 24 0.024
88 492 7 73 0.024
881 622 12 15 0.024
569 514 7 7 0.024
267 541 10 21 0.023
416 629 10 18 0.023
873 508 8 10 0.023
141 489 9 28 0.023
139 580 12 19 0.023
540 574 10 12 0.023
202 569 11 15 0.023
392 516 12 24 0.023
257 491 9 25 0.023
864 581 8 12 0.023
343 545 24 11 0.023
219 549 11 15 0.022
630 569 8 17 0.022
659 592 9 13 0.022
608 606 15 27 0.022
895 570 10 16 0.022
655 582 10 14 0.022
442 609 11 18 0.022
567 510 11 18 0.021
205 492 10 8 0.021
266 590 11 13 0.021
691 505 9 21 0.021
479 515 9 22 0.021
54 538 10 22 0.021
251 586 12 21 0.021
505 585 14 21 0.021
632 519 7 18 0.020
191 561 10 84 0.020
0 630 8 16 0.020
223 490 8 29 0.020
887 511 8 10 0.020
484 532 10 16 0.019
747 527 8 11 0.019
861 576 10 16 0.019
256 529 12 26 0.019
995 541 10 10 0.019
256 593 19 14 0.019
103 515 10 23 0.019
609 612 12 14 0.019
91 493 10 9 0.019
430 544 10 10 0.019
986 568 9 13 0.019
910 530 11 10 0.019
54 549 10 13 0.018
334 551 11 12 0.018
62 650 15 19 0.018
974 540 15 12 0.018
388 573 8 12 0.018
220 594 11 37 0.018
106 594 10 14 0.018
292 497 11 27 0.018
641 631 18 18 0.018
200 601 15 19 0.018
153 604 12 20 0.017
376 528 9 10 0.017
215 513 14 29 0.017
196 482 9 89 0.017
145 575 12 14 0.017
396 587 10 20 0.017
502 587 11 13 0.017
899 565 9 15 0.017
84 491 6 45 0.017
14 530 21 72 0.017
467 504 10 68 0.017
606 544 18 18 0.017
648 517 13 19 0.016
508 544 12 18 0.016
731 636 13 19 0.016
682 552 9 48 0.015
195 487 7 30 0.015
897 517 11 19 0.015
764 610 12 16 0.015
692 511 8 10 0.015
1004 600 12 15 0.015
909 520 8 22 0.015
253 518 19 27 0.014
963 509 6 7 0.014
23 513 14 28 0.014
928 537 13 12 0.014
886 664 11 17 0.014
69 489 10 14 0.014
79 488 13 31 0.014
1 494 7 11 0.014
674 571 12 13 0.014
781 521 9 15 0.014
184 568 50 80 0.014
253 602 13 14 0.014
859 524 9 12 0.014
346 547 11 21 0.014
816 551 14 14 0.014
653 626 15 20 0.014
602 549 11 15 0.013
206 605 15 15 0.013
932 508 10 17 0.013
221 497 12 31 0.013
29 569 13 15 0.013
933 512 6 9 0.013
599 548 27 10 0.013
408 511 15 31 0.013
942 554 10 14 0.013
16 493 10 11 0.013
846 503 7 26 0.013
410 503 13 29 0.013
417 609 12 23 0.013
955 532 15 17 0.013
165 492 10 9 0.013
404 566 10 14 0.013
146 625 13 20 0.013
694 508 8 27 0.013
186 554 9 21 0.012
873 489 7 16 0.012
653 524 11 11 0.012
385 575 13 14 0.012
1015 542 9 10 0.012
135 573 13 17 0.012
908 591 11 13 0.012
525 522 8 26 0.012
548 506 12 30 0.012
406 547 9 13 0.012
409 620 11 17 0.012
716 512 9 17 0.012
102 484 12 30 0.012
68 485 6 44 0.012
616 540 9 19 0.012
899 577 10 21 0.012
217 635 12 18 0.012
505 571 10 25 0.012
283 500 14 48 0.011
39 526 10 19 0.011
857 489 13 9 0.011
411 542 12 18 0.011
46 586 14 17 0.011
734 635 14 17 0.011
950 532 12 23 0.011
897 564 8 29 0.011
251 564 15 28 0.011
86 491 9 44 0.011
944 549 12 14 0.011
460 496 13 25 0.011
421 509 12 41 0.011
408 573 12 22 0.011
83 556 14 16 0.011
457 586 10 12 0.011
682 554 9 11 0.011
2 538 10 21 0.011
654 508 9 37 0.010
229 502 15 30 0.010
842 509 12 24 0.010
166 503 16 32 0.010
39 583 16 22 0.010
57 536 12 27 0.010
289 522 8 17 0.010
140 592 11 15 0.010
874 487 7 29 0.010
588 581 11 16 0.010
717 536 9 11 0.010
128 496 13 31 0.010
757 542 9 11 0.010
504 542 13 23 0.010
40 591 13 16 0.010
