22_Picnic_Picnic_22_36
49
636 227 32 41 0.858
459 442 34 42 0.843
638 653 38 50 0.840
126 509 33 62 0.768
288 507 23 34 0.741
177 489 38 44 0.714
383 284 7 9 0.646
555 287 8 10 0.530
693 578 20 36 0.439
480 352 8 10 0.436
52 368 13 16 0.392
778 435 31 76 0.312
459 313 7 8 0.280
55 233 7 9 0.216
372 301 7 9 0.201
796 278 11 14 0.164
54 362 12 14 0.141
624 558 22 35 0.133
46 362 12 16 0.084
158 494 36 46 0.071
422 365 11 14 0.068
559 336 9 10 0.064
876 102 7 8 0.055
808 284 13 15 0.051
796 274 10 13 0.037
460 326 8 11 0.035
460 319 8 11 0.035
794 280 8 13 0.034
556 337 9 11 0.032
571 311 6 8 0.031
564 330 9 15 0.030
796 284 11 13 0.028
568 316 7 21 0.026
1 474 7 18 0.026
421 363 10 11 0.025
876 705 67 58 0.024
562 336 10 10 0.023
301 256 6 6 0.020
44 361 10 13 0.019
56 380 9 13 0.019
216 685 23 52 0.016
550 286 9 11 0.015
425 369 10 12 0.015
77 302 7 9 0.013
203 692 33 52 0.013
794 274 8 11 0.013
45 370 13 16 0.012
61 362 11 15 0.012
459 311 7 23 0.011
