22_Picnic_Picnic_22_444
73
138 344 12 13 0.709
619 428 12 15 0.695
376 416 11 16 0.682
295 397 10 13 0.677
403 350 9 11 0.599
505 338 8 10 0.543
425 370 10 12 0.514
813 348 10 12 0.455
546 414 9 13 0.429
210 407 13 15 0.389
501 387 10 12 0.324
511 404 11 13 0.192
216 409 13 15 0.186
565 434 13 17 0.185
569 334 9 11 0.176
767 338 9 11 0.135
553 423 12 21 0.130
530 329 8 10 0.079
605 330 8 8 0.075
797 338 7 9 0.069
262 412 13 15 0.067
216 398 13 15 0.065
212 400 16 19 0.063
222 410 11 14 0.052
264 345 7 9 0.050
243 319 7 9 0.043
459 342 9 10 0.042
422 370 10 12 0.040
216 395 11 11 0.039
427 373 10 12 0.039
222 399 10 13 0.038
816 349 11 13 0.037
651 350 9 10 0.037
684 337 9 11 0.037
682 338 8 11 0.037
802 342 12 16 0.034
407 352 8 11 0.028
495 363 10 11 0.028
380 413 11 13 0.027
263 397 13 30 0.027
591 330 10 9 0.026
258 415 13 15 0.025
205 408 10 13 0.024
576 426 12 16 0.023
498 371 12 20 0.023
644 351 8 11 0.023
499 337 9 12 0.022
208 401 12 14 0.021
455 341 10 11 0.021
971 334 10 13 0.020
145 346 10 11 0.019
533 327 10 10 0.018
809 345 12 12 0.018
225 420 11 15 0.018
671 337 11 12 0.015
594 362 8 10 0.015
507 338 10 11 0.015
726 348 7 10 0.015
220 419 12 14 0.014
282 330 6 8 0.014
679 337 14 12 0.014
271 316 7 10 0.014
257 419 12 14 0.014
139 347 11 13 0.013
261 386 10 13 0.013
635 349 10 12 0.013
321 319 6 7 0.012
356 598 9 11 0.012
282 327 8 10 0.012
591 358 10 15 0.012
264 338 9 23 0.011
493 366 10 14 0.011
460 336 10 13 0.010
