22_Picnic_Picnic_22_308
58
381 327 36 46 0.844
950 188 64 99 0.839
517 297 33 34 0.757
815 261 14 16 0.738
563 278 26 31 0.669
242 256 10 12 0.621
891 258 8 11 0.449
741 267 13 16 0.401
598 220 14 14 0.374
764 255 9 12 0.236
636 235 13 16 0.231
865 271 8 10 0.205
591 246 21 21 0.180
863 273 7 9 0.123
634 234 11 14 0.119
384 229 7 8 0.114
757 257 13 15 0.096
699 252 14 18 0.081
760 253 10 13 0.077
868 272 8 10 0.072
704 241 10 11 0.056
799 274 10 13 0.051
246 256 11 12 0.047
281 232 6 9 0.045
701 240 14 25 0.044
691 228 7 10 0.043
740 260 10 14 0.040
697 244 13 16 0.039
641 238 15 18 0.038
796 278 12 15 0.038
802 276 11 12 0.035
358 238 6 8 0.034
725 244 9 11 0.031
863 269 9 10 0.031
765 258 10 12 0.029
835 266 11 12 0.028
694 253 13 17 0.025
845 267 10 10 0.025
850 266 18 16 0.024
707 252 11 16 0.024
514 294 23 27 0.022
893 259 9 10 0.022
583 250 18 21 0.021
603 220 13 14 0.021
700 257 14 18 0.019
693 233 11 18 0.016
432 223 7 8 0.016
639 243 14 17 0.015
879 307 8 9 0.015
702 241 28 17 0.015
722 242 10 11 0.013
877 304 8 12 0.013
633 232 19 25 0.012
698 261 13 18 0.012
592 219 14 14 0.011
868 270 7 9 0.011
691 231 9 12 0.011
596 217 20 26 0.010
