50_Celebration_Or_Party_houseparty_50_19
32
520 396 37 49 0.868
132 375 42 53 0.807
862 425 42 64 0.795
453 424 21 28 0.784
652 440 30 47 0.771
214 416 28 49 0.594
406 436 23 37 0.578
748 492 13 18 0.447
770 435 17 21 0.239
784 436 18 22 0.162
413 435 20 29 0.154
620 382 14 16 0.122
768 435 11 18 0.068
403 446 23 34 0.062
262 478 19 22 0.062
890 431 20 38 0.060
720 483 13 18 0.060
1010 421 14 46 0.058
780 439 19 23 0.057
551 465 22 29 0.047
737 569 6 8 0.046
900 436 9 19 0.035
406 460 17 23 0.021
716 486 14 19 0.019
197 404 32 46 0.016
622 356 14 16 0.016
896 418 14 33 0.014
690 459 11 17 0.013
717 573 7 9 0.013
222 423 22 31 0.012
901 422 10 18 0.012
768 431 13 18 0.010
