50_Celebration_Or_Party_birthdayparty_50_134
91
852 282 34 39 0.839
81 352 17 22 0.715
943 350 53 61 0.638
16 340 18 21 0.564
797 299 10 12 0.556
421 340 9 10 0.530
616 309 9 11 0.528
580 312 9 9 0.510
554 312 9 12 0.499
486 322 7 9 0.493
561 344 11 16 0.466
507 336 8 10 0.431
724 297 9 11 0.421
599 336 10 13 0.361
639 309 8 10 0.357
651 304 9 11 0.353
529 336 8 7 0.293
704 302 9 10 0.279
384 352 9 11 0.270
693 330 10 13 0.254
611 351 9 13 0.241
444 351 9 11 0.239
477 338 9 13 0.230
645 305 16 11 0.174
542 334 9 10 0.170
642 306 13 12 0.142
546 330 13 16 0.121
554 304 9 31 0.118
608 345 12 16 0.115
633 311 13 12 0.086
582 310 8 9 0.085
754 305 12 13 0.075
437 366 7 11 0.073
482 303 9 57 0.071
806 338 11 13 0.062
443 340 9 17 0.061
928 335 26 25 0.056
422 344 9 11 0.052
750 305 12 13 0.049
606 353 10 13 0.049
0 342 15 21 0.044
541 349 14 14 0.044
711 344 9 12 0.041
745 305 24 13 0.038
759 305 11 13 0.036
892 342 21 28 0.035
551 316 9 11 0.035
503 344 11 12 0.034
502 331 43 19 0.032
597 327 11 19 0.031
798 305 10 12 0.028
741 308 11 13 0.028
6 344 28 21 0.026
810 310 10 14 0.026
445 340 9 9 0.026
923 317 11 16 0.025
441 338 9 10 0.024
925 315 10 12 0.024
632 358 11 12 0.024
556 309 8 10 0.023
832 294 14 17 0.023
812 315 9 12 0.023
930 338 14 17 0.021
604 358 11 12 0.021
506 337 10 14 0.021
486 344 12 11 0.020
384 343 9 12 0.018
816 330 10 15 0.017
444 356 12 11 0.017
79 348 16 20 0.017
554 327 9 13 0.016
793 300 10 12 0.016
917 314 18 22 0.015
920 315 11 14 0.015
124 423 7 9 0.015
713 342 13 14 0.015
636 359 10 12 0.014
474 331 9 12 0.014
84 357 17 22 0.014
387 352 8 10 0.013
739 310 10 13 0.013
609 355 12 16 0.013
705 304 11 12 0.012
764 307 13 14 0.012
632 343 11 29 0.012
92 353 15 21 0.012
705 301 13 21 0.012
13 335 17 21 0.011
755 301 9 12 0.011
491 290 26 94 0.010
717 303 13 24 0.010
