50_Celebration_Or_Party_birthdayparty_50_479
54
359 548 97 145 0.848
908 40 10 13 0.170
726 126 14 17 0.125
345 71 8 12 0.110
343 68 9 11 0.076
486 76 7 9 0.063
837 497 6 7 0.063
133 370 8 11 0.059
851 496 6 6 0.043
725 132 14 15 0.042
222 322 7 9 0.040
111 377 7 10 0.039
131 361 9 24 0.036
197 375 8 9 0.029
71 590 18 19 0.025
597 75 8 10 0.025
86 541 28 30 0.024
846 494 9 9 0.024
211 361 6 8 0.023
16 421 9 9 0.022
719 128 16 17 0.022
92 35 13 13 0.022
219 34 12 14 0.020
732 126 10 14 0.018
438 72 11 11 0.018
912 589 18 19 0.018
162 376 9 10 0.018
753 446 9 9 0.018
485 69 13 17 0.017
568 75 8 10 0.017
432 349 7 10 0.016
725 120 13 16 0.016
210 358 6 8 0.016
440 75 9 10 0.015
132 375 9 11 0.015
218 322 7 9 0.015
723 137 14 15 0.014
910 48 10 13 0.014
566 74 8 9 0.014
344 65 12 30 0.013
761 491 7 8 0.013
436 66 12 15 0.013
132 357 6 9 0.012
127 355 12 41 0.012
912 40 10 13 0.012
131 352 7 28 0.012
127 352 9 23 0.012
821 489 6 8 0.012
9 358 6 8 0.011
131 348 10 21 0.011
617 304 13 20 0.011
317 349 8 10 0.011
628 539 7 10 0.010
118 345 9 15 0.010
