50_Celebration_Or_Party_houseparty_50_715
505
281 498 10 11 0.241
650 578 12 16 0.231
98 585 16 18 0.223
281 547 9 11 0.202
256 600 12 15 0.197
371 559 9 10 0.183
264 639 14 17 0.183
45 567 16 18 0.180
559 578 14 17 0.179
700 599 15 18 0.174
95 530 12 15 0.171
397 560 9 11 0.166
630 564 14 17 0.164
241 512 11 16 0.160
215 571 12 15 0.153
494 548 12 14 0.150
195 593 15 19 0.145
529 540 12 15 0.143
132 511 8 12 0.142
807 557 12 15 0.136
102 507 11 13 0.135
880 568 15 19 0.135
311 499 8 10 0.132
723 544 14 17 0.130
380 535 9 11 0.129
579 579 15 17 0.121
681 533 11 14 0.115
307 520 8 10 0.114
494 525 8 11 0.113
737 508 11 13 0.110
671 555 14 19 0.108
807 644 13 16 0.107
360 648 13 16 0.104
592 516 11 15 0.096
742 513 10 12 0.096
947 592 14 17 0.092
166 577 12 16 0.091
421 526 9 11 0.089
724 568 13 17 0.089
663 511 13 15 0.087
618 543 13 15 0.086
191 511 12 17 0.085
339 504 7 10 0.085
829 503 11 14 0.084
148 531 11 14 0.082
454 513 8 12 0.082
560 513 11 16 0.080
309 547 9 10 0.080
437 656 13 16 0.080
639 492 11 14 0.078
456 484 8 10 0.077
345 520 8 9 0.076
835 611 15 19 0.075
163 530 14 15 0.075
357 514 8 10 0.074
286 476 9 10 0.074
521 570 13 17 0.074
593 593 15 18 0.073
218 576 14 21 0.072
750 500 9 12 0.072
632 568 17 20 0.072
773 579 16 20 0.071
890 523 8 11 0.070
749 540 12 16 0.069
677 570 14 17 0.067
697 559 14 18 0.067
282 538 10 31 0.067
587 499 11 13 0.066
332 489 9 10 0.066
538 558 14 17 0.066
305 467 9 14 0.064
439 565 11 14 0.064
515 485 10 14 0.063
26 482 10 15 0.061
62 532 13 14 0.061
610 554 12 17 0.060
536 506 12 22 0.060
56 473 9 11 0.060
805 500 10 13 0.059
664 492 11 12 0.059
511 509 12 15 0.059
773 501 11 13 0.059
754 509 10 13 0.058
393 511 9 10 0.058
720 549 14 18 0.058
208 497 10 13 0.057
240 503 12 39 0.055
161 468 8 10 0.055
718 517 11 14 0.055
320 578 8 10 0.054
836 616 16 21 0.054
150 531 15 15 0.053
689 579 15 17 0.053
452 594 11 12 0.053
849 547 11 14 0.053
833 560 14 18 0.053
311 545 9 11 0.053
613 632 13 17 0.053
501 548 13 20 0.052
21 581 17 20 0.052
526 595 15 20 0.052
669 510 11 14 0.051
198 584 11 16 0.051
420 548 9 11 0.051
734 596 16 21 0.051
280 538 10 21 0.051
799 524 11 14 0.050
191 557 13 17 0.050
419 520 8 19 0.050
679 536 13 21 0.050
393 469 7 19 0.049
611 495 11 14 0.049
778 652 14 17 0.049
227 591 14 17 0.049
615 477 13 23 0.049
722 496 9 13 0.049
344 521 8 11 0.049
97 503 12 59 0.048
142 527 12 15 0.048
342 470 9 12 0.047
244 489 10 22 0.047
809 560 12 24 0.047
97 513 12 27 0.047
857 481 8 12 0.047
233 118 31 37 0.046
195 530 13 19 0.046
770 518 10 12 0.045
555 579 35 18 0.045
390 584 11 13 0.044
965 572 14 17 0.044
241 554 13 16 0.044
970 604 12 16 0.043
800 530 11 15 0.043
666 628 17 22 0.043
458 648 14 18 0.043
861 600 14 18 0.042
441 545 9 11 0.042
280 471 10 64 0.041
603 557 17 17 0.041
722 557 14 25 0.041
930 542 13 16 0.041
781 578 15 19 0.041
47 543 16 53 0.040
584 563 15 50 0.040
653 577 16 29 0.040
29 511 11 14 0.040
595 558 13 16 0.040
341 491 9 20 0.040
259 635 15 18 0.039
614 499 12 16 0.039
415 506 9 18 0.039
60 496 10 13 0.039
608 567 13 17 0.039
281 592 10 13 0.039
353 573 8 12 0.039
367 625 9 12 0.038
684 573 15 20 0.038
657 491 15 13 0.038
37 562 16 19 0.038
665 601 17 21 0.038
55 471 16 16 0.037
188 594 13 17 0.037
464 496 10 13 0.037
197 560 13 15 0.036
159 463 10 13 0.036
454 507 10 20 0.036
463 564 10 12 0.036
696 601 15 18 0.036
395 507 9 16 0.036
250 534 12 15 0.036
918 585 13 15 0.036
612 490 12 24 0.036
452 515 10 13 0.036
435 653 26 19 0.036
507 555 10 15 0.036
152 543 13 19 0.036
989 571 14 16 0.036
501 86 23 24 0.036
338 490 9 27 0.035
652 555 12 14 0.035
510 658 19 22 0.035
789 505 10 14 0.034
279 527 10 11 0.034
190 510 11 13 0.034
390 471 9 24 0.034
469 662 15 17 0.033
30 515 12 14 0.033
420 597 10 13 0.033
466 562 12 15 0.033
307 549 10 12 0.033
699 506 10 13 0.033
330 572 8 11 0.032
195 598 16 20 0.032
247 496 11 13 0.032
240 478 12 26 0.032
370 465 9 22 0.032
467 494 9 14 0.032
739 504 15 24 0.032
220 480 10 17 0.031
398 556 11 12 0.031
813 518 11 13 0.031
100 553 14 16 0.031
615 589 11 16 0.030
438 517 10 18 0.030
175 533 12 14 0.030
297 463 16 22 0.030
505 164 21 23 0.030
830 589 14 17 0.030
191 546 14 25 0.030
332 634 11 16 0.030
67 477 11 14 0.030
724 519 12 78 0.029
391 477 7 11 0.029
61 522 13 30 0.029
34 520 11 14 0.028
555 508 13 21 0.028
704 565 15 19 0.028
100 526 13 33 0.028
270 474 12 10 0.027
451 464 7 21 0.027
235 501 16 25 0.027
834 552 12 15 0.027
155 517 21 51 0.027
522 576 14 25 0.027
339 536 9 12 0.027
194 561 11 17 0.027
331 570 9 11 0.027
771 499 11 27 0.027
324 482 14 22 0.027
461 535 9 12 0.027
751 558 14 20 0.027
625 529 18 76 0.026
833 605 25 25 0.026
782 553 13 17 0.026
457 651 19 24 0.026
196 520 14 17 0.026
128 529 13 16 0.026
801 554 17 16 0.026
71 438 10 20 0.026
311 595 9 13 0.026
130 493 11 45 0.026
533 524 14 57 0.025
787 639 13 16 0.025
451 468 7 11 0.025
673 561 17 24 0.025
906 605 12 14 0.025
303 469 15 10 0.025
235 498 12 15 0.025
901 618 16 21 0.025
194 577 15 42 0.024
388 579 12 27 0.024
397 496 10 19 0.024
346 605 12 15 0.024
655 513 15 15 0.024
836 565 15 19 0.024
777 458 8 16 0.024
371 531 9 71 0.024
715 519 11 13 0.023
786 579 12 15 0.023
70 439 8 11 0.023
548 646 13 18 0.023
147 533 15 30 0.023
386 581 11 13 0.023
29 551 12 16 0.023
618 481 10 14 0.023
820 665 17 15 0.023
439 489 8 24 0.023
326 488 13 10 0.022
800 521 16 15 0.022
664 592 21 39 0.022
694 584 16 20 0.022
811 576 12 16 0.022
903 607 14 18 0.022
159 537 15 17 0.022
765 476 12 16 0.022
459 645 13 15 0.022
6 496 11 15 0.022
516 491 12 20 0.022
411 550 13 11 0.022
230 557 14 16 0.022
718 503 12 27 0.021
589 523 13 17 0.021
837 552 15 26 0.021
696 547 15 95 0.021
693 650 16 20 0.021
289 569 10 13 0.021
697 498 11 14 0.021
197 506 13 57 0.021
386 587 12 17 0.021
452 584 14 37 0.021
524 565 16 18 0.021
334 540 9 13 0.021
671 598 14 19 0.020
824 497 13 17 0.020
234 570 12 15 0.020
760 469 12 21 0.020
288 478 8 15 0.020
937 557 14 19 0.020
597 600 14 18 0.020
478 604 12 17 0.020
773 520 12 15 0.020
241 464 10 93 0.020
352 564 9 13 0.019
383 499 7 78 0.019
572 558 11 15 0.019
873 512 13 15 0.019
428 464 9 26 0.019
395 513 11 11 0.019
416 509 10 12 0.019
1002 515 8 12 0.019
440 531 10 26 0.019
282 493 9 102 0.019
117 493 11 22 0.019
600 589 15 31 0.019
521 463 12 25 0.019
551 643 11 14 0.018
36 523 12 13 0.018
487 503 9 13 0.018
231 552 13 15 0.018
841 533 11 15 0.018
113 501 17 24 0.018
670 489 11 20 0.018
559 586 14 17 0.018
118 515 14 15 0.018
30 575 16 20 0.018
437 483 9 24 0.018
137 479 9 12 0.018
480 463 9 26 0.017
659 598 16 19 0.017
420 603 11 21 0.017
383 517 10 27 0.017
996 596 14 21 0.017
621 539 15 18 0.017
93 535 14 15 0.017
802 496 10 17 0.017
445 610 12 15 0.017
748 514 14 73 0.017
55 569 16 18 0.017
452 651 16 17 0.017
160 511 11 15 0.017
120 495 11 16 0.017
298 497 14 17 0.017
336 531 11 20 0.017
95 476 10 15 0.017
477 517 12 17 0.017
843 534 14 22 0.017
378 490 11 21 0.017
257 472 13 17 0.017
207 527 21 88 0.016
968 574 15 18 0.016
344 463 13 27 0.016
811 571 13 16 0.016
163 580 13 16 0.016
428 644 12 16 0.016
778 501 18 18 0.016
985 563 17 28 0.016
266 464 15 25 0.016
100 578 15 20 0.016
71 469 11 17 0.016
459 633 14 43 0.016
455 637 28 51 0.016
659 605 16 21 0.016
483 477 10 15 0.016
505 452 11 25 0.016
708 590 17 20 0.016
312 590 10 16 0.016
941 555 12 17 0.016
525 462 14 27 0.016
932 532 12 37 0.016
721 514 14 23 0.016
547 639 15 37 0.016
256 520 13 18 0.016
230 572 13 17 0.016
392 461 6 37 0.016
673 535 15 16 0.016
524 556 14 74 0.015
289 469 25 11 0.015
232 481 19 16 0.015
249 554 15 15 0.015
26 472 11 18 0.015
718 530 14 26 0.015
449 452 9 30 0.015
500 662 18 20 0.015
488 504 10 19 0.015
833 535 14 79 0.015
171 576 13 17 0.015
956 519 11 12 0.015
152 529 24 19 0.015
318 556 12 54 0.015
459 463 10 23 0.015
252 535 13 20 0.015
794 541 12 15 0.015
506 479 10 19 0.015
197 542 12 15 0.015
258 643 15 17 0.015
645 529 13 19 0.014
345 505 14 28 0.014
494 529 12 27 0.014
174 580 16 22 0.014
995 604 14 18 0.014
716 584 15 20 0.014
534 461 15 29 0.014
74 548 14 18 0.014
903 600 15 43 0.014
505 147 24 32 0.014
420 475 11 30 0.014
388 449 10 29 0.014
272 638 11 15 0.014
53 445 11 25 0.014
981 507 9 12 0.014
673 516 14 89 0.014
480 584 13 16 0.014
572 615 16 22 0.014
502 604 12 15 0.014
541 652 17 19 0.014
1003 517 10 15 0.014
641 457 14 26 0.013
661 504 15 25 0.013
433 657 13 16 0.013
382 530 8 15 0.013
394 532 9 86 0.013
998 587 13 21 0.013
203 462 13 25 0.013
239 105 26 32 0.013
838 528 16 70 0.013
916 510 10 12 0.013
529 491 11 97 0.013
272 503 11 12 0.013
67 534 16 17 0.013
2 456 8 15 0.013
357 549 10 13 0.013
930 513 12 60 0.013
748 597 14 20 0.013
822 581 16 22 0.013
501 563 13 17 0.013
801 481 7 15 0.013
494 492 10 97 0.013
103 585 14 16 0.013
535 493 13 28 0.013
547 536 14 17 0.013
48 549 12 17 0.013
368 625 12 14 0.013
699 502 12 20 0.012
550 495 12 22 0.012
326 520 10 16 0.012
194 475 8 25 0.012
521 596 15 19 0.012
770 583 16 20 0.012
127 465 13 19 0.012
414 476 11 30 0.012
348 476 11 29 0.012
313 478 10 26 0.012
577 450 13 30 0.012
212 619 14 17 0.012
94 498 12 15 0.012
821 478 9 17 0.012
180 534 14 19 0.012
351 546 12 18 0.012
637 660 16 21 0.012
516 475 16 30 0.012
308 450 11 31 0.012
963 565 13 18 0.012
430 462 14 27 0.012
726 573 17 27 0.012
812 642 15 17 0.012
380 583 13 15 0.012
536 452 14 31 0.012
359 451 11 30 0.012
546 657 16 18 0.012
56 523 12 14 0.011
732 628 15 19 0.011
23 515 16 25 0.011
479 636 11 14 0.011
914 527 9 13 0.011
193 535 16 109 0.011
319 501 12 16 0.011
611 520 15 19 0.011
69 580 14 18 0.011
579 513 17 21 0.011
478 474 10 28 0.011
410 447 12 29 0.011
721 662 16 17 0.011
347 588 12 46 0.011
488 664 32 15 0.011
16 583 15 20 0.011
162 455 11 22 0.011
673 622 16 20 0.011
214 450 16 29 0.011
678 477 16 25 0.011
506 138 22 25 0.011
129 509 13 17 0.011
181 626 15 18 0.011
412 450 7 25 0.011
728 476 16 29 0.011
360 488 11 29 0.011
372 485 14 30 0.011
117 531 14 18 0.010
606 550 18 25 0.010
234 525 21 75 0.010
201 602 14 37 0.010
2 489 10 17 0.010
945 597 18 19 0.010
177 529 14 15 0.010
948 549 12 16 0.010
503 505 17 22 0.010
