50_Celebration_Or_Party_birthdayparty_50_75
29
179 599 29 34 0.858
118 605 28 31 0.853
239 388 28 33 0.851
237 454 31 37 0.833
407 203 88 102 0.829
115 383 29 32 0.825
176 386 30 31 0.818
57 458 29 32 0.803
157 472 16 19 0.775
664 125 26 32 0.738
58 388 19 20 0.737
56 602 29 35 0.633
184 474 14 17 0.622
56 528 28 30 0.569
126 468 15 18 0.257
163 474 16 19 0.075
502 610 25 35 0.071
171 387 21 25 0.063
0 753 18 14 0.058
0 131 44 148 0.053
303 397 14 19 0.041
44 751 44 16 0.031
51 529 21 24 0.028
46 604 30 34 0.022
465 486 35 39 0.020
48 531 30 32 0.018
333 351 41 47 0.016
756 150 12 15 0.014
184 470 12 15 0.010
