50_Celebration_Or_Party_houseparty_50_609
251
215 350 66 77 0.908
287 245 43 54 0.894
142 256 43 50 0.862
995 255 29 49 0.816
890 176 19 23 0.802
212 213 32 46 0.783
309 328 44 69 0.761
410 233 28 38 0.741
598 251 31 45 0.738
537 278 41 50 0.737
128 237 32 39 0.728
872 171 14 18 0.720
844 192 22 29 0.706
800 210 20 31 0.703
636 168 13 18 0.699
872 276 29 47 0.695
785 156 15 20 0.679
994 123 13 17 0.677
676 192 19 29 0.672
768 186 22 31 0.670
929 127 12 15 0.643
472 179 25 37 0.637
891 133 13 15 0.609
79 348 29 51 0.606
833 171 14 17 0.601
531 124 11 13 0.591
709 189 18 25 0.588
820 166 13 16 0.588
331 205 20 30 0.579
88 218 21 41 0.566
226 192 17 22 0.539
715 238 36 49 0.530
833 134 10 13 0.524
589 168 12 18 0.517
132 244 47 50 0.502
193 180 15 19 0.490
881 155 11 13 0.460
444 165 14 18 0.459
175 167 11 15 0.429
739 153 15 21 0.425
184 214 21 30 0.413
546 168 13 18 0.408
712 257 40 59 0.397
854 225 27 34 0.382
970 224 21 35 0.375
849 133 10 11 0.351
579 121 10 14 0.345
655 260 31 43 0.335
1004 148 14 17 0.316
584 132 10 12 0.282
485 162 13 18 0.279
603 145 12 15 0.264
271 182 20 26 0.259
387 190 19 25 0.253
926 156 14 18 0.252
822 170 28 17 0.241
483 127 9 11 0.236
223 149 11 13 0.233
541 133 10 13 0.231
483 164 16 26 0.227
768 134 10 15 0.225
949 204 24 28 0.219
653 144 14 18 0.212
648 120 11 13 0.208
603 188 17 22 0.208
581 124 10 15 0.199
570 147 11 14 0.198
53 202 14 26 0.185
982 134 13 19 0.182
360 178 15 20 0.171
216 165 9 12 0.165
869 172 35 22 0.158
189 181 33 18 0.158
803 185 20 22 0.152
708 274 36 53 0.146
956 190 21 23 0.141
217 159 11 15 0.141
745 188 20 25 0.140
156 186 18 21 0.136
525 177 18 25 0.127
791 160 15 20 0.124
800 119 10 14 0.115
409 134 8 12 0.112
588 160 20 46 0.112
538 153 13 17 0.111
682 245 25 37 0.111
739 138 15 21 0.110
218 148 11 32 0.108
956 210 19 29 0.106
796 178 17 22 0.105
740 136 12 16 0.103
403 147 9 16 0.098
146 208 29 47 0.096
812 190 16 20 0.096
539 203 22 28 0.092
580 107 10 53 0.090
652 122 12 52 0.089
276 176 20 28 0.089
585 142 16 69 0.086
421 52 12 17 0.083
343 221 22 30 0.082
588 169 17 27 0.081
328 158 11 16 0.078
566 141 11 18 0.077
575 203 22 27 0.076
360 164 11 15 0.073
358 191 16 21 0.072
335 157 15 20 0.071
215 157 18 27 0.071
270 162 8 11 0.070
852 230 21 25 0.067
723 271 36 50 0.066
289 167 15 19 0.066
236 161 12 16 0.065
824 223 17 24 0.058
587 193 31 25 0.057
896 177 19 24 0.057
517 157 14 19 0.056
581 201 18 24 0.056
689 238 53 42 0.055
349 205 19 35 0.055
459 183 23 33 0.054
789 132 14 58 0.054
577 121 9 12 0.053
377 147 9 12 0.051
336 196 19 26 0.051
407 133 9 30 0.050
594 123 22 53 0.050
794 163 24 93 0.050
468 148 11 16 0.049
801 170 19 20 0.047
525 150 17 63 0.045
360 156 12 19 0.045
747 145 15 23 0.043
988 194 33 36 0.043
732 161 13 19 0.042
197 176 14 18 0.040
586 197 19 26 0.039
979 137 12 18 0.038
273 178 15 24 0.038
474 174 22 28 0.037
543 167 19 25 0.036
815 209 19 26 0.036
384 196 18 24 0.036
987 200 19 26 0.035
146 223 22 27 0.035
265 187 14 20 0.035
526 154 19 20 0.034
329 158 16 21 0.034
319 600 63 79 0.033
181 222 19 26 0.032
405 124 9 47 0.031
189 214 25 36 0.030
255 194 16 22 0.030
339 184 18 22 0.030
488 184 21 27 0.029
103 238 20 34 0.029
648 114 11 13 0.029
704 117 11 14 0.028
455 154 16 26 0.028
942 205 19 26 0.028
745 154 16 19 0.028
138 202 18 23 0.028
339 163 15 24 0.027
374 147 10 10 0.027
673 249 29 36 0.026
251 185 26 50 0.026
356 198 17 23 0.026
952 187 18 22 0.025
575 149 14 16 0.024
614 131 11 14 0.023
448 132 12 15 0.023
809 168 24 18 0.023
898 230 32 35 0.023
974 228 28 38 0.023
326 159 10 12 0.022
705 196 18 23 0.022
284 169 12 15 0.022
252 225 20 30 0.022
357 144 11 14 0.022
520 295 41 56 0.021
554 169 13 18 0.021
701 119 12 15 0.021
513 160 17 25 0.021
451 188 19 25 0.020
275 194 30 38 0.020
330 188 21 33 0.020
923 163 17 28 0.019
396 140 14 89 0.019
553 225 28 33 0.019
451 164 16 24 0.019
148 214 20 25 0.018
240 162 11 14 0.018
289 219 22 26 0.018
719 190 18 25 0.018
172 161 13 15 0.018
357 142 14 23 0.017
608 200 20 43 0.017
846 135 13 18 0.017
737 141 17 30 0.017
645 123 13 16 0.017
611 127 10 12 0.017
359 176 20 29 0.017
179 155 12 14 0.017
400 170 14 20 0.017
963 188 18 20 0.016
967 214 34 47 0.016
303 370 29 59 0.016
852 130 10 13 0.016
921 181 16 25 0.016
1005 122 13 15 0.016
263 189 25 33 0.015
372 148 16 11 0.015
796 187 19 25 0.015
658 274 22 29 0.014
708 125 11 15 0.014
702 114 10 12 0.014
688 240 29 35 0.014
941 132 11 15 0.014
640 199 18 23 0.014
541 91 12 107 0.014
520 155 18 16 0.014
348 145 16 21 0.014
705 117 14 29 0.014
823 212 17 22 0.014
776 154 17 19 0.013
481 184 24 33 0.013
149 186 16 20 0.013
658 129 12 22 0.013
610 220 19 27 0.013
562 207 21 25 0.012
728 239 42 55 0.012
804 125 12 13 0.012
486 156 12 16 0.012
655 259 22 29 0.012
714 239 23 29 0.012
1006 190 18 35 0.012
663 122 16 16 0.012
406 151 15 18 0.011
859 230 27 38 0.011
512 230 21 41 0.011
190 184 18 23 0.011
297 168 16 20 0.011
874 136 11 15 0.011
1013 190 12 22 0.011
419 46 14 19 0.011
849 187 21 27 0.011
720 139 15 21 0.010
569 212 20 29 0.010
540 175 18 26 0.010
389 197 20 25 0.010
