50_Celebration_Or_Party_houseparty_50_432
169
721 839 36 47 0.888
627 72 40 54 0.875
628 825 30 40 0.875
512 841 36 44 0.868
718 38 53 78 0.865
566 827 31 38 0.864
335 284 30 43 0.862
393 320 18 23 0.856
312 614 25 31 0.846
617 279 21 29 0.839
402 601 25 34 0.838
470 319 24 34 0.820
695 271 21 32 0.808
540 288 18 33 0.808
416 65 25 34 0.802
148 566 13 17 0.801
313 58 26 42 0.801
251 613 25 39 0.792
253 319 16 28 0.786
568 88 20 34 0.768
375 56 19 26 0.756
493 65 41 67 0.753
182 100 9 11 0.716
888 352 10 12 0.708
354 77 18 27 0.691
179 566 9 14 0.684
294 869 17 25 0.673
13 827 13 15 0.657
106 100 7 9 0.656
837 327 12 18 0.638
142 853 11 14 0.625
479 600 22 33 0.618
395 863 10 12 0.609
409 862 8 11 0.597
158 97 9 11 0.597
739 607 8 9 0.575
672 606 6 8 0.560
442 71 24 37 0.537
474 864 10 13 0.536
987 322 11 14 0.529
653 607 7 8 0.515
625 600 8 10 0.477
475 592 20 27 0.467
128 102 8 10 0.451
81 378 10 11 0.374
121 571 13 16 0.314
821 308 9 12 0.310
98 120 8 9 0.299
471 591 18 23 0.295
402 863 12 12 0.274
345 868 9 11 0.268
490 61 27 42 0.266
500 855 9 13 0.264
491 61 18 25 0.263
608 594 7 9 0.249
265 862 17 27 0.246
77 120 7 8 0.236
108 101 13 10 0.214
4 572 8 10 0.182
375 862 10 16 0.180
830 105 6 7 0.174
501 857 6 9 0.147
199 563 13 17 0.129
104 96 7 21 0.122
332 38 15 21 0.117
294 844 14 18 0.112
475 858 12 16 0.111
776 106 8 10 0.100
699 606 6 8 0.094
481 590 13 18 0.088
982 345 10 14 0.087
476 866 10 13 0.082
105 99 12 11 0.082
698 608 6 8 0.077
107 97 8 10 0.071
258 863 17 26 0.070
444 861 9 11 0.070
428 856 11 12 0.066
128 105 9 10 0.066
332 876 10 14 0.066
449 346 9 10 0.058
986 616 7 8 0.057
377 857 8 10 0.056
98 570 8 9 0.054
145 600 10 12 0.052
475 856 9 11 0.052
434 858 14 11 0.050
435 857 9 9 0.049
404 585 17 20 0.049
447 864 9 11 0.043
421 595 17 25 0.042
289 845 14 19 0.042
381 875 10 14 0.042
666 606 15 9 0.039
152 116 8 11 0.039
399 862 12 13 0.039
645 621 8 13 0.039
201 559 13 17 0.039
330 873 10 14 0.038
468 592 15 19 0.037
644 624 7 10 0.037
773 102 12 14 0.035
984 339 12 17 0.034
95 103 10 19 0.034
367 865 14 15 0.033
482 857 26 14 0.033
39 380 8 9 0.033
343 867 13 16 0.032
421 64 31 40 0.032
131 102 8 10 0.032
178 561 11 14 0.032
134 100 12 12 0.030
294 842 17 30 0.030
27 808 11 15 0.030
384 861 17 23 0.028
332 880 11 15 0.028
36 100 7 15 0.026
487 600 17 25 0.024
593 598 7 9 0.024
740 600 7 10 0.023
344 872 10 13 0.023
377 865 27 16 0.023
673 602 5 8 0.023
319 51 21 28 0.022
22 812 11 15 0.022
142 850 10 12 0.022
119 577 11 14 0.021
100 569 11 12 0.021
500 861 7 8 0.021
794 264 14 22 0.020
197 559 11 17 0.020
14 818 20 19 0.020
297 840 13 18 0.019
293 325 22 29 0.019
212 85 7 9 0.018
25 96 9 11 0.017
329 41 13 17 0.017
595 597 8 9 0.017
37 377 8 10 0.016
423 861 11 12 0.016
37 96 8 15 0.016
218 834 10 15 0.015
173 567 12 15 0.015
178 916 22 27 0.015
771 98 15 22 0.015
101 95 8 11 0.014
105 59 13 94 0.014
31 95 12 23 0.014
135 569 20 15 0.014
212 90 6 8 0.014
561 83 20 37 0.012
309 855 14 21 0.012
10 822 14 16 0.012
340 867 10 11 0.012
433 844 25 39 0.012
986 618 8 10 0.012
20 97 7 14 0.012
450 76 30 37 0.011
828 102 6 8 0.011
314 858 10 15 0.011
832 327 11 17 0.011
74 376 11 12 0.011
721 608 9 10 0.010
383 880 9 14 0.010
277 847 17 25 0.010
395 586 27 29 0.010
452 344 9 14 0.010
449 349 7 10 0.010
148 555 12 50 0.010
