41_Swimming_Swimmer_41_607
27
405 76 118 195 0.836
227 106 10 13 0.341
746 58 7 9 0.280
672 65 7 9 0.261
833 54 8 10 0.205
181 59 9 11 0.152
130 124 9 11 0.150
962 70 8 10 0.056
954 110 8 10 0.041
749 58 6 9 0.030
56 158 7 9 0.029
131 123 11 15 0.028
880 72 6 8 0.023
829 66 9 11 0.021
951 108 8 10 0.020
973 97 12 12 0.019
906 66 7 8 0.019
827 70 8 10 0.019
673 68 7 9 0.018
230 104 13 15 0.016
740 59 8 10 0.014
879 67 7 20 0.013
0 247 8 13 0.013
52 161 9 9 0.011
256 115 9 11 0.011
961 52 11 56 0.010
222 106 13 18 0.010
