41_Swimming_Swimming_41_243
24
744 240 54 64 0.841
89 104 147 118 0.837
507 784 40 54 0.832
905 248 57 68 0.824
113 736 61 65 0.818
627 873 42 56 0.762
740 894 46 62 0.755
547 807 36 52 0.709
421 758 33 40 0.684
472 757 37 44 0.613
251 644 23 27 0.567
255 607 22 26 0.494
62 671 25 27 0.485
427 904 38 58 0.469
233 598 21 23 0.357
238 601 23 26 0.260
485 755 29 34 0.181
69 675 23 27 0.064
195 577 17 20 0.047
117 576 23 30 0.043
196 582 38 24 0.039
471 770 27 34 0.035
418 901 32 54 0.014
423 747 29 38 0.012
