28_Sports_Fan_Sports_Fan_28_126
67
308 252 79 89 0.902
457 210 89 96 0.886
420 387 61 64 0.871
71 312 12 15 0.735
406 300 23 27 0.703
105 278 9 11 0.521
128 286 9 10 0.514
174 286 8 9 0.464
1 267 6 12 0.399
775 302 7 8 0.380
920 301 7 8 0.246
12 319 10 13 0.195
282 282 13 17 0.186
703 294 6 7 0.179
105 278 15 13 0.172
937 303 7 8 0.171
978 299 7 8 0.163
961 299 7 8 0.160
865 295 6 8 0.155
838 298 8 9 0.132
65 272 6 8 0.110
43 291 6 9 0.088
885 300 7 7 0.085
390 305 25 27 0.082
285 283 13 22 0.082
873 298 10 7 0.077
841 298 9 8 0.077
699 293 10 8 0.074
886 300 11 8 0.066
689 290 6 8 0.064
918 300 7 8 0.058
821 301 6 9 0.055
864 292 6 7 0.054
944 302 16 8 0.045
894 303 9 9 0.041
659 290 7 8 0.041
281 281 11 13 0.036
297 276 11 20 0.032
821 296 9 14 0.031
917 300 15 9 0.028
64 279 7 10 0.026
703 292 6 7 0.025
972 298 11 10 0.025
65 282 7 9 0.023
815 298 9 13 0.023
913 311 7 8 0.021
11 324 10 17 0.021
135 289 10 11 0.020
804 294 8 11 0.019
151 303 7 11 0.019
0 289 5 15 0.018
386 312 20 21 0.016
835 296 10 9 0.014
976 300 8 10 0.014
40 290 7 10 0.014
173 297 8 11 0.013
866 298 22 7 0.013
937 303 31 8 0.013
820 310 8 13 0.012
1001 303 7 12 0.012
921 301 24 9 0.012
898 308 8 7 0.011
709 313 6 8 0.011
753 130 8 9 0.011
938 307 7 9 0.011
778 298 9 11 0.010
912 313 7 8 0.010
