28_Sports_Fan_Sports_Fan_28_327
30
827 186 92 104 0.900
91 305 39 45 0.884
165 274 99 124 0.870
86 242 44 52 0.856
652 266 41 51 0.805
979 131 41 70 0.780
350 99 91 143 0.777
999 272 27 50 0.760
954 247 19 27 0.755
0 272 22 35 0.751
736 277 34 39 0.733
343 264 21 26 0.442
284 556 34 63 0.245
722 307 20 26 0.199
88 273 43 59 0.195
727 283 27 35 0.075
772 290 26 30 0.045
718 305 17 24 0.040
719 289 21 28 0.034
-1 305 13 29 0.029
-2 312 9 22 0.026
326 542 28 36 0.026
776 282 26 31 0.025
306 540 52 47 0.018
959 247 23 28 0.017
349 270 25 26 0.013
729 311 22 28 0.012
1009 265 18 45 0.011
748 284 26 31 0.011
350 262 22 25 0.010
