28_Sports_Fan_Sports_Fan_28_244
26
392 78 58 73 0.717
586 78 58 69 0.704
891 312 31 36 0.679
955 292 28 34 0.579
945 207 17 22 0.122
684 340 30 37 0.095
928 282 23 28 0.078
977 144 18 23 0.073
1004 232 18 24 0.055
1011 375 14 24 0.047
866 264 34 42 0.039
896 301 34 43 0.038
986 299 18 24 0.026
960 79 19 24 0.022
1017 183 7 33 0.019
232 107 54 64 0.019
937 285 23 29 0.019
999 99 19 24 0.018
1011 204 12 53 0.017
1002 0 21 14 0.016
733 0 49 27 0.016
868 134 24 31 0.016
935 282 38 36 0.014
763 270 34 39 0.013
781 263 36 40 0.011
789 254 32 37 0.011
