28_Sports_Fan_Sports_Fan_28_267
73
347 329 19 23 0.819
625 280 20 25 0.791
633 344 20 26 0.789
504 344 19 25 0.774
596 402 16 20 0.762
420 241 20 23 0.742
358 256 19 22 0.739
352 226 19 22 0.735
438 387 20 22 0.726
325 273 18 21 0.718
311 214 21 24 0.710
404 203 17 21 0.690
633 196 20 21 0.675
564 368 16 20 0.647
287 262 16 23 0.473
668 253 16 22 0.395
448 28 86 77 0.341
443 228 18 23 0.271
664 203 22 26 0.244
467 206 18 19 0.211
353 219 21 21 0.194
480 340 16 20 0.154
360 213 17 19 0.145
681 239 16 20 0.131
340 196 15 17 0.108
505 326 18 19 0.103
600 237 12 17 0.101
605 307 17 21 0.073
354 212 16 17 0.055
459 198 17 19 0.053
675 248 16 22 0.053
823 612 10 12 0.050
583 365 17 21 0.040
319 212 18 23 0.034
584 249 14 18 0.033
336 611 9 10 0.031
620 327 17 21 0.031
642 251 18 22 0.030
76 607 11 13 0.029
115 601 13 16 0.028
361 222 17 21 0.026
341 613 7 9 0.023
305 224 19 26 0.023
613 328 18 21 0.023
453 345 15 20 0.021
296 264 15 20 0.020
641 198 20 23 0.020
455 354 16 22 0.019
218 759 36 9 0.019
603 312 20 31 0.019
429 236 32 23 0.017
465 668 9 10 0.015
604 293 30 41 0.015
670 201 21 24 0.015
934 383 8 10 0.014
331 606 7 10 0.014
457 361 15 20 0.014
583 242 14 18 0.014
201 605 6 9 0.014
115 606 15 17 0.014
761 371 14 18 0.013
400 285 14 19 0.013
762 615 9 12 0.013
117 600 9 9 0.013
599 617 8 9 0.013
557 757 19 10 0.013
549 201 15 19 0.011
454 342 23 40 0.011
498 668 11 15 0.011
840 600 15 16 0.011
448 670 10 12 0.010
388 676 10 11 0.010
587 759 17 8 0.010
