28_Sports_Fan_Sports_Fan_28_118
53
639 313 92 108 0.886
1 364 82 106 0.866
10 197 79 92 0.823
327 161 36 52 0.810
711 202 35 53 0.804
49 81 32 41 0.784
549 227 36 53 0.749
95 125 31 33 0.689
38 45 18 21 0.488
229 199 23 37 0.484
320 298 42 52 0.290
887 49 17 22 0.239
838 42 20 25 0.205
123 42 16 21 0.173
848 455 51 63 0.149
589 307 20 30 0.128
0 189 44 81 0.115
318 155 38 48 0.098
436 346 51 68 0.093
486 337 88 104 0.073
775 32 17 19 0.073
6 21 16 25 0.070
235 189 22 33 0.065
165 43 24 33 0.063
307 150 26 35 0.050
957 30 25 32 0.046
529 137 22 28 0.043
593 306 15 20 0.041
0 7 10 20 0.039
9 31 16 19 0.037
917 52 17 21 0.032
860 38 18 22 0.022
745 12 18 21 0.021
232 186 21 26 0.019
446 340 85 89 0.017
225 205 20 27 0.017
65 62 17 23 0.017
0 271 8 43 0.017
173 64 43 57 0.016
838 7 32 26 0.016
1 48 18 38 0.015
32 59 21 32 0.015
563 233 42 43 0.014
0 57 11 25 0.013
129 42 15 22 0.013
34 50 17 22 0.013
8 16 19 24 0.012
1 192 19 61 0.012
591 278 11 16 0.011
837 11 17 22 0.011
165 162 34 42 0.011
437 352 36 48 0.011
2 92 16 30 0.010
