28_Sports_Fan_Sports_Fan_28_7
878
468 648 118 143 0.880
77 863 75 101 0.858
839 539 24 30 0.852
944 856 66 91 0.849
868 1131 107 144 0.848
144 676 56 60 0.838
145 870 55 81 0.829
195 558 31 36 0.826
586 634 34 41 0.818
296 433 24 29 0.813
205 660 40 54 0.806
806 808 41 53 0.764
804 415 23 24 0.762
651 581 24 37 0.762
541 599 34 40 0.758
709 721 53 78 0.757
54 787 47 55 0.744
980 662 32 39 0.743
165 524 27 36 0.737
260 346 20 27 0.723
924 690 40 49 0.722
4 565 36 45 0.720
862 352 18 21 0.715
0 865 24 84 0.711
916 191 13 16 0.694
870 221 14 18 0.694
111 40 14 17 0.677
193 300 20 30 0.673
919 311 16 18 0.667
93 567 33 48 0.667
7 74 17 20 0.665
303 106 14 17 0.663
254 157 16 21 0.663
407 116 14 17 0.661
197 131 15 18 0.661
887 239 13 16 0.654
286 276 18 24 0.654
921 234 15 19 0.644
703 108 15 19 0.642
938 276 17 20 0.642
883 299 16 20 0.640
971 295 15 19 0.632
349 99 14 17 0.627
802 139 14 17 0.626
46 221 21 26 0.624
585 90 15 19 0.619
53 616 29 44 0.617
59 504 25 34 0.610
629 51 14 16 0.605
670 91 16 19 0.605
778 278 13 18 0.605
201 98 15 18 0.603
213 355 22 26 0.602
118 352 19 25 0.599
833 327 15 19 0.591
490 586 28 35 0.585
5 194 16 21 0.582
217 221 18 20 0.580
710 539 24 36 0.579
244 31 13 17 0.573
618 81 13 16 0.569
128 126 16 19 0.565
24 294 20 23 0.564
85 200 18 23 0.560
818 119 12 15 0.558
31 385 21 29 0.557
768 690 29 39 0.555
977 80 11 13 0.550
54 267 16 19 0.547
18 16 12 18 0.545
706 47 14 17 0.543
977 523 20 29 0.541
782 117 14 16 0.539
386 79 15 19 0.536
937 168 13 15 0.536
683 63 13 15 0.535
958 202 13 16 0.535
817 540 20 24 0.535
214 300 17 23 0.528
912 151 12 15 0.521
993 593 22 32 0.515
551 27 11 14 0.510
892 174 13 15 0.510
600 48 14 18 0.508
140 259 18 23 0.506
333 0 14 10 0.504
773 6 12 13 0.501
187 409 28 33 0.498
168 89 13 18 0.495
880 402 17 21 0.495
601 506 24 27 0.493
546 54 14 17 0.493
962 234 12 16 0.493
671 634 28 40 0.491
122 11 13 15 0.490
89 15 13 17 0.488
874 6 13 15 0.484
935 347 17 18 0.482
874 129 15 19 0.479
1007 339 14 19 0.479
833 510 16 19 0.479
270 226 14 20 0.473
482 66 13 18 0.471
144 15 13 17 0.468
336 25 14 17 0.464
930 112 12 17 0.462
314 637 50 77 0.459
612 120 16 20 0.455
571 50 13 16 0.455
1006 437 16 24 0.455
342 138 17 19 0.453
839 144 13 16 0.449
797 262 15 17 0.449
864 259 13 17 0.449
319 48 14 17 0.438
842 457 16 19 0.436
953 108 12 15 0.433
122 271 19 25 0.433
776 382 15 21 0.432
788 23 12 15 0.427
660 42 13 15 0.425
735 91 13 16 0.425
994 198 13 17 0.425
589 10 13 15 0.423
816 16 11 15 0.423
517 37 13 16 0.421
282 35 12 16 0.416
73 17 13 15 0.414
448 62 13 17 0.414
648 101 13 18 0.414
200 197 16 20 0.412
1009 303 14 20 0.412
35 126 17 19 0.410
1002 363 17 21 0.405
855 69 13 16 0.403
251 309 18 23 0.403
427 111 18 24 0.399
698 86 13 16 0.393
300 7 13 16 0.391
159 217 16 20 0.391
736 58 13 16 0.388
175 33 13 17 0.386
47 9 13 14 0.384
71 44 14 16 0.384
560 4 11 14 0.378
438 14 15 18 0.376
982 50 11 15 0.376
907 120 13 18 0.368
634 20 12 16 0.364
747 116 13 18 0.364
983 273 14 19 0.355
53 31 14 17 0.353
329 81 14 21 0.353
791 90 10 15 0.353
881 151 12 17 0.349
437 544 21 29 0.349
261 91 15 17 0.347
854 236 13 15 0.347
1007 235 14 21 0.347
832 4 12 16 0.345
351 47 14 16 0.345
60 163 17 20 0.345
514 89 14 18 0.343
835 119 13 15 0.343
826 43 12 14 0.341
110 71 14 17 0.339
157 120 16 20 0.339
900 86 11 15 0.331
987 173 12 17 0.325
845 47 11 14 0.324
646 111 14 17 0.322
746 130 14 17 0.322
421 0 12 11 0.319
473 8 12 15 0.314
881 67 12 16 0.314
205 74 14 16 0.308
-1 132 9 29 0.308
831 231 13 16 0.308
88 389 21 28 0.306
961 125 12 15 0.302
73 236 18 21 0.297
983 224 14 18 0.295
912 385 18 20 0.295
830 7 13 17 0.293
754 15 11 15 0.291
852 68 12 15 0.289
495 92 15 18 0.289
421 665 36 61 0.288
871 89 13 17 0.288
1013 54 10 17 0.286
889 268 13 16 0.286
373 46 13 16 0.284
821 65 12 14 0.282
784 422 20 23 0.279
657 531 26 34 0.278
621 107 17 19 0.275
200 231 18 22 0.271
391 1 11 14 0.266
614 40 13 16 0.266
904 0 13 10 0.256
914 284 15 18 0.256
1000 584 20 34 0.256
636 2 11 14 0.254
910 143 12 28 0.254
547 118 14 18 0.252
921 367 19 23 0.251
902 32 12 15 0.247
956 453 19 22 0.247
56 560 23 29 0.247
913 645 26 33 0.246
463 32 13 25 0.246
890 487 16 23 0.246
925 168 17 17 0.239
84 83 15 18 0.238
10 348 21 27 0.238
302 100 14 31 0.235
272 80 13 17 0.234
919 161 13 18 0.233
860 172 13 17 0.233
998 489 18 25 0.233
941 2 11 13 0.231
465 48 14 19 0.231
915 378 19 26 0.229
265 120 17 19 0.228
757 80 13 17 0.227
750 109 15 18 0.227
295 140 14 20 0.225
199 299 21 28 0.225
545 76 15 19 0.222
402 52 12 17 0.220
949 68 10 16 0.211
388 561 25 33 0.210
779 642 26 37 0.207
970 413 17 25 0.207
911 543 20 29 0.205
844 100 13 17 0.204
238 406 25 28 0.201
514 7 13 16 0.201
359 124 14 18 0.199
810 190 16 20 0.199
439 86 14 19 0.198
296 56 13 16 0.197
218 85 21 21 0.194
22 270 15 20 0.194
274 41 15 26 0.191
991 161 13 16 0.191
853 281 14 20 0.188
204 81 15 40 0.187
139 78 14 18 0.184
271 54 12 16 0.183
267 83 16 17 0.183
781 418 37 24 0.182
9 1027 45 91 0.182
800 59 12 16 0.180
821 196 15 19 0.180
220 182 13 17 0.176
701 72 16 24 0.175
526 99 16 21 0.174
139 211 14 17 0.171
833 251 12 18 0.171
442 10 17 20 0.170
859 72 16 20 0.170
977 127 14 17 0.170
509 62 16 19 0.169
228 85 14 19 0.169
931 113 14 23 0.165
940 129 13 17 0.165
910 594 23 31 0.165
18 1 13 13 0.164
389 516 15 20 0.164
942 73 14 29 0.163
813 361 19 25 0.163
967 125 20 17 0.161
709 71 13 16 0.160
371 3 15 17 0.159
911 169 15 16 0.157
40 559 35 35 0.156
495 38 19 18 0.154
865 498 22 26 0.152
982 40 11 30 0.151
586 28 14 24 0.151
761 103 15 16 0.151
727 34 11 15 0.150
888 248 14 38 0.148
902 101 11 34 0.147
440 89 16 26 0.145
171 34 12 17 0.144
1010 116 11 14 0.144
541 110 16 21 0.144
386 38 19 17 0.143
433 112 22 23 0.143
900 424 18 26 0.141
1001 0 13 8 0.141
681 3 11 14 0.140
922 169 12 16 0.140
795 62 12 20 0.139
842 22 11 15 0.138
1006 334 15 55 0.137
658 14 13 16 0.136
379 37 16 20 0.136
878 264 19 18 0.135
28 561 27 36 0.134
123 253 21 49 0.130
137 12 21 19 0.129
718 0 13 10 0.128
682 33 13 16 0.128
824 40 12 29 0.127
817 187 18 27 0.127
349 79 14 64 0.127
214 79 16 18 0.122
350 46 25 17 0.121
978 60 13 54 0.121
803 382 21 77 0.121
808 59 21 21 0.120
482 71 17 20 0.120
261 99 16 20 0.120
511 36 15 34 0.119
434 43 15 29 0.119
910 66 12 27 0.119
28 123 16 20 0.119
251 292 18 60 0.118
866 4 17 15 0.118
867 506 18 22 0.118
657 42 16 26 0.117
84 64 17 31 0.117
174 246 15 19 0.116
288 356 19 24 0.115
399 46 13 26 0.115
603 120 15 19 0.114
447 51 15 30 0.114
920 227 15 19 0.114
630 33 14 39 0.113
878 41 13 17 0.112
901 98 13 20 0.112
275 0 15 8 0.110
77 51 23 19 0.110
912 72 20 16 0.110
191 233 26 25 0.108
987 277 14 19 0.107
838 5 12 36 0.106
556 130 14 19 0.103
800 1199 79 124 0.102
273 122 15 19 0.102
127 125 46 18 0.102
451 114 16 20 0.102
280 353 24 41 0.101
126 110 30 47 0.100
429 17 15 35 0.100
845 153 14 24 0.099
290 570 23 30 0.098
20 700 55 56 0.098
307 31 15 26 0.097
1009 282 13 95 0.096
920 170 30 13 0.096
845 120 18 18 0.096
813 225 13 18 0.096
202 66 15 76 0.095
801 123 13 46 0.095
927 326 19 83 0.095
792 160 14 18 0.095
375 0 22 20 0.094
985 156 14 18 0.092
196 391 24 29 0.092
943 275 21 21 0.092
458 1 26 25 0.091
841 35 13 32 0.091
156 223 18 24 0.090
855 271 14 29 0.089
322 285 17 23 0.089
169 0 16 9 0.089
900 300 39 36 0.088
560 95 14 18 0.088
129 313 19 25 0.088
386 44 13 82 0.087
753 77 19 27 0.087
476 49 17 31 0.087
831 152 15 20 0.087
21 565 30 39 0.086
465 10 15 33 0.086
443 37 18 24 0.086
872 490 26 38 0.085
41 29 18 20 0.085
801 297 17 20 0.085
943 63 17 32 0.085
815 509 15 18 0.085
970 265 16 69 0.084
826 253 17 19 0.084
903 29 12 23 0.083
868 579 19 27 0.082
49 192 21 97 0.082
846 270 18 32 0.082
783 428 20 25 0.080
399 114 48 20 0.080
125 310 17 23 0.080
307 398 19 23 0.080
666 537 21 29 0.080
834 504 37 22 0.079
18 1 12 26 0.079
84 280 17 22 0.079
292 386 25 31 0.078
20 259 17 37 0.078
957 109 12 36 0.078
220 92 18 20 0.077
653 56 13 17 0.077
169 50 13 92 0.076
263 228 14 20 0.074
135 321 17 23 0.074
966 518 23 31 0.074
806 614 21 33 0.074
841 18 17 22 0.073
557 3 13 37 0.072
169 215 18 20 0.072
212 268 16 19 0.072
925 4 17 21 0.071
680 20 12 28 0.070
84 24 19 22 0.070
831 228 17 33 0.070
92 240 14 18 0.070
191 81 17 19 0.069
985 186 15 19 0.069
48 4 13 38 0.069
843 422 16 21 0.069
1004 499 15 28 0.069
759 100 22 16 0.068
136 21 14 30 0.068
1 1112 63 109 0.067
646 9 21 30 0.067
600 54 14 18 0.067
63 38 15 18 0.066
860 621 26 31 0.066
1016 139 10 18 0.064
999 387 18 26 0.064
762 33 17 22 0.063
341 55 14 18 0.062
933 76 16 31 0.062
516 33 13 34 0.061
951 46 14 35 0.061
111 32 14 36 0.060
817 508 19 26 0.060
0 1063 65 130 0.060
188 0 15 11 0.060
222 13 13 24 0.060
102 0 21 14 0.059
166 0 15 14 0.059
636 -3 23 25 0.059
780 278 17 20 0.059
902 387 20 79 0.058
746 123 15 19 0.058
778 263 12 19 0.058
94 384 32 31 0.058
293 275 16 23 0.058
52 10 13 42 0.057
675 2 16 13 0.057
614 98 17 51 0.057
536 60 25 33 0.057
121 227 15 19 0.057
238 531 24 28 0.057
986 596 22 31 0.057
121 75 19 18 0.056
696 588 23 29 0.056
198 68 20 26 0.056
0 225 11 26 0.056
0 233 8 19 0.055
918 148 13 37 0.055
962 13 15 32 0.055
69 242 19 22 0.055
662 513 20 26 0.055
670 81 16 38 0.055
671 97 19 21 0.054
875 577 17 25 0.054
947 79 15 22 0.054
812 236 14 19 0.054
870 -1 27 26 0.053
918 27 21 34 0.053
362 121 14 17 0.053
238 0 19 13 0.053
619 105 24 32 0.053
744 535 26 36 0.053
525 2 25 16 0.052
746 45 20 35 0.052
13 -1 12 136 0.052
41 205 22 28 0.052
804 364 23 26 0.052
298 391 26 30 0.052
402 39 13 18 0.052
474 36 23 29 0.052
905 38 16 39 0.051
116 382 24 28 0.051
649 536 25 32 0.051
670 -2 22 24 0.051
284 363 21 24 0.050
809 154 18 82 0.050
420 18 17 18 0.050
239 112 12 18 0.050
980 36 11 22 0.049
824 189 13 18 0.049
499 1 21 19 0.049
902 410 20 35 0.049
1011 632 14 27 0.049
643 85 47 42 0.049
713 -1 19 14 0.049
824 201 13 18 0.049
828 173 14 114 0.049
668 89 44 18 0.049
755 26 15 39 0.048
401 112 16 19 0.048
371 3 34 14 0.048
128 274 19 25 0.047
452 6 34 14 0.047
844 35 13 22 0.047
42 325 18 22 0.047
984 127 16 24 0.047
981 266 16 20 0.047
256 399 23 28 0.046
996 158 11 16 0.046
363 9 17 26 0.046
374 3 16 40 0.046
957 516 23 29 0.046
870 516 17 21 0.046
446 543 20 27 0.046
419 11 16 32 0.045
345 104 15 69 0.045
354 118 16 27 0.045
225 25 15 18 0.045
937 26 18 37 0.045
15 0 14 10 0.044
329 133 21 22 0.044
876 43 18 41 0.043
832 317 17 23 0.043
726 26 11 20 0.043
188 77 16 18 0.043
497 36 23 37 0.043
267 397 26 28 0.043
111 269 23 30 0.043
187 211 26 33 0.042
474 128 16 18 0.042
870 197 14 17 0.042
434 54 18 33 0.042
583 75 18 23 0.042
545 545 23 35 0.042
702 557 27 41 0.042
993 116 14 15 0.041
112 -17 11 133 0.041
810 165 20 28 0.041
28 256 17 22 0.041
692 112 27 21 0.040
182 27 14 19 0.040
143 72 15 19 0.040
828 225 16 26 0.040
856 494 24 25 0.040
52 33 29 27 0.040
987 118 23 24 0.040
84 575 36 49 0.039
214 260 16 22 0.039
39 703 48 57 0.039
516 63 27 82 0.039
439 554 20 29 0.039
1004 116 21 16 0.038
681 134 14 18 0.038
282 395 27 28 0.038
734 72 14 44 0.038
894 335 15 19 0.038
13 180 17 23 0.037
873 215 17 37 0.037
285 110 18 25 0.037
337 58 15 19 0.037
797 65 40 14 0.037
262 44 13 132 0.036
895 589 41 56 0.035
1000 670 22 32 0.035
546 57 16 120 0.035
3 276 16 25 0.035
79 387 23 30 0.035
758 47 15 21 0.035
917 35 17 38 0.035
770 129 18 22 0.035
295 149 15 20 0.035
817 165 17 38 0.035
5 509 25 41 0.035
270 73 14 18 0.034
943 39 18 42 0.034
354 97 16 20 0.034
180 243 21 23 0.034
955 466 22 24 0.034
1003 597 22 38 0.034
514 89 26 27 0.034
259 215 23 57 0.033
919 525 19 29 0.033
596 34 18 44 0.033
994 -1 20 19 0.033
29 7 20 36 0.032
89 192 16 22 0.032
277 81 13 16 0.032
407 676 39 64 0.032
731 567 18 23 0.032
721 17 16 32 0.032
157 90 20 26 0.032
930 389 14 21 0.031
590 -46 13 132 0.031
124 386 19 26 0.031
839 160 19 20 0.030
922 242 16 19 0.030
1001 144 17 34 0.030
260 69 16 57 0.030
11 -6 20 22 0.030
223 0 16 26 0.029
1008 21 11 16 0.029
787 654 23 33 0.029
934 5 19 40 0.029
793 29 14 24 0.029
943 173 15 24 0.029
224 221 21 21 0.029
546 100 17 43 0.029
409 659 59 84 0.029
891 12 17 31 0.029
993 120 11 140 0.029
682 46 21 42 0.029
685 116 16 20 0.028
828 265 17 21 0.028
1001 320 16 27 0.028
921 123 20 31 0.028
601 0 23 21 0.028
952 23 25 39 0.028
565 50 20 32 0.028
121 399 23 34 0.028
842 463 16 21 0.028
912 523 25 51 0.028
402 58 15 20 0.028
890 325 17 26 0.027
844 261 24 52 0.027
1014 284 11 19 0.027
294 562 23 31 0.027
982 66 18 29 0.027
156 404 22 28 0.027
904 451 19 24 0.027
760 690 27 35 0.027
233 99 18 30 0.026
1005 395 15 23 0.026
873 312 17 21 0.026
51 -15 29 117 0.026
584 35 23 137 0.026
769 648 30 39 0.026
284 -38 14 135 0.026
-1 890 16 79 0.026
588 18 11 143 0.025
965 11 21 38 0.025
748 549 24 30 0.025
404 622 31 57 0.025
392 571 25 32 0.025
989 661 34 37 0.025
1014 171 11 24 0.025
968 0 13 24 0.024
15 357 17 26 0.024
185 46 14 24 0.024
959 445 21 25 0.024
963 473 19 26 0.024
325 142 17 18 0.024
948 153 14 18 0.024
279 219 16 21 0.024
633 17 40 17 0.024
947 34 12 58 0.024
397 43 25 143 0.024
923 152 10 149 0.024
488 102 16 21 0.024
930 68 17 50 0.024
130 79 19 17 0.024
502 10 14 33 0.023
320 292 18 24 0.023
464 34 42 25 0.023
254 0 23 10 0.023
976 75 25 15 0.023
44 203 17 19 0.023
921 230 32 123 0.023
926 234 20 22 0.023
649 581 53 39 0.023
204 245 22 36 0.022
978 122 39 17 0.022
169 74 25 19 0.022
796 639 24 37 0.022
291 158 13 19 0.022
93 394 24 28 0.022
891 478 19 25 0.022
135 38 13 15 0.022
887 366 16 19 0.022
588 7 15 28 0.022
58 169 50 110 0.022
1013 28 12 38 0.022
888 448 21 26 0.022
920 114 13 145 0.022
81 284 16 21 0.022
385 517 20 29 0.022
420 84 15 18 0.021
77 334 17 26 0.021
280 119 18 25 0.021
862 589 21 27 0.021
813 529 21 25 0.021
334 0 14 67 0.021
840 149 28 26 0.021
927 163 21 24 0.021
47 195 16 22 0.021
591 95 20 26 0.020
921 521 17 22 0.020
930 400 16 21 0.020
816 550 22 21 0.020
886 456 20 25 0.020
96 246 16 24 0.020
252 302 17 22 0.020
979 402 24 27 0.020
109 282 23 25 0.020
668 525 24 33 0.020
340 329 19 32 0.020
706 13 16 29 0.019
810 502 18 26 0.019
278 80 16 27 0.019
319 -22 12 150 0.019
244 36 14 18 0.019
113 304 20 25 0.019
68 506 23 32 0.019
976 410 20 26 0.019
233 419 33 30 0.019
5 713 37 56 0.019
453 84 16 20 0.019
516 122 17 22 0.019
893 262 14 19 0.019
165 662 55 66 0.019
801 189 14 19 0.019
1008 444 17 21 0.019
887 371 18 20 0.019
379 617 60 83 0.018
534 1 19 39 0.018
314 80 17 28 0.018
188 158 30 114 0.018
85 239 23 33 0.018
1009 513 15 33 0.018
889 517 23 25 0.018
879 501 22 33 0.018
43 690 38 51 0.018
995 143 16 147 0.018
320 82 18 23 0.017
627 7 13 128 0.017
404 510 20 24 0.017
958 170 14 70 0.017
811 302 19 24 0.017
781 403 16 26 0.017
138 235 22 32 0.017
17 13 42 25 0.017
903 521 25 36 0.017
908 441 17 22 0.017
943 520 23 27 0.017
83 37 19 92 0.017
759 64 19 35 0.017
874 -57 11 143 0.017
733 564 25 32 0.017
1012 542 14 25 0.017
391 -11 11 56 0.017
393 0 18 40 0.017
71 321 29 49 0.016
811 589 21 55 0.016
809 2 17 30 0.016
20 355 16 24 0.016
438 -4 18 58 0.016
752 540 25 30 0.016
272 420 25 32 0.016
88 562 29 37 0.016
278 572 27 33 0.016
197 -3 22 22 0.016
949 442 21 29 0.016
200 54 18 27 0.016
844 358 19 22 0.016
698 598 19 24 0.016
879 155 14 154 0.015
308 55 20 19 0.015
151 59 14 19 0.015
314 505 19 33 0.015
560 139 13 17 0.015
389 111 26 29 0.015
338 -53 14 152 0.015
174 265 21 25 0.015
786 298 19 20 0.015
323 128 16 20 0.015
918 0 27 48 0.015
518 29 15 25 0.015
286 189 16 19 0.015
327 284 18 23 0.015
524 521 24 35 0.015
843 440 20 34 0.015
756 673 47 65 0.014
889 534 25 31 0.014
939 -12 13 71 0.014
1012 76 13 21 0.014
260 309 17 23 0.014
613 48 20 145 0.014
855 293 18 28 0.014
553 -48 12 150 0.014
276 222 15 22 0.014
124 375 17 26 0.014
874 362 20 21 0.014
826 328 19 22 0.014
972 99 18 33 0.014
683 -2 9 58 0.014
1002 563 18 30 0.014
576 620 25 31 0.014
643 127 15 18 0.014
287 199 17 27 0.014
748 678 32 47 0.014
898 512 20 26 0.013
700 521 27 38 0.013
885 445 34 132 0.013
295 371 22 36 0.013
984 423 22 26 0.013
715 566 26 27 0.013
288 267 17 24 0.013
848 477 19 29 0.013
977 481 23 26 0.013
173 533 24 34 0.013
806 598 21 31 0.013
916 26 25 59 0.013
528 -2 20 35 0.013
947 -3 24 35 0.013
920 399 22 25 0.013
987 160 15 31 0.013
275 214 17 22 0.013
822 70 11 21 0.013
990 83 12 153 0.013
875 482 23 27 0.012
490 95 18 23 0.012
104 32 24 99 0.012
922 644 29 35 0.012
234 80 13 18 0.012
859 359 17 21 0.012
749 140 14 16 0.012
500 3 13 49 0.012
855 409 23 30 0.012
906 313 21 21 0.012
254 21 26 148 0.012
911 417 24 26 0.012
785 690 25 35 0.012
638 130 15 18 0.012
16 566 49 66 0.012
660 542 25 31 0.012
811 285 21 31 0.012
366 17 39 77 0.012
928 470 21 26 0.012
795 362 20 23 0.012
923 126 32 26 0.011
704 18 12 170 0.011
844 27 16 39 0.011
990 10 18 25 0.011
12 323 23 29 0.011
910 457 21 24 0.011
13 716 27 34 0.011
882 40 22 41 0.011
775 281 13 32 0.011
576 623 37 45 0.011
79 321 20 36 0.011
68 579 33 43 0.011
975 397 21 27 0.011
781 437 18 24 0.011
68 1 31 53 0.011
491 39 25 106 0.011
373 656 74 92 0.011
28 693 40 48 0.011
270 430 20 27 0.011
1013 694 13 34 0.011
669 509 21 27 0.011
413 628 24 34 0.011
961 155 14 141 0.011
226 182 15 19 0.010
482 8 14 117 0.010
228 350 22 28 0.010
791 436 23 27 0.010
743 525 21 29 0.010
936 259 18 30 0.010
226 -28 16 107 0.010
528 517 31 60 0.010
814 1 9 35 0.010
14 53 16 21 0.010
838 75 14 111 0.010
