28_Sports_Fan_Sports_Fan_28_487
148
962 479 41 57 0.894
908 448 39 48 0.886
460 508 43 55 0.875
664 491 41 57 0.875
47 441 41 58 0.871
512 435 37 44 0.870
915 529 40 51 0.866
970 283 35 47 0.865
858 421 42 52 0.864
824 493 36 50 0.862
603 180 38 49 0.860
408 584 38 44 0.858
708 322 39 50 0.856
130 444 37 44 0.856
548 504 39 45 0.853
617 317 33 39 0.851
261 552 43 54 0.851
820 276 39 48 0.847
340 556 33 38 0.845
884 307 37 45 0.839
939 146 34 40 0.837
57 381 39 51 0.837
416 258 34 47 0.835
991 105 33 42 0.833
956 352 39 45 0.833
798 399 34 47 0.833
110 266 36 48 0.832
1003 415 21 53 0.832
731 283 37 45 0.832
860 241 35 41 0.831
820 561 44 50 0.830
622 95 30 39 0.828
674 276 35 45 0.828
328 64 35 43 0.826
569 342 35 45 0.823
552 566 41 51 0.823
556 243 33 41 0.817
162 144 37 44 0.816
668 157 34 39 0.815
873 166 38 41 0.815
669 80 30 41 0.814
454 287 39 43 0.813
489 376 44 50 0.803
789 81 31 42 0.803
159 274 33 42 0.802
460 205 42 50 0.802
714 107 32 39 0.797
423 194 33 39 0.794
594 384 35 41 0.788
746 559 37 44 0.785
956 210 37 43 0.785
429 65 29 39 0.782
993 335 31 42 0.781
787 218 39 44 0.773
727 590 32 34 0.773
0 459 29 45 0.772
674 10 31 37 0.770
799 5 33 32 0.768
213 107 32 44 0.767
621 537 34 39 0.761
0 340 23 37 0.759
595 438 36 42 0.756
737 239 37 39 0.747
207 15 25 34 0.743
430 481 39 43 0.742
15 223 31 35 0.740
343 3 35 32 0.727
199 311 32 40 0.723
837 351 35 43 0.722
471 34 32 44 0.714
162 4 28 34 0.706
219 194 36 44 0.704
145 232 26 32 0.700
604 4 28 28 0.691
410 29 29 34 0.680
173 507 37 47 0.653
547 13 23 32 0.616
49 112 32 45 0.542
673 401 30 42 0.517
486 257 30 41 0.510
38 85 29 35 0.477
182 395 35 37 0.352
754 2 30 24 0.323
893 0 33 20 0.294
605 331 38 46 0.247
772 197 28 33 0.214
144 29 20 26 0.213
1016 178 8 52 0.212
441 122 34 43 0.204
454 268 52 50 0.201
945 288 50 48 0.168
479 0 22 16 0.151
41 97 34 48 0.147
93 106 25 31 0.141
348 475 33 36 0.098
104 64 18 25 0.090
429 160 39 53 0.067
735 569 41 47 0.064
49 0 25 18 0.064
517 238 29 35 0.064
1 405 29 42 0.061
845 2 27 16 0.059
271 509 34 32 0.057
796 170 25 32 0.055
789 176 30 36 0.054
141 385 28 40 0.047
915 425 30 33 0.044
392 196 32 45 0.042
181 378 39 46 0.041
1016 194 8 27 0.040
5 48 22 28 0.039
146 391 35 40 0.029
100 54 21 78 0.026
469 216 41 63 0.026
495 256 43 51 0.026
275 518 33 36 0.026
42 105 23 34 0.025
700 452 32 47 0.022
195 598 36 25 0.022
689 445 35 52 0.021
1006 571 18 49 0.020
47 -5 23 16 0.019
675 356 30 40 0.018
630 90 31 41 0.018
388 467 34 37 0.018
481 241 38 49 0.018
50 128 28 41 0.017
680 399 36 51 0.016
697 434 32 52 0.015
787 352 34 39 0.015
163 520 42 45 0.014
1010 435 15 43 0.014
33 86 20 27 0.014
1018 186 6 26 0.013
605 472 32 36 0.013
248 495 30 34 0.013
542 14 34 44 0.012
832 484 44 54 0.012
1009 223 15 26 0.012
15 469 28 40 0.012
352 135 43 57 0.012
57 220 27 37 0.012
0 8 6 36 0.012
216 111 41 51 0.011
176 401 24 29 0.011
450 131 31 37 0.011
108 62 21 27 0.010
593 386 24 29 0.010
