28_Sports_Fan_Sports_Fan_28_711
27
433 116 139 164 0.751
413 371 9 10 0.191
50 55 166 327 0.162
445 369 6 8 0.096
0 417 67 502 0.077
470 382 9 10 0.057
464 366 8 8 0.052
445 381 7 11 0.050
389 378 8 10 0.049
376 381 8 10 0.045
555 728 239 226 0.041
522 362 7 10 0.037
474 366 8 7 0.035
541 362 6 8 0.028
377 379 13 12 0.024
574 365 7 7 0.022
446 368 6 6 0.021
0 259 66 453 0.019
0 409 131 534 0.017
574 362 9 11 0.017
400 375 11 11 0.016
13 83 147 344 0.015
513 363 12 8 0.015
573 380 7 10 0.013
542 364 7 9 0.013
393 375 9 17 0.011
412 381 363 287 0.010
