24_Soldier_Firing_Soldier_Firing_24_601
74
860 303 35 38 0.847
735 323 36 38 0.842
86 314 30 35 0.842
177 324 30 34 0.840
473 306 30 36 0.832
296 320 29 36 0.821
392 309 31 36 0.809
983 338 13 16 0.743
24 329 15 19 0.739
599 309 36 38 0.732
980 293 13 16 0.723
312 292 30 33 0.609
906 327 15 19 0.581
1007 344 9 11 0.393
523 293 25 36 0.363
842 325 16 19 0.286
831 331 13 17 0.279
629 298 32 37 0.251
515 297 25 33 0.251
221 324 21 29 0.236
255 347 18 23 0.216
581 322 21 27 0.207
833 328 12 15 0.188
420 288 25 32 0.118
584 317 29 31 0.109
1 338 9 19 0.100
920 316 12 15 0.096
911 326 13 17 0.090
827 336 13 17 0.076
531 294 20 29 0.062
907 316 15 19 0.054
1002 340 11 14 0.053
16 308 10 13 0.050
802 328 15 19 0.047
806 325 16 20 0.047
1 343 7 21 0.045
926 318 10 13 0.045
19 310 10 11 0.043
273 325 19 24 0.043
823 319 12 15 0.036
578 328 18 24 0.031
951 331 10 12 0.029
54 333 14 19 0.027
11 305 10 16 0.026
428 285 22 30 0.023
320 296 27 34 0.023
502 297 21 30 0.023
261 340 19 25 0.022
576 317 21 28 0.021
3 337 13 17 0.020
818 321 13 17 0.019
913 307 14 17 0.018
798 327 14 20 0.018
830 326 19 24 0.018
508 295 21 26 0.017
976 336 14 16 0.017
808 332 16 20 0.017
850 302 25 31 0.017
628 276 26 33 0.016
670 322 24 31 0.016
229 323 22 30 0.016
899 331 17 17 0.015
649 298 29 37 0.015
274 335 19 24 0.014
217 320 20 28 0.013
932 322 12 14 0.013
639 307 23 29 0.012
648 310 40 38 0.011
77 320 22 27 0.011
236 311 21 26 0.011
14 303 9 13 0.011
411 418 9 21 0.011
192 325 24 28 0.010
365 332 19 27 0.010
