24_Soldier_Firing_Soldier_Firing_24_691
30
271 306 29 36 0.853
237 215 25 30 0.848
561 326 22 26 0.834
365 305 22 24 0.834
547 271 22 26 0.828
418 339 25 31 0.824
294 276 25 33 0.823
505 311 22 29 0.814
440 310 22 25 0.811
667 318 23 29 0.803
265 269 24 28 0.801
623 303 23 29 0.795
880 452 29 43 0.795
777 321 28 33 0.788
411 247 21 25 0.786
824 383 31 40 0.783
97 112 37 57 0.782
957 303 20 22 0.780
742 294 25 32 0.773
579 268 21 22 0.756
878 326 27 34 0.745
823 301 21 26 0.741
802 369 25 34 0.639
727 309 15 17 0.437
189 124 22 33 0.038
727 295 18 23 0.013
735 288 22 29 0.012
194 124 16 22 0.011
287 270 27 32 0.011
876 325 19 28 0.010
