24_Soldier_Firing_Soldier_Firing_24_644
35
278 169 28 35 0.695
204 152 24 36 0.670
547 274 28 38 0.670
578 276 27 31 0.619
390 186 25 34 0.574
56 95 19 31 0.501
136 107 26 37 0.292
117 145 19 27 0.205
312 181 24 28 0.204
461 210 19 22 0.142
290 176 50 33 0.131
3 87 21 41 0.121
554 271 46 39 0.076
140 113 28 46 0.070
468 201 16 21 0.055
2 186 15 27 0.041
31 74 19 25 0.038
12 78 30 33 0.038
7 87 19 26 0.034
460 217 16 19 0.034
65 95 17 26 0.031
150 136 33 44 0.024
3 105 20 27 0.023
2 83 12 21 0.019
22 76 19 26 0.019
472 200 13 15 0.017
132 108 22 27 0.016
304 174 21 27 0.014
10 81 18 24 0.014
588 280 19 24 0.013
0 229 10 39 0.013
121 103 26 36 0.011
321 186 20 23 0.011
228 157 25 31 0.010
288 169 23 28 0.010
