24_Soldier_Firing_Soldier_Firing_24_931
27
497 103 62 75 0.845
364 67 24 27 0.801
255 47 28 30 0.716
730 58 25 27 0.696
437 57 20 22 0.678
913 96 13 15 0.606
836 112 11 13 0.595
874 111 10 12 0.547
652 153 53 80 0.255
430 57 16 22 0.126
910 103 13 14 0.095
903 106 11 12 0.088
1018 165 6 16 0.077
464 71 17 21 0.073
543 31 25 27 0.061
840 111 11 13 0.040
832 113 10 13 0.036
272 57 20 24 0.035
868 143 10 11 0.033
428 62 13 19 0.023
962 174 10 10 0.018
972 174 9 10 0.015
724 53 20 26 0.015
880 122 10 17 0.012
874 106 11 13 0.012
467 74 18 22 0.011
29 96 10 12 0.011
