20_Family_Group_Family_Group_20_672
90
214 308 40 48 0.878
809 904 26 31 0.874
689 278 41 47 0.874
740 1046 25 31 0.869
640 241 35 43 0.863
646 1036 27 34 0.859
868 312 42 52 0.858
357 278 39 46 0.857
449 1028 28 35 0.855
678 868 26 34 0.854
437 158 33 40 0.853
107 491 39 45 0.852
349 1028 30 32 0.852
560 271 40 54 0.851
310 256 33 39 0.850
362 226 31 37 0.847
276 296 38 44 0.846
740 893 25 32 0.843
755 348 39 48 0.841
191 227 36 42 0.840
607 847 26 33 0.839
569 879 29 34 0.839
372 353 37 42 0.837
748 234 36 40 0.836
826 845 26 32 0.835
305 148 33 40 0.835
309 868 28 35 0.833
305 825 25 31 0.830
168 497 36 40 0.830
802 287 37 47 0.827
713 185 30 40 0.826
109 950 25 31 0.822
853 848 29 34 0.822
239 496 36 41 0.821
90 866 26 31 0.820
573 491 39 48 0.817
143 274 34 44 0.815
253 1025 25 33 0.811
607 214 35 43 0.808
281 221 32 35 0.807
474 272 38 44 0.806
131 873 25 30 0.806
457 831 24 33 0.806
356 850 26 31 0.803
509 205 34 43 0.803
401 237 31 33 0.800
427 839 26 32 0.797
102 269 41 50 0.789
393 881 26 27 0.787
819 1046 27 32 0.778
263 875 25 32 0.777
205 864 26 33 0.776
494 842 28 34 0.775
663 145 32 36 0.749
539 213 28 37 0.739
588 345 37 46 0.739
678 186 27 33 0.725
425 273 38 43 0.708
163 1039 26 31 0.690
156 1116 28 33 0.642
737 846 24 28 0.637
780 875 26 31 0.608
232 865 21 28 0.433
818 1122 25 29 0.382
774 882 25 31 0.284
505 1030 30 31 0.235
165 1054 22 25 0.231
393 948 22 24 0.212
87 870 69 31 0.181
513 1037 26 26 0.117
674 245 38 41 0.101
501 919 24 28 0.098
210 930 23 23 0.097
591 364 29 34 0.094
262 1102 21 26 0.083
500 1019 31 34 0.078
652 853 24 28 0.074
553 832 24 28 0.072
925 252 27 35 0.051
820 1026 27 29 0.042
474 388 34 36 0.034
780 868 25 27 0.029
295 699 41 34 0.024
822 1059 24 25 0.022
514 1186 23 26 0.021
368 320 40 53 0.017
264 866 22 26 0.015
543 894 21 24 0.014
376 454 33 34 0.013
521 1041 25 25 0.011
