20_Family_Group_Family_Group_20_636
95
885 95 19 23 0.795
947 64 19 25 0.794
621 108 15 19 0.790
347 102 13 17 0.781
732 107 16 19 0.730
431 118 12 16 0.695
269 113 16 22 0.665
302 90 13 19 0.652
712 86 14 18 0.597
190 131 15 21 0.595
389 109 13 17 0.550
553 96 13 17 0.514
774 123 14 24 0.470
464 105 12 15 0.468
1004 137 18 21 0.380
510 105 14 16 0.374
664 119 14 17 0.366
201 124 12 16 0.347
231 117 13 18 0.335
838 79 14 24 0.335
256 102 15 16 0.333
804 81 12 18 0.318
195 127 14 20 0.306
909 132 13 20 0.268
564 167 13 22 0.252
504 88 11 13 0.199
256 106 28 21 0.177
925 106 17 25 0.147
220 118 26 19 0.147
804 131 15 22 0.130
852 122 16 23 0.108
253 98 13 18 0.102
477 123 12 16 0.090
647 162 15 22 0.077
437 99 10 14 0.066
53 78 7 9 0.061
510 78 10 12 0.059
683 173 14 19 0.059
792 130 26 24 0.059
808 78 16 22 0.059
196 100 11 17 0.054
234 113 14 18 0.052
890 142 16 21 0.052
775 128 19 24 0.050
930 108 17 26 0.045
710 90 13 19 0.044
199 118 12 17 0.041
508 82 12 15 0.039
718 86 14 17 0.039
898 136 15 22 0.037
530 85 9 12 0.037
847 125 17 22 0.034
531 109 15 16 0.031
350 152 18 26 0.030
537 113 11 15 0.029
916 108 15 22 0.029
1009 131 13 19 0.027
149 63 16 18 0.025
992 131 15 26 0.025
772 118 13 21 0.024
228 119 12 18 0.023
147 66 11 13 0.023
644 161 13 21 0.022
169 72 11 14 0.021
858 117 13 21 0.021
853 86 14 21 0.020
464 112 11 15 0.020
856 91 13 19 0.020
560 92 13 16 0.020
885 138 15 22 0.019
571 160 15 19 0.019
957 124 17 24 0.018
486 69 9 11 0.018
546 98 13 18 0.018
492 112 12 17 0.018
993 142 14 20 0.018
728 184 11 18 0.018
126 134 12 21 0.017
708 100 10 15 0.017
195 83 12 45 0.015
938 106 17 25 0.015
660 117 13 17 0.015
680 168 15 20 0.014
841 80 19 28 0.014
127 172 15 22 0.014
191 67 10 13 0.013
232 123 11 18 0.013
481 120 15 21 0.013
153 57 11 16 0.013
461 107 11 15 0.012
929 103 15 22 0.012
438 95 11 14 0.012
795 83 14 21 0.012
518 92 13 24 0.010
135 174 14 21 0.010
