20_Family_Group_Family_Group_20_556
26
624 274 41 48 0.897
120 315 48 57 0.897
431 258 44 57 0.894
931 241 42 46 0.888
672 256 37 47 0.883
269 327 47 53 0.883
504 282 38 46 0.880
743 235 40 49 0.879
729 361 42 46 0.879
127 242 50 59 0.874
179 234 44 54 0.873
357 264 41 48 0.871
604 437 41 44 0.870
413 363 47 50 0.866
778 269 33 37 0.864
351 318 33 36 0.845
240 295 34 45 0.840
701 502 41 42 0.836
208 495 44 47 0.830
244 559 45 51 0.828
355 742 7 9 0.112
349 740 15 15 0.028
403 339 50 49 0.024
665 759 25 9 0.022
304 754 25 13 0.021
1006 659 17 23 0.017
