20_Family_Group_Family_Group_20_294
34
551 360 27 36 0.883
484 204 33 45 0.881
562 275 33 39 0.877
792 188 32 45 0.872
743 247 30 41 0.872
465 303 31 38 0.871
776 272 33 41 0.869
653 216 31 39 0.867
844 254 31 39 0.865
700 197 30 37 0.865
278 218 36 45 0.864
238 336 30 36 0.863
136 389 38 46 0.862
386 312 30 37 0.860
174 183 30 39 0.858
678 260 31 36 0.855
652 361 30 37 0.849
352 228 36 50 0.849
214 234 37 45 0.845
583 227 29 36 0.840
383 223 31 42 0.835
397 185 30 39 0.816
533 174 33 41 0.774
117 266 31 31 0.749
755 249 32 44 0.415
672 248 31 42 0.164
973 244 7 9 0.042
987 225 7 9 0.032
922 240 7 7 0.029
920 239 6 6 0.021
974 235 7 19 0.017
930 245 7 8 0.015
973 247 7 9 0.012
662 225 34 42 0.011
