20_Family_Group_Family_Group_20_64
30
307 322 67 82 0.905
615 395 72 90 0.901
488 167 50 63 0.899
172 304 53 64 0.898
758 488 74 82 0.898
720 326 58 74 0.895
464 323 61 82 0.882
653 125 51 62 0.880
887 309 51 62 0.869
316 162 47 53 0.866
277 26 39 48 0.864
176 434 54 64 0.862
756 278 49 63 0.856
542 170 39 49 0.854
341 281 51 59 0.852
5 373 62 70 0.851
151 230 45 49 0.845
797 58 45 49 0.835
611 321 47 57 0.834
50 134 52 64 0.830
251 182 39 41 0.821
842 478 59 57 0.773
977 204 28 45 0.624
742 289 57 75 0.258
1012 402 12 60 0.155
0 273 12 78 0.085
992 209 24 43 0.044
328 302 62 77 0.029
1005 211 20 33 0.017
0 254 14 75 0.015
