20_Family_Group_Family_Group_20_540
38
706 204 32 42 0.895
276 527 42 50 0.878
140 552 38 44 0.873
129 233 36 45 0.864
812 224 33 43 0.863
382 331 30 34 0.861
461 511 32 36 0.854
394 240 30 36 0.852
0 541 33 45 0.852
498 222 33 42 0.852
456 250 31 38 0.851
47 277 36 44 0.851
253 233 33 46 0.845
572 240 30 33 0.844
576 489 32 39 0.842
756 252 31 37 0.839
892 222 38 52 0.835
654 214 33 43 0.835
573 347 29 32 0.819
317 272 29 34 0.816
190 250 35 42 0.807
778 210 32 43 0.805
330 241 30 33 0.769
747 551 29 34 0.764
972 240 36 44 0.763
645 569 29 31 0.727
25 230 35 42 0.723
552 316 29 34 0.685
975 215 31 40 0.593
791 220 39 44 0.353
768 221 34 44 0.270
889 207 37 43 0.142
39 265 41 46 0.056
327 549 35 28 0.051
338 547 31 33 0.018
889 206 24 28 0.015
543 322 32 36 0.014
339 235 23 26 0.012
