20_Family_Group_Family_Group_20_799
48
903 493 82 101 0.886
536 179 103 138 0.860
111 623 81 103 0.848
514 521 110 129 0.844
392 363 24 31 0.755
843 364 14 18 0.688
299 343 10 13 0.479
232 335 8 10 0.457
431 350 10 13 0.429
350 346 11 14 0.403
251 344 9 10 0.380
186 331 11 15 0.263
59 314 10 13 0.220
241 339 12 12 0.202
420 346 15 18 0.169
416 346 14 14 0.157
165 349 19 26 0.150
236 336 11 14 0.083
173 337 24 21 0.076
166 340 29 27 0.074
405 345 20 19 0.068
243 342 19 11 0.062
456 343 15 16 0.059
395 351 23 28 0.042
462 343 12 18 0.033
157 338 26 39 0.033
227 337 10 11 0.027
195 345 13 15 0.027
185 328 11 13 0.027
128 321 21 50 0.027
289 356 10 14 0.026
128 341 19 25 0.025
127 325 18 24 0.024
217 334 20 18 0.024
427 346 17 22 0.020
134 328 18 24 0.019
289 338 14 16 0.017
452 344 25 19 0.017
454 350 16 18 0.017
356 346 19 13 0.016
198 335 50 14 0.016
-2 321 9 16 0.016
408 342 13 16 0.016
129 323 14 17 0.015
376 340 26 36 0.014
124 344 17 22 0.013
0 316 9 20 0.013
365 346 38 18 0.010
