20_Family_Group_Family_Group_20_62
26
629 168 34 47 0.933
761 185 37 47 0.906
537 166 33 47 0.904
190 162 40 51 0.903
560 307 34 44 0.902
240 218 40 49 0.902
448 166 35 46 0.894
308 174 34 47 0.890
335 130 35 44 0.886
415 137 34 46 0.884
717 137 34 48 0.883
867 203 36 52 0.882
240 123 34 47 0.879
838 149 34 46 0.879
442 244 38 45 0.874
106 104 39 49 0.873
645 306 32 40 0.870
515 133 31 43 0.865
630 385 30 37 0.859
366 206 27 34 0.852
622 126 31 42 0.820
724 232 29 36 0.804
638 328 32 45 0.239
971 104 11 14 0.111
423 149 51 44 0.042
977 108 11 16 0.013
