45_Balloonist_Balloonist_45_531
52
340 137 55 63 0.750
758 417 7 9 0.613
817 450 8 9 0.560
622 299 8 10 0.484
911 485 7 8 0.460
658 392 7 9 0.455
629 403 7 9 0.447
870 440 7 9 0.423
701 431 8 8 0.378
732 415 8 9 0.264
692 430 8 9 0.216
938 496 8 9 0.180
805 471 9 10 0.180
941 495 6 8 0.141
694 429 9 10 0.123
657 399 9 12 0.119
734 551 8 9 0.089
582 368 7 9 0.069
630 401 7 8 0.064
657 404 9 11 0.062
732 412 8 24 0.062
679 290 7 8 0.061
927 504 9 12 0.044
735 433 8 10 0.039
631 403 8 10 0.038
944 495 8 10 0.029
272 123 61 103 0.028
926 510 8 10 0.028
625 300 8 10 0.027
580 363 9 13 0.025
913 483 8 9 0.025
711 435 9 10 0.024
936 496 7 9 0.024
699 413 21 43 0.023
890 500 10 13 0.021
658 292 8 10 0.019
928 487 13 20 0.018
816 469 11 10 0.018
849 595 9 12 0.017
887 508 9 14 0.016
657 387 8 9 0.015
294 134 69 77 0.015
614 364 8 10 0.014
736 425 9 16 0.014
726 553 9 10 0.013
658 337 7 9 0.013
889 468 7 9 0.013
736 436 9 15 0.013
884 511 12 14 0.012
888 497 9 11 0.011
886 495 12 25 0.011
758 413 7 9 0.010
