45_Balloonist_Balloonist_45_1028
75
321 637 18 28 0.727
159 636 20 26 0.440
993 542 11 15 0.423
96 661 10 11 0.368
590 609 11 14 0.339
833 517 17 31 0.232
656 606 9 11 0.231
125 665 9 10 0.225
586 607 12 15 0.207
23 629 20 26 0.174
388 620 17 21 0.133
419 596 9 10 0.097
634 554 9 14 0.097
406 611 10 11 0.094
628 645 9 11 0.079
765 531 13 15 0.075
582 608 12 14 0.070
592 614 12 14 0.062
991 538 10 14 0.057
385 625 17 20 0.054
392 618 18 19 0.047
868 514 20 28 0.046
688 626 12 15 0.046
403 607 13 24 0.043
343 660 11 14 0.041
4 605 11 14 0.036
999 531 13 17 0.035
16 619 16 22 0.034
154 643 20 23 0.032
731 519 18 25 0.031
511 600 12 18 0.028
333 649 15 22 0.028
64 642 12 14 0.027
161 654 21 26 0.026
14 617 14 19 0.026
13 623 17 27 0.025
159 630 18 23 0.025
1002 528 11 14 0.024
531 617 9 11 0.023
95 665 13 15 0.022
164 664 14 17 0.022
390 634 15 19 0.021
526 611 10 12 0.021
197 554 18 22 0.020
16 631 18 21 0.019
762 534 13 15 0.019
19 600 12 19 0.018
563 628 12 15 0.017
9 631 11 16 0.017
326 633 17 44 0.017
636 554 12 15 0.017
124 663 11 15 0.017
95 585 8 9 0.016
487 609 17 20 0.016
601 636 10 13 0.016
499 627 13 15 0.015
734 513 17 24 0.015
672 625 9 11 0.015
203 558 16 21 0.013
505 597 17 31 0.013
423 561 9 13 0.013
681 614 13 22 0.013
559 628 12 12 0.013
3 599 11 18 0.013
2 570 13 16 0.013
892 531 14 19 0.012
8 631 22 24 0.012
770 530 12 15 0.012
758 528 20 20 0.012
698 538 12 16 0.011
696 610 10 12 0.011
765 536 16 18 0.011
262 678 8 12 0.011
803 522 13 18 0.011
696 528 12 17 0.010
