45_Balloonist_Balloonist_45_107
32
574 376 15 17 0.663
555 331 14 15 0.638
559 348 15 17 0.611
657 358 10 13 0.439
555 338 16 18 0.254
465 354 14 18 0.243
223 406 19 23 0.227
596 352 17 20 0.124
226 411 19 23 0.124
470 362 17 19 0.073
601 359 12 15 0.071
477 367 15 19 0.064
605 354 12 17 0.060
480 371 14 19 0.053
602 342 13 18 0.052
603 345 14 20 0.051
660 364 11 12 0.044
592 351 13 19 0.044
589 358 16 16 0.034
228 420 14 19 0.024
226 403 15 18 0.021
654 357 9 13 0.020
604 335 13 17 0.020
604 361 14 18 0.018
468 356 17 20 0.017
575 382 14 16 0.016
608 341 13 24 0.015
607 337 14 19 0.015
467 350 14 16 0.015
477 356 15 19 0.011
564 347 16 17 0.011
231 408 15 20 0.011
