45_Balloonist_Balloonist_45_838
39
459 381 34 46 0.894
125 370 38 49 0.892
727 371 37 48 0.880
608 377 39 51 0.879
492 349 31 37 0.869
832 354 36 41 0.865
786 315 32 37 0.864
539 238 25 35 0.862
190 385 32 37 0.855
526 385 31 38 0.851
907 361 34 39 0.850
590 239 25 29 0.845
351 394 34 41 0.842
652 252 28 31 0.841
278 335 30 35 0.841
458 282 27 32 0.838
278 212 26 33 0.832
840 306 30 33 0.825
407 350 29 36 0.825
462 223 30 36 0.824
763 282 28 31 0.823
488 284 28 36 0.822
712 340 31 38 0.816
690 227 26 31 0.808
185 310 35 37 0.808
642 347 29 35 0.805
731 235 25 30 0.801
180 244 34 41 0.797
818 239 30 32 0.791
281 299 28 33 0.783
236 384 40 48 0.778
33 223 19 21 0.778
567 368 30 37 0.769
572 368 41 43 0.420
202 233 26 36 0.315
856 274 23 28 0.309
720 359 38 47 0.160
819 249 39 31 0.139
463 237 35 45 0.061
