45_Balloonist_Balloonist_45_273
42
106 318 75 80 0.912
622 195 51 63 0.882
708 205 59 77 0.880
466 161 38 43 0.869
377 158 31 36 0.853
727 323 104 127 0.843
121 172 57 71 0.842
428 41 33 37 0.840
167 209 35 46 0.833
867 102 15 23 0.729
820 122 12 15 0.652
743 100 12 18 0.634
199 118 19 17 0.569
776 162 16 25 0.300
1016 122 9 22 0.279
664 171 15 18 0.169
953 203 18 23 0.114
992 129 14 19 0.070
545 215 12 14 0.045
251 153 9 12 0.038
235 140 8 10 0.038
612 233 12 18 0.035
665 159 13 20 0.034
668 155 8 11 0.032
235 142 9 11 0.030
978 127 27 21 0.029
581 140 10 10 0.028
653 173 24 31 0.025
984 126 14 14 0.025
593 209 5 7 0.022
974 134 15 18 0.021
974 129 18 17 0.020
609 231 12 15 0.018
668 168 11 16 0.016
140 182 60 72 0.016
664 154 10 12 0.015
823 110 12 14 0.015
669 175 11 14 0.014
770 159 18 28 0.012
594 210 6 9 0.012
784 163 17 23 0.012
143 152 35 46 0.011
