45_Balloonist_Balloonist_45_692
140
815 735 34 33 0.826
681 741 11 14 0.650
948 721 11 14 0.593
702 721 11 15 0.499
929 715 10 12 0.447
978 733 11 15 0.433
39 721 8 10 0.403
905 724 9 9 0.384
881 722 7 10 0.380
107 736 9 11 0.376
382 729 9 10 0.361
336 720 10 12 0.327
284 727 9 10 0.275
11 727 8 9 0.264
925 715 11 11 0.263
195 722 11 12 0.225
125 728 7 9 0.170
614 734 10 12 0.165
765 725 11 12 0.163
530 730 8 11 0.157
349 722 11 12 0.146
337 719 18 15 0.125
984 753 16 15 0.125
311 728 11 13 0.117
555 724 9 11 0.115
881 705 8 10 0.114
939 692 6 8 0.112
356 720 13 14 0.108
85 737 10 12 0.106
399 730 9 11 0.104
183 730 11 12 0.090
535 745 10 15 0.085
783 719 9 12 0.082
1002 727 10 12 0.077
980 735 13 24 0.076
488 724 7 9 0.072
759 722 13 15 0.067
220 734 8 10 0.063
531 732 10 20 0.061
862 715 12 16 0.056
783 716 14 17 0.055
580 737 10 13 0.054
374 708 19 49 0.054
188 720 12 14 0.052
240 751 19 17 0.051
988 749 17 15 0.050
916 708 8 11 0.050
999 724 11 19 0.050
612 725 11 27 0.050
279 724 8 11 0.049
948 724 22 15 0.047
923 719 10 11 0.046
1 716 5 9 0.046
939 693 8 10 0.044
533 740 12 26 0.044
329 721 12 14 0.042
615 716 7 7 0.042
398 722 10 21 0.041
984 729 16 52 0.040
1 716 8 17 0.039
275 723 8 11 0.038
619 731 11 15 0.038
145 727 8 10 0.038
583 740 11 12 0.037
677 741 12 15 0.037
75 722 8 11 0.037
617 155 24 28 0.037
400 733 11 12 0.036
43 721 10 10 0.035
656 714 8 10 0.035
126 727 10 12 0.035
859 719 14 19 0.035
348 727 11 13 0.035
1001 714 9 10 0.034
658 716 7 10 0.034
861 711 15 37 0.034
362 720 12 14 0.033
878 723 10 13 0.032
644 730 9 12 0.032
938 720 14 12 0.030
217 731 13 12 0.029
507 706 7 9 0.029
594 727 9 11 0.029
919 719 10 11 0.028
337 716 10 11 0.028
204 723 17 17 0.026
484 718 9 14 0.026
879 728 14 16 0.026
395 714 9 9 0.025
383 732 9 11 0.025
615 711 8 20 0.023
198 725 15 12 0.023
592 724 14 20 0.023
902 725 15 13 0.022
745 717 26 17 0.022
78 724 13 27 0.021
640 734 10 13 0.021
360 727 26 11 0.020
975 714 13 24 0.020
972 710 10 12 0.020
691 751 11 15 0.020
899 712 11 12 0.020
405 739 16 18 0.020
707 720 11 14 0.020
519 758 11 10 0.018
254 723 10 11 0.018
238 726 13 14 0.018
451 717 13 11 0.018
605 722 10 12 0.017
527 749 16 18 0.017
347 715 10 12 0.016
76 719 9 12 0.016
646 728 12 15 0.016
798 706 11 14 0.016
235 725 11 12 0.015
664 752 18 18 0.015
1001 715 14 14 0.014
3 721 9 11 0.014
634 708 9 12 0.014
147 728 9 10 0.014
255 757 19 12 0.014
40 718 8 8 0.014
412 741 13 16 0.014
683 725 10 13 0.013
587 728 22 14 0.013
479 714 8 9 0.013
660 727 10 15 0.013
657 753 11 16 0.013
358 714 11 13 0.013
739 711 19 18 0.012
662 183 21 23 0.012
780 705 10 24 0.012
575 741 9 12 0.011
60 682 7 9 0.011
221 724 11 15 0.011
178 729 11 14 0.011
863 714 10 12 0.011
69 725 11 17 0.011
11 732 10 24 0.010
778 706 9 13 0.010
