16_Award_Ceremony_Awards_Ceremony_16_4
139
906 268 13 17 0.467
85 258 12 21 0.425
372 302 14 24 0.423
380 278 12 16 0.394
77 340 17 38 0.373
858 279 15 24 0.346
629 264 8 10 0.339
150 276 8 9 0.312
40 262 10 13 0.264
1012 239 10 13 0.241
948 270 15 18 0.207
127 275 7 8 0.188
945 272 11 14 0.180
956 270 16 21 0.175
1009 276 15 34 0.139
299 277 8 11 0.126
17 249 9 13 0.104
401 279 9 12 0.103
853 279 14 23 0.103
567 255 8 9 0.101
724 264 8 11 0.100
456 278 9 12 0.090
457 298 10 13 0.087
440 284 9 11 0.087
301 299 11 16 0.081
81 260 12 19 0.071
11 246 14 15 0.068
571 280 10 14 0.064
4 241 11 13 0.062
851 272 14 23 0.060
512 332 16 39 0.058
2 279 9 18 0.057
93 263 9 14 0.055
363 271 7 10 0.053
445 282 11 13 0.052
326 269 8 9 0.052
852 262 11 15 0.051
73 445 55 88 0.047
466 249 8 10 0.044
810 365 26 40 0.043
116 274 8 8 0.042
342 267 6 8 0.041
149 278 7 8 0.041
447 279 21 15 0.040
731 278 11 16 0.039
571 246 6 7 0.039
402 265 7 10 0.039
456 275 10 32 0.038
827 264 7 10 0.038
200 265 6 9 0.037
946 274 14 19 0.037
566 333 18 25 0.037
765 344 17 27 0.036
280 277 10 12 0.036
750 265 9 12 0.036
113 274 7 10 0.035
198 267 7 10 0.035
83 340 16 38 0.033
537 281 7 9 0.033
726 261 10 26 0.032
456 289 11 24 0.031
526 210 6 6 0.030
193 271 9 12 0.030
276 274 12 15 0.029
6 239 14 25 0.028
723 261 9 10 0.028
568 249 7 18 0.027
296 273 9 10 0.025
572 244 6 7 0.025
336 268 10 8 0.025
855 260 10 11 0.025
539 236 8 8 0.024
907 273 13 18 0.023
574 274 11 27 0.023
364 274 9 13 0.023
564 252 8 10 0.023
676 262 9 11 0.023
128 278 6 9 0.023
1 252 9 15 0.023
709 266 9 11 0.022
827 264 15 19 0.022
222 272 8 9 0.021
453 271 14 24 0.021
600 269 8 9 0.020
400 261 9 19 0.020
434 285 9 12 0.020
182 283 8 9 0.019
571 282 12 19 0.019
277 276 21 12 0.019
659 271 8 10 0.019
852 257 20 21 0.018
296 259 13 51 0.018
512 329 14 24 0.018
839 399 51 48 0.018
397 260 8 8 0.017
678 265 9 11 0.017
728 261 9 10 0.017
258 272 8 8 0.017
465 252 10 13 0.016
286 271 10 10 0.015
526 208 8 10 0.015
364 278 11 14 0.014
701 287 12 16 0.014
106 278 8 11 0.014
0 267 15 57 0.014
947 268 23 25 0.014
255 271 12 12 0.014
739 269 12 17 0.014
825 261 8 10 0.013
126 275 30 10 0.013
324 268 26 7 0.013
900 275 11 18 0.013
0 293 8 20 0.013
170 274 8 8 0.013
883 265 12 15 0.013
753 266 10 12 0.013
778 288 13 18 0.013
674 255 8 11 0.012
106 267 16 23 0.012
543 238 6 8 0.012
572 332 17 26 0.012
466 246 7 9 0.012
46 258 15 23 0.012
196 269 10 12 0.012
731 284 14 17 0.012
538 229 7 17 0.012
864 286 14 20 0.012
893 298 13 18 0.011
613 306 12 17 0.011
1003 242 15 14 0.011
1013 235 9 12 0.011
26 292 14 27 0.011
342 268 10 9 0.011
268 273 10 9 0.011
812 378 41 45 0.011
850 258 10 13 0.010
345 268 12 10 0.010
353 265 19 27 0.010
824 262 16 14 0.010
