16_Award_Ceremony_Awards_Ceremony_16_141
30
187 275 35 49 0.866
391 237 44 56 0.866
138 260 39 55 0.863
91 256 38 57 0.862
347 247 37 57 0.845
635 321 22 29 0.845
0 228 33 60 0.757
543 297 24 37 0.725
22 247 33 58 0.713
284 53 42 81 0.685
504 285 22 38 0.622
434 258 33 56 0.605
457 257 33 50 0.568
442 256 40 54 0.562
5 233 42 68 0.517
604 310 25 35 0.420
566 310 25 36 0.417
403 244 47 57 0.396
548 304 42 38 0.276
465 266 46 48 0.230
614 315 45 32 0.230
496 280 17 26 0.080
512 293 19 28 0.071
431 279 28 38 0.048
497 282 21 32 0.047
512 287 34 46 0.021
403 457 32 51 0.013
490 273 21 28 0.011
553 299 22 30 0.011
31 298 28 49 0.011
