16_Award_Ceremony_Awards_Ceremony_16_231
36
427 138 127 160 0.898
129 149 62 59 0.873
36 142 44 52 0.860
561 102 116 163 0.859
903 155 18 25 0.781
298 132 15 21 0.683
793 144 16 21 0.652
714 136 18 21 0.569
757 211 24 36 0.478
88 117 15 20 0.412
102 145 24 33 0.394
685 208 16 22 0.220
1 203 24 43 0.218
929 136 17 21 0.204
1015 149 9 26 0.149
838 277 16 23 0.097
897 266 20 24 0.095
0 188 14 39 0.072
925 129 17 21 0.053
741 159 16 22 0.048
90 113 12 15 0.040
861 299 21 29 0.028
1014 167 10 25 0.027
935 140 14 20 0.025
0 173 10 28 0.025
0 178 7 33 0.025
1015 162 11 22 0.024
726 226 21 24 0.022
983 473 16 22 0.020
1017 151 7 39 0.017
835 282 16 22 0.015
920 122 13 17 0.014
3 207 19 26 0.011
-1 183 11 24 0.011
868 239 23 32 0.010
0 167 7 29 0.010
