16_Award_Ceremony_Awards_Ceremony_16_195
25
454 182 30 47 0.798
235 28 37 62 0.794
533 210 27 40 0.758
598 239 22 34 0.734
868 276 15 22 0.637
301 100 38 55 0.625
670 268 16 25 0.554
345 359 27 43 0.335
405 228 31 40 0.265
427 366 26 33 0.106
685 299 13 19 0.095
191 265 25 42 0.081
667 273 17 25 0.046
559 217 17 25 0.035
355 362 20 29 0.034
127 296 25 32 0.030
349 120 46 58 0.021
465 194 22 40 0.021
669 265 14 20 0.016
300 185 28 37 0.016
279 341 20 27 0.014
907 317 9 12 0.013
661 278 14 21 0.013
423 371 20 27 0.012
339 349 30 43 0.012
