16_Award_Ceremony_Awards_Ceremony_16_73
223
719 42 20 22 0.864
258 122 39 47 0.859
409 146 36 48 0.858
203 54 20 25 0.852
726 89 40 53 0.850
699 42 15 19 0.845
615 145 38 49 0.836
90 71 20 26 0.835
569 78 16 19 0.799
864 38 15 19 0.797
267 77 17 23 0.787
317 73 32 39 0.781
638 45 15 19 0.777
640 80 16 20 0.771
492 61 16 21 0.752
991 1 13 15 0.747
471 30 14 17 0.739
701 2 14 16 0.735
609 62 15 19 0.735
364 49 17 20 0.729
571 52 14 18 0.727
988 34 15 19 0.725
617 31 15 18 0.718
720 14 16 19 0.715
687 27 13 16 0.701
603 23 15 16 0.686
185 68 16 21 0.669
538 46 14 18 0.669
239 59 15 19 0.663
623 72 16 20 0.656
771 2 13 14 0.656
344 38 12 15 0.634
534 69 12 17 0.632
22 75 17 23 0.630
654 25 15 18 0.627
169 57 13 17 0.619
429 77 16 21 0.599
594 78 15 18 0.588
444 53 16 21 0.556
565 29 15 19 0.552
240 84 14 21 0.541
6 81 16 20 0.535
583 20 11 15 0.530
852 21 13 18 0.524
553 31 15 17 0.515
812 33 13 16 0.515
749 41 12 17 0.513
461 59 16 21 0.510
414 62 14 24 0.510
654 65 14 18 0.475
891 34 12 17 0.464
785 37 13 17 0.442
973 21 12 17 0.433
139 60 19 21 0.347
332 81 25 33 0.332
533 43 15 19 0.331
453 43 16 20 0.299
643 18 15 17 0.286
15 61 15 18 0.275
971 30 14 19 0.269
875 16 13 16 0.266
76 51 12 15 0.256
611 64 22 21 0.253
345 88 19 23 0.250
128 58 17 21 0.223
427 52 11 16 0.223
903 110 19 40 0.220
918 36 12 17 0.217
451 56 20 23 0.211
390 35 14 18 0.208
834 35 13 16 0.205
973 36 13 19 0.204
543 40 15 19 0.201
126 57 15 17 0.194
236 76 17 23 0.194
654 37 15 23 0.192
546 81 13 15 0.183
346 62 17 21 0.180
231 64 20 22 0.175
529 35 12 16 0.174
1004 21 13 17 0.148
441 41 15 19 0.146
69 52 21 19 0.144
3 77 35 23 0.141
225 66 14 19 0.136
50 60 15 19 0.135
143 64 21 24 0.132
318 40 9 11 0.126
150 75 18 21 0.125
446 39 20 25 0.123
892 59 12 15 0.115
536 32 13 60 0.111
586 47 13 16 0.110
442 73 15 20 0.106
80 52 16 19 0.106
644 9 15 17 0.104
447 38 15 17 0.102
891 44 11 18 0.098
157 55 29 24 0.096
788 34 15 18 0.094
124 58 32 18 0.093
755 31 12 21 0.093
975 16 14 17 0.090
548 6 12 13 0.086
700 -5 16 36 0.084
527 30 13 17 0.083
0 71 14 20 0.081
107 78 13 18 0.081
818 1 9 12 0.080
814 21 18 35 0.079
566 13 15 57 0.078
759 28 9 12 0.077
700 32 15 20 0.077
52 57 13 16 0.076
528 65 13 17 0.073
494 24 13 17 0.070
439 47 22 39 0.070
783 33 49 17 0.069
668 53 15 18 0.069
455 12 12 14 0.066
720 24 17 49 0.062
1007 18 14 22 0.062
52 66 16 21 0.060
816 47 12 21 0.057
122 65 14 20 0.056
76 54 18 22 0.055
357 23 10 13 0.052
426 21 9 13 0.052
726 10 16 20 0.051
809 41 17 17 0.051
514 58 16 19 0.047
96 70 20 26 0.042
800 19 11 14 0.042
642 22 12 107 0.041
816 38 30 19 0.040
384 76 18 25 0.040
529 32 41 40 0.039
745 4 12 13 0.039
489 30 14 18 0.039
360 20 11 13 0.039
919 22 12 34 0.038
1001 76 12 17 0.038
490 37 14 18 0.037
274 58 10 16 0.036
639 18 12 16 0.034
950 4 10 13 0.034
1017 7 8 15 0.032
249 69 16 21 0.031
891 48 12 23 0.030
104 53 26 50 0.029
99 69 27 25 0.029
366 13 10 14 0.028
359 79 17 23 0.028
346 25 12 29 0.028
590 2 13 17 0.027
440 37 13 16 0.027
491 23 13 15 0.027
836 28 11 14 0.025
353 90 17 21 0.024
67 46 13 16 0.023
756 1 11 10 0.023
497 25 16 15 0.023
342 35 19 25 0.022
366 6 11 13 0.022
504 25 13 17 0.022
974 43 12 16 0.022
527 48 19 26 0.021
624 0 10 13 0.021
814 0 10 10 0.021
820 65 12 17 0.021
435 19 26 98 0.020
741 7 13 15 0.020
901 121 16 27 0.020
598 42 17 20 0.019
365 76 18 23 0.019
639 72 18 20 0.019
810 0 15 12 0.019
342 32 14 17 0.018
611 43 51 81 0.018
622 3 11 14 0.018
274 54 15 31 0.018
335 62 24 34 0.018
605 56 16 22 0.017
383 0 12 18 0.017
550 12 14 26 0.017
385 64 16 27 0.016
417 46 14 17 0.016
459 7 12 13 0.016
41 71 16 20 0.016
648 71 14 19 0.015
772 6 13 16 0.014
317 38 13 17 0.014
584 7 14 21 0.014
109 82 14 18 0.014
655 19 14 18 0.014
798 9 12 18 0.014
697 102 15 20 0.013
391 43 15 20 0.013
736 5 23 15 0.013
59 52 12 15 0.013
711 82 15 18 0.013
768 39 17 19 0.013
5 87 15 22 0.013
363 60 18 26 0.013
870 3 12 13 0.013
399 61 19 27 0.013
517 45 16 21 0.012
384 46 16 23 0.012
423 17 15 18 0.012
759 53 12 17 0.012
676 36 16 25 0.012
283 6 10 14 0.012
419 19 22 66 0.012
279 71 14 21 0.012
129 71 13 18 0.012
351 22 13 15 0.012
22 57 14 16 0.011
460 68 18 19 0.011
860 8 14 17 0.011
591 10 22 122 0.011
778 22 13 18 0.011
746 39 18 23 0.010
126 54 13 14 0.010
