49_Greeting_peoplegreeting_49_218
30
683 614 75 96 0.869
663 1147 53 78 0.806
388 628 71 89 0.793
0 912 27 48 0.737
194 755 41 56 0.632
471 1169 91 56 0.599
838 257 26 32 0.179
559 1201 57 24 0.120
843 608 61 71 0.117
848 372 30 36 0.091
354 1136 69 75 0.080
359 1193 70 34 0.048
490 109 44 54 0.047
366 1126 55 61 0.042
575 331 36 37 0.027
-8 743 13 51 0.024
691 205 29 35 0.024
885 72 22 26 0.023
343 1179 79 45 0.023
747 322 22 25 0.022
891 25 28 29 0.021
838 234 28 31 0.018
656 251 25 31 0.017
485 1184 109 41 0.016
-7 749 7 44 0.016
366 1112 54 44 0.014
754 198 24 27 0.014
733 170 18 21 0.013
743 186 29 34 0.011
327 1185 66 40 0.010
