49_Greeting_peoplegreeting_49_894
115
483 244 49 64 0.885
772 387 56 62 0.849
714 254 47 60 0.844
929 255 46 53 0.843
89 257 47 64 0.832
781 264 51 59 0.832
557 288 46 72 0.827
1004 277 20 44 0.778
51 284 49 73 0.754
904 268 37 51 0.733
413 303 49 65 0.712
837 198 9 11 0.497
867 191 9 10 0.457
811 505 60 83 0.438
973 209 9 11 0.427
922 188 9 10 0.391
941 187 9 11 0.380
984 182 10 12 0.365
790 216 8 10 0.349
278 242 30 64 0.328
921 222 9 10 0.316
934 212 9 10 0.268
64 270 63 70 0.215
896 215 9 10 0.191
937 188 10 19 0.169
924 219 10 11 0.163
833 198 24 12 0.137
677 212 11 14 0.133
858 162 10 13 0.127
835 151 10 11 0.123
2 249 11 20 0.116
951 171 11 13 0.106
867 174 10 39 0.100
927 163 10 14 0.100
750 146 14 17 0.099
857 139 9 11 0.085
746 199 10 10 0.083
791 210 10 20 0.080
834 253 32 50 0.078
1009 175 12 14 0.073
32 183 9 12 0.062
996 214 9 13 0.059
663 220 11 13 0.058
679 285 30 43 0.057
824 220 9 12 0.056
927 162 10 25 0.053
964 167 9 11 0.052
920 218 20 12 0.051
858 151 10 39 0.050
794 167 14 15 0.048
767 214 9 10 0.045
1016 147 8 17 0.042
835 149 9 26 0.039
835 166 11 13 0.038
1001 202 9 12 0.028
921 161 23 61 0.028
947 160 22 36 0.028
792 135 11 13 0.028
707 287 29 40 0.028
971 175 13 15 0.026
971 204 12 18 0.026
879 168 11 13 0.026
370 235 11 13 0.025
1 243 10 18 0.025
930 169 15 26 0.025
668 285 33 47 0.024
765 170 10 12 0.024
305 206 10 12 0.024
645 273 34 53 0.023
972 270 43 52 0.023
823 219 13 17 0.023
949 215 9 12 0.023
963 156 10 23 0.023
978 63 14 16 0.020
816 166 12 13 0.019
560 223 10 12 0.019
973 151 20 99 0.019
777 132 8 9 0.019
863 164 16 14 0.019
789 170 14 15 0.019
1 192 8 14 0.018
825 163 12 14 0.018
716 216 15 20 0.017
827 217 29 61 0.017
807 150 12 13 0.017
962 176 13 15 0.017
920 221 13 18 0.017
882 137 10 11 0.016
516 179 12 12 0.016
838 169 12 13 0.016
893 130 9 11 0.016
977 214 10 13 0.015
919 228 12 26 0.015
901 171 10 12 0.015
919 246 16 19 0.015
897 168 15 17 0.014
639 267 30 46 0.014
811 149 14 13 0.014
987 219 15 17 0.014
1 254 15 21 0.013
433 314 38 65 0.013
683 297 19 27 0.013
0 220 5 16 0.013
944 188 11 12 0.013
842 195 10 13 0.013
885 132 13 13 0.012
986 227 11 14 0.012
417 248 21 35 0.012
1003 199 9 13 0.012
46 210 13 17 0.012
880 164 11 14 0.012
922 186 23 15 0.012
1006 178 13 15 0.011
791 176 11 15 0.011
854 159 13 17 0.010
