49_Greeting_peoplegreeting_49_48
24
0 19 153 365 0.875
720 129 56 70 0.873
589 195 48 60 0.862
292 223 34 41 0.838
383 235 36 44 0.825
230 268 31 35 0.813
194 285 23 29 0.736
530 149 39 88 0.730
161 289 24 26 0.713
24 332 85 115 0.662
146 298 19 24 0.431
101 304 17 22 0.379
149 294 23 25 0.258
141 295 18 24 0.073
92 289 27 43 0.055
548 267 26 38 0.035
193 295 20 23 0.028
128 292 19 28 0.025
107 294 15 23 0.025
137 291 18 19 0.024
209 278 20 24 0.022
550 275 19 25 0.015
357 256 15 19 0.013
369 236 32 37 0.011
