49_Greeting_peoplegreeting_49_53
41
437 338 58 74 0.859
326 641 70 96 0.855
797 397 62 80 0.841
345 330 48 74 0.827
218 330 48 75 0.824
769 659 71 98 0.819
705 292 37 61 0.815
83 383 61 83 0.812
170 282 41 62 0.807
665 216 47 66 0.802
566 169 44 63 0.795
326 226 45 63 0.771
686 379 51 69 0.770
825 331 45 60 0.736
224 215 42 61 0.696
853 284 41 63 0.675
108 343 48 72 0.639
234 258 36 56 0.465
502 273 51 62 0.442
358 0 21 13 0.365
222 142 23 28 0.300
808 335 59 89 0.182
405 0 23 11 0.159
555 0 32 48 0.137
493 253 53 62 0.098
233 223 45 67 0.066
782 381 58 85 0.039
767 370 46 64 0.031
188 357 40 58 0.029
818 251 53 64 0.027
275 136 21 27 0.024
601 0 21 10 0.021
384 155 29 33 0.018
352 -1 19 14 0.016
237 167 24 35 0.016
541 2 37 48 0.015
510 286 33 41 0.014
671 0 56 23 0.014
247 170 30 41 0.014
805 260 51 67 0.012
133 358 46 58 0.010
