5_Car_Accident_Car_Crash_5_51
43
770 268 19 23 0.777
834 245 11 17 0.450
516 235 13 15 0.281
704 256 17 23 0.192
110 245 6 7 0.169
741 269 19 23 0.158
701 259 37 24 0.100
111 224 6 9 0.090
200 249 8 9 0.081
110 239 6 17 0.075
197 248 7 8 0.062
248 234 8 9 0.046
179 247 13 13 0.045
709 256 20 24 0.042
242 250 8 11 0.040
183 254 8 9 0.038
205 251 8 9 0.037
182 248 8 8 0.035
276 240 10 12 0.033
109 217 8 10 0.032
220 270 8 13 0.031
259 234 9 9 0.029
275 259 9 12 0.028
110 216 7 23 0.028
191 245 18 16 0.028
271 235 14 16 0.027
204 249 8 7 0.026
277 243 10 14 0.024
361 244 12 14 0.022
121 246 7 10 0.021
700 266 18 21 0.021
184 248 27 10 0.018
251 233 16 16 0.017
699 258 17 23 0.016
191 252 14 10 0.016
174 243 13 18 0.015
211 251 8 10 0.015
841 243 21 19 0.013
76 240 8 9 0.013
73 240 8 9 0.013
243 244 9 20 0.012
177 247 9 12 0.012
178 255 9 17 0.011
