5_Car_Accident_Accident_5_474
43
242 121 19 25 0.802
554 138 17 22 0.802
801 144 19 22 0.798
347 141 18 24 0.786
623 140 19 25 0.671
610 148 16 21 0.521
589 151 19 27 0.516
604 146 17 26 0.473
837 145 14 18 0.401
695 137 13 24 0.372
610 144 30 22 0.339
296 145 17 21 0.216
505 119 13 20 0.169
622 133 19 24 0.164
961 185 8 9 0.125
177 97 22 26 0.102
398 142 13 18 0.088
304 149 13 18 0.060
523 158 15 20 0.055
302 148 15 32 0.052
579 142 21 24 0.045
502 117 12 17 0.045
470 85 17 23 0.041
623 129 16 19 0.037
172 96 20 24 0.034
294 171 17 21 0.033
965 186 7 9 0.029
301 143 15 18 0.028
285 142 18 21 0.023
396 145 11 16 0.021
283 175 19 23 0.019
502 128 15 24 0.019
400 135 12 18 0.017
496 120 13 17 0.017
528 161 13 19 0.016
520 153 15 21 0.013
501 138 16 21 0.012
598 141 18 22 0.012
496 112 12 16 0.011
914 213 8 9 0.011
958 181 8 10 0.011
188 105 25 24 0.011
406 147 14 17 0.010
