5_Car_Accident_Accident_5_177
73
302 210 18 22 0.832
393 208 18 22 0.800
834 217 21 22 0.798
697 197 18 24 0.754
868 254 20 27 0.744
904 160 15 19 0.735
975 212 18 27 0.731
988 187 16 21 0.725
595 131 17 19 0.723
891 216 19 22 0.702
809 274 22 28 0.681
747 185 17 21 0.676
909 239 18 27 0.667
881 181 13 19 0.640
637 232 15 24 0.508
832 325 20 35 0.414
856 344 23 37 0.413
695 117 8 9 0.349
372 307 27 35 0.272
626 74 6 8 0.246
681 178 14 18 0.244
680 110 8 10 0.241
831 328 33 38 0.214
892 162 27 21 0.189
692 114 10 11 0.169
673 215 19 25 0.165
772 406 17 35 0.150
993 265 19 25 0.123
366 292 26 36 0.097
676 208 21 28 0.092
643 76 6 7 0.085
794 130 8 13 0.084
679 77 8 8 0.078
370 318 24 29 0.070
675 77 7 9 0.068
625 76 6 8 0.066
986 192 19 27 0.062
367 287 22 27 0.048
566 275 12 14 0.046
685 78 6 9 0.040
575 231 13 18 0.037
646 78 5 7 0.037
848 337 21 29 0.035
51 113 8 10 0.027
570 227 13 19 0.026
673 78 19 7 0.025
675 121 10 13 0.022
632 229 14 23 0.021
686 178 14 19 0.021
595 201 11 14 0.020
797 131 9 12 0.019
998 270 20 19 0.018
353 291 21 26 0.018
357 290 29 33 0.018
669 130 11 14 0.017
568 221 12 19 0.017
682 75 8 17 0.017
993 192 17 21 0.016
579 232 13 16 0.016
827 328 19 28 0.015
637 227 13 21 0.015
672 117 17 19 0.015
671 127 11 14 0.014
858 356 18 26 0.012
693 120 9 11 0.012
577 257 13 17 0.012
633 73 10 16 0.012
567 268 15 20 0.011
757 187 15 19 0.011
695 114 11 14 0.011
671 210 14 17 0.011
282 277 13 17 0.010
378 314 28 30 0.010
