5_Car_Accident_Accident_5_633
32
453 457 81 59 0.790
101 77 55 101 0.760
161 283 16 26 0.717
242 280 15 23 0.681
491 278 31 41 0.538
418 294 10 13 0.517
800 329 10 11 0.241
815 321 9 11 0.227
1006 471 17 19 0.186
856 329 11 12 0.165
429 278 9 13 0.150
386 297 10 12 0.142
426 285 11 14 0.106
425 277 11 15 0.092
851 328 12 13 0.085
83 234 41 61 0.075
801 328 16 10 0.071
93 163 36 40 0.066
817 323 11 12 0.043
0 662 11 59 0.042
808 317 12 24 0.038
805 325 18 11 0.031
487 275 24 30 0.027
806 302 18 59 0.024
844 330 10 12 0.020
793 330 10 13 0.019
96 175 26 31 0.017
552 269 17 22 0.016
844 322 11 16 0.015
238 278 16 21 0.014
386 301 12 14 0.014
0 124 19 60 0.012
