5_Car_Accident_Accident_5_77
102
231 68 20 27 0.837
886 58 28 34 0.837
376 62 23 29 0.831
519 39 16 19 0.829
185 77 22 26 0.829
489 68 20 26 0.827
288 77 23 28 0.826
540 80 21 23 0.802
930 47 37 47 0.801
446 85 22 26 0.791
589 44 19 23 0.783
113 89 20 24 0.781
628 62 24 31 0.756
653 61 22 28 0.753
718 67 22 28 0.742
710 8 13 17 0.717
794 22 12 15 0.713
812 55 25 29 0.697
796 56 18 24 0.695
981 48 18 25 0.681
873 59 13 17 0.677
573 66 25 33 0.659
738 26 11 13 0.658
759 34 25 33 0.656
737 51 15 20 0.646
692 69 23 30 0.618
439 55 21 27 0.618
32 9 12 16 0.539
1 0 11 17 0.535
83 61 20 39 0.512
22 27 13 16 0.483
1 109 8 22 0.442
677 27 13 16 0.438
882 49 12 14 0.308
317 21 26 31 0.295
28 11 14 20 0.242
915 54 17 23 0.234
965 42 19 23 0.233
24 22 15 19 0.225
803 58 24 27 0.207
392 1 12 14 0.183
986 56 16 23 0.155
995 67 13 16 0.134
992 61 15 21 0.129
478 40 16 21 0.116
0 6 12 18 0.099
909 57 18 28 0.093
456 82 22 23 0.093
765 21 16 18 0.088
592 49 20 26 0.087
204 1 16 14 0.080
669 27 14 16 0.051
688 1 9 12 0.047
29 28 11 16 0.046
748 45 22 27 0.041
469 80 13 16 0.040
212 93 16 20 0.038
995 275 30 48 0.034
639 14 13 18 0.034
812 10 8 14 0.033
544 76 20 23 0.033
788 26 17 20 0.031
633 29 12 18 0.031
889 45 17 18 0.030
617 19 14 19 0.030
625 28 18 20 0.026
474 2 11 11 0.025
412 52 12 21 0.025
871 54 19 26 0.024
320 76 17 22 0.023
675 31 14 18 0.023
410 60 13 17 0.022
482 44 19 22 0.021
637 5 14 35 0.021
899 59 23 29 0.020
327 77 13 19 0.018
597 59 16 23 0.018
0 104 8 17 0.018
617 1 10 11 0.018
2 115 12 18 0.017
767 17 11 12 0.017
958 38 18 22 0.016
24 33 15 16 0.016
564 66 23 27 0.015
322 79 13 15 0.015
812 5 9 13 0.015
2 32 18 18 0.015
617 25 15 21 0.013
172 95 11 15 0.013
971 41 13 17 0.013
912 49 15 21 0.013
813 1 8 9 0.013
322 -1 14 13 0.012
811 17 10 13 0.012
391 5 17 19 0.012
170 89 19 21 0.012
755 29 22 30 0.012
388 3 13 17 0.012
883 43 11 12 0.012
897 41 11 12 0.011
449 57 18 21 0.011
77 69 20 37 0.011
