5_Car_Accident_Accident_5_642
49
58 671 15 19 0.748
538 745 13 16 0.692
581 745 13 16 0.672
492 620 14 17 0.636
477 719 12 15 0.624
698 741 16 18 0.375
755 640 10 12 0.297
508 643 14 17 0.275
366 723 14 19 0.152
639 747 12 16 0.146
610 650 9 10 0.111
752 637 10 13 0.111
801 720 20 28 0.106
571 667 9 11 0.105
278 637 7 9 0.086
292 730 17 19 0.077
233 637 7 9 0.067
806 708 19 27 0.062
633 748 14 15 0.056
796 728 18 21 0.050
707 756 18 23 0.049
476 644 11 13 0.045
612 656 9 11 0.045
546 763 10 14 0.044
685 763 12 16 0.041
610 652 10 13 0.041
258 634 7 8 0.041
297 730 19 21 0.037
753 633 11 13 0.035
610 662 9 12 0.033
688 759 20 20 0.032
232 631 7 16 0.031
808 706 15 19 0.029
490 617 13 16 0.026
708 766 17 17 0.024
630 751 12 13 0.021
758 643 9 11 0.019
695 739 11 13 0.019
812 713 20 27 0.018
516 648 11 14 0.016
617 651 8 12 0.014
470 241 49 68 0.013
604 644 12 11 0.013
573 660 9 12 0.012
55 669 14 17 0.012
714 746 15 18 0.011
616 662 9 12 0.011
608 658 13 23 0.010
612 667 10 11 0.010
