5_Car_Accident_Accident_5_202
29
989 72 20 23 0.723
821 74 15 21 0.717
897 83 15 18 0.706
759 83 14 18 0.654
745 89 17 21 0.636
966 64 18 22 0.457
791 85 13 16 0.388
712 84 12 15 0.297
929 75 21 24 0.285
571 103 8 10 0.084
577 90 8 9 0.065
696 94 9 10 0.043
697 91 12 14 0.035
764 84 12 17 0.031
792 92 14 19 0.030
732 87 18 18 0.026
711 83 10 12 0.025
574 92 9 12 0.019
968 58 15 21 0.018
800 79 19 23 0.018
934 70 18 24 0.017
675 83 9 11 0.016
694 94 12 14 0.015
728 86 12 16 0.014
962 149 17 24 0.013
555 92 9 11 0.012
858 94 17 18 0.012
914 57 14 18 0.011
919 70 22 28 0.011
