5_Car_Accident_Accident_5_448
467
293 393 15 17 0.807
86 393 16 20 0.803
51 437 19 23 0.795
925 558 26 29 0.769
802 433 19 27 0.758
230 375 13 16 0.740
14 340 14 16 0.711
192 448 16 22 0.706
297 541 24 31 0.700
982 239 10 11 0.695
176 284 10 12 0.684
888 406 17 28 0.668
136 349 16 17 0.663
304 278 10 13 0.661
313 261 10 11 0.654
926 261 11 13 0.638
928 334 13 17 0.622
701 404 14 22 0.614
866 232 10 12 0.603
427 237 10 11 0.601
207 413 16 18 0.598
111 223 9 13 0.575
263 349 10 14 0.571
257 266 9 12 0.567
237 239 8 10 0.560
314 370 12 15 0.558
10 364 15 18 0.549
154 313 12 14 0.547
981 318 12 14 0.543
63 298 11 12 0.513
288 475 16 20 0.506
400 238 9 11 0.495
396 443 12 14 0.491
129 432 12 18 0.488
231 335 10 13 0.484
229 294 11 13 0.482
452 219 10 11 0.475
195 262 9 13 0.471
248 619 22 27 0.468
356 248 10 11 0.457
964 247 10 12 0.455
922 230 9 10 0.442
269 262 9 11 0.429
929 196 7 10 0.427
110 298 10 14 0.423
203 417 17 20 0.416
336 268 9 10 0.405
205 357 10 15 0.405
296 260 8 10 0.401
384 243 8 11 0.397
219 226 8 10 0.393
200 305 9 13 0.391
193 425 13 17 0.384
184 215 10 11 0.381
198 286 10 12 0.372
288 440 12 15 0.372
143 293 10 13 0.364
182 325 11 14 0.353
269 287 11 15 0.347
145 351 13 16 0.347
372 229 9 12 0.337
251 254 8 10 0.325
53 342 13 15 0.324
446 241 11 12 0.318
74 372 14 17 0.309
133 244 10 12 0.306
198 237 9 12 0.306
202 334 12 15 0.304
226 296 11 13 0.301
310 458 14 20 0.299
72 327 12 13 0.293
158 314 10 14 0.288
741 470 13 25 0.275
829 202 8 11 0.272
336 236 8 12 0.266
294 469 17 24 0.266
147 291 9 13 0.259
389 204 8 12 0.251
109 238 9 13 0.251
1002 206 8 11 0.249
907 203 7 9 0.234
217 322 10 13 0.231
134 248 9 11 0.228
114 298 10 14 0.219
360 297 10 13 0.211
261 264 12 12 0.208
148 274 9 13 0.208
114 263 11 14 0.207
176 372 11 15 0.207
271 213 8 10 0.204
874 196 8 8 0.191
445 201 7 9 0.191
886 199 7 13 0.190
227 266 10 13 0.190
266 348 11 16 0.182
979 323 13 15 0.177
178 250 9 12 0.176
63 291 12 26 0.174
492 256 9 12 0.171
197 274 10 26 0.171
206 331 13 16 0.168
111 265 12 14 0.166
276 236 9 11 0.157
868 213 8 46 0.155
376 212 8 12 0.154
94 269 10 13 0.151
198 211 8 11 0.148
923 220 9 27 0.145
881 196 8 9 0.139
798 190 9 10 0.136
45 316 11 14 0.135
853 193 7 7 0.134
381 251 10 13 0.134
984 200 7 9 0.133
943 207 8 10 0.132
275 233 9 12 0.131
335 245 10 12 0.127
156 186 8 8 0.123
879 214 10 10 0.123
292 459 24 39 0.122
883 204 9 21 0.120
299 303 11 15 0.120
843 196 8 13 0.119
632 444 12 26 0.118
137 225 8 11 0.117
237 226 8 37 0.116
380 258 9 11 0.115
182 242 10 13 0.114
411 207 9 11 0.113
847 194 9 9 0.112
250 250 10 12 0.106
108 243 11 13 0.104
423 238 23 12 0.104
456 372 13 16 0.103
372 229 11 19 0.100
271 225 10 17 0.100
151 203 11 17 0.096
347 337 11 14 0.095
389 208 9 11 0.093
151 210 10 13 0.092
904 239 9 11 0.091
176 262 8 11 0.090
115 254 10 13 0.090
282 187 7 7 0.089
210 351 13 18 0.089
158 222 11 12 0.088
451 200 9 49 0.088
986 200 8 8 0.087
180 247 9 14 0.087
899 203 16 9 0.086
359 214 8 11 0.086
222 257 10 12 0.086
142 330 12 16 0.086
821 187 7 7 0.085
108 234 9 28 0.085
334 205 9 11 0.085
495 405 11 14 0.085
444 219 11 10 0.084
163 231 11 18 0.083
1015 215 8 11 0.082
449 208 9 23 0.082
373 373 11 15 0.082
261 223 13 19 0.082
212 411 13 17 0.082
153 242 10 12 0.081
236 292 11 13 0.081
848 257 10 12 0.080
280 188 8 8 0.079
220 216 10 16 0.078
252 304 11 13 0.078
925 228 10 11 0.077
225 266 12 21 0.077
476 413 13 16 0.077
822 190 8 9 0.076
223 262 12 16 0.072
985 219 10 11 0.072
131 293 12 14 0.072
314 217 8 88 0.071
407 193 9 16 0.071
819 185 11 17 0.071
148 357 13 16 0.069
902 234 16 21 0.068
132 346 15 17 0.068
828 182 9 47 0.067
195 216 10 27 0.067
330 233 12 16 0.066
998 202 10 11 0.066
467 442 15 17 0.064
202 206 9 11 0.064
447 426 14 16 0.064
264 228 9 12 0.064
161 221 14 23 0.064
132 238 15 19 0.063
983 222 11 22 0.062
194 419 23 20 0.062
828 202 19 9 0.061
984 222 8 10 0.061
255 204 8 10 0.061
155 187 9 13 0.060
387 191 8 12 0.060
798 184 7 19 0.060
204 341 12 36 0.060
349 221 9 15 0.060
308 236 10 16 0.060
370 244 14 20 0.060
313 184 7 8 0.059
150 271 10 12 0.059
865 213 9 10 0.058
484 407 22 16 0.057
155 239 12 14 0.057
944 202 9 23 0.057
225 190 8 10 0.056
375 227 11 14 0.056
147 269 10 15 0.055
474 407 14 34 0.054
15 363 18 20 0.054
982 224 10 13 0.053
229 353 11 16 0.053
97 268 13 18 0.052
455 368 11 15 0.052
545 362 10 12 0.052
119 264 10 13 0.052
237 331 11 14 0.052
335 417 13 17 0.052
903 245 9 12 0.052
389 177 8 64 0.052
234 224 12 27 0.051
299 455 15 20 0.051
195 252 9 27 0.050
81 365 12 17 0.050
200 281 10 14 0.050
199 207 10 11 0.049
107 303 11 14 0.049
877 192 8 10 0.049
407 191 11 29 0.049
965 282 12 15 0.048
883 232 10 11 0.048
309 341 10 15 0.048
879 195 12 8 0.047
135 221 8 11 0.047
696 401 13 19 0.047
982 200 18 9 0.047
327 228 9 12 0.046
178 254 14 21 0.046
127 294 14 18 0.046
259 237 9 20 0.045
299 208 10 11 0.044
276 227 10 15 0.043
704 408 15 21 0.043
1017 212 7 25 0.042
870 196 7 15 0.042
140 265 15 69 0.042
277 247 9 12 0.042
387 203 20 11 0.041
904 204 7 9 0.041
122 259 14 22 0.041
316 462 13 18 0.040
797 184 8 8 0.040
808 191 10 21 0.040
201 434 16 22 0.040
781 234 11 13 0.039
854 257 11 13 0.039
243 212 16 15 0.038
871 194 15 13 0.037
154 176 9 64 0.037
303 307 11 14 0.037
178 328 13 22 0.037
255 623 22 24 0.037
99 296 12 17 0.036
172 215 10 12 0.035
273 338 11 16 0.035
403 194 9 11 0.035
231 206 14 22 0.034
823 188 13 19 0.034
473 269 8 10 0.034
175 339 11 15 0.034
561 357 9 11 0.034
154 209 9 23 0.034
354 209 11 25 0.032
940 203 9 19 0.032
447 220 10 11 0.032
435 215 11 15 0.032
340 276 11 12 0.032
979 331 13 15 0.031
303 206 15 19 0.031
537 337 9 11 0.031
339 198 12 17 0.031
402 188 11 21 0.030
336 182 8 102 0.030
58 298 10 12 0.030
218 182 9 93 0.030
300 229 12 21 0.029
111 303 12 14 0.029
0 432 11 28 0.029
743 464 14 24 0.028
463 377 12 15 0.028
223 185 9 26 0.027
959 248 10 13 0.027
330 195 10 21 0.027
0 646 14 30 0.027
87 291 11 13 0.027
219 448 12 17 0.027
333 202 14 13 0.027
242 188 8 10 0.026
103 323 13 19 0.026
663 369 8 9 0.026
232 200 11 23 0.026
271 207 18 26 0.026
459 379 14 16 0.026
296 219 13 26 0.026
933 244 12 13 0.026
323 279 10 12 0.026
262 353 10 14 0.026
475 417 12 16 0.026
145 336 12 17 0.025
901 232 10 13 0.025
345 280 11 13 0.025
1018 231 6 15 0.025
178 227 9 110 0.025
274 301 12 14 0.025
65 385 16 19 0.025
122 297 24 13 0.025
147 239 27 13 0.025
180 308 24 41 0.025
809 187 9 39 0.025
882 212 10 29 0.025
169 317 17 25 0.024
742 453 16 24 0.024
390 192 19 28 0.024
866 190 10 26 0.024
556 358 12 13 0.024
285 479 15 18 0.024
135 197 9 104 0.024
442 240 10 12 0.024
785 191 10 10 0.024
843 253 9 12 0.024
271 169 9 88 0.024
277 240 8 21 0.023
253 274 10 14 0.023
925 328 13 18 0.023
303 338 14 17 0.023
483 261 15 16 0.022
984 217 8 39 0.022
251 205 15 28 0.022
964 251 11 14 0.022
269 213 27 11 0.022
270 333 11 16 0.022
444 199 6 9 0.022
473 440 14 19 0.022
206 296 11 106 0.022
809 202 9 11 0.021
275 220 15 28 0.021
844 201 12 16 0.021
320 254 12 14 0.021
51 321 15 22 0.021
295 204 16 26 0.020
174 345 11 15 0.020
234 207 11 13 0.020
89 285 11 21 0.020
929 237 12 19 0.020
181 280 23 96 0.020
90 396 16 19 0.020
308 251 10 52 0.020
807 185 9 8 0.020
769 184 8 8 0.020
443 192 8 19 0.020
183 209 10 12 0.020
304 309 11 50 0.020
905 243 9 12 0.020
295 184 9 8 0.019
428 207 14 22 0.019
195 198 8 114 0.019
541 363 12 15 0.019
808 236 13 21 0.019
212 440 14 20 0.019
97 332 14 16 0.019
246 212 13 30 0.019
63 311 15 26 0.019
467 187 7 10 0.019
811 246 12 14 0.018
306 334 13 16 0.018
153 367 11 15 0.018
60 374 21 31 0.018
83 313 11 15 0.018
996 217 12 25 0.018
474 238 11 13 0.018
138 327 12 18 0.018
549 264 9 10 0.018
303 221 12 26 0.018
378 204 31 85 0.017
250 194 11 28 0.017
537 338 11 15 0.017
271 187 8 8 0.017
815 235 11 21 0.017
981 198 7 9 0.017
820 254 9 11 0.016
462 194 9 17 0.016
817 247 12 18 0.016
908 200 7 7 0.016
74 343 15 18 0.016
404 226 12 16 0.016
273 305 10 12 0.016
485 248 10 16 0.016
112 223 15 100 0.016
182 173 18 103 0.016
91 336 17 19 0.016
306 197 11 26 0.016
98 325 13 18 0.016
344 195 10 12 0.016
263 186 10 13 0.015
487 434 14 18 0.015
0 429 8 25 0.015
1001 198 8 9 0.015
253 199 9 18 0.015
110 256 16 38 0.015
446 190 9 24 0.015
409 159 10 92 0.015
175 268 11 37 0.015
211 356 16 18 0.015
902 198 8 10 0.015
453 247 10 13 0.014
921 205 12 24 0.014
181 303 13 15 0.014
25 367 17 20 0.014
466 182 8 21 0.014
122 339 13 16 0.014
372 172 8 113 0.014
452 238 11 15 0.014
310 215 10 114 0.013
929 193 8 9 0.013
362 294 10 13 0.013
809 230 11 13 0.013
324 275 14 14 0.013
313 179 13 23 0.013
658 366 15 15 0.012
317 380 12 15 0.012
331 417 12 15 0.012
896 410 17 24 0.012
71 293 17 24 0.012
962 324 15 15 0.012
331 189 12 22 0.012
465 372 27 81 0.012
196 213 14 115 0.011
803 186 17 7 0.011
365 184 9 18 0.011
122 267 14 25 0.011
470 416 14 15 0.011
0 385 11 22 0.011
313 204 15 25 0.011
448 188 13 42 0.011
786 236 16 15 0.011
815 231 11 16 0.011
221 441 12 17 0.011
875 248 10 13 0.011
356 305 12 17 0.011
88 274 10 14 0.010
770 179 13 24 0.010
806 180 21 30 0.010
112 216 9 11 0.010
205 239 14 19 0.010
780 239 13 14 0.010
1000 231 9 12 0.010
232 189 20 11 0.010
53 365 16 20 0.010
357 198 12 26 0.010
53 375 16 20 0.010
757 181 12 9 0.010
