5_Car_Accident_Accident_5_777
30
824 152 14 17 0.774
759 148 15 19 0.742
633 149 17 22 0.666
502 146 20 23 0.621
724 168 14 16 0.490
597 170 13 14 0.425
795 150 12 17 0.418
522 148 14 17 0.316
551 157 11 14 0.197
811 151 31 17 0.188
500 143 18 20 0.095
375 227 15 17 0.094
377 230 17 20 0.061
1015 255 9 21 0.056
628 171 14 16 0.043
978 230 13 16 0.042
179 286 22 25 0.039
726 164 13 16 0.038
883 163 14 17 0.035
724 173 16 17 0.028
547 161 13 18 0.028
796 147 11 13 0.024
759 217 46 56 0.019
134 287 21 26 0.017
597 174 13 15 0.017
612 170 17 16 0.015
731 168 14 17 0.015
947 169 12 14 0.013
385 240 18 18 0.011
135 285 29 35 0.010
