5_Car_Accident_Accident_5_460
90
112 313 20 24 0.735
235 306 13 17 0.632
867 365 12 15 0.614
63 313 13 17 0.594
251 106 9 9 0.421
217 97 8 8 0.421
185 312 10 16 0.412
919 352 11 15 0.388
155 308 12 18 0.376
48 75 10 16 0.369
129 291 13 15 0.345
973 351 9 9 0.341
210 312 11 13 0.308
425 137 6 6 0.282
271 315 11 13 0.276
320 115 7 8 0.227
390 131 6 7 0.225
344 115 6 8 0.222
318 327 9 13 0.219
48 65 10 13 0.197
318 321 8 11 0.168
1 295 16 28 0.163
209 311 21 15 0.145
318 331 10 13 0.125
287 317 9 12 0.121
469 142 7 8 0.116
179 326 13 20 0.115
466 143 6 7 0.110
463 140 6 8 0.104
471 143 7 8 0.078
390 135 6 8 0.075
973 348 7 10 0.072
181 316 12 28 0.067
44 314 15 21 0.065
265 315 12 15 0.063
0 360 7 17 0.061
215 100 32 11 0.060
216 313 11 13 0.058
88 333 17 21 0.056
168 295 11 19 0.053
976 352 8 10 0.051
171 293 10 13 0.050
153 304 51 29 0.050
464 137 7 7 0.050
124 316 16 21 0.049
2 283 12 32 0.048
218 317 9 12 0.047
307 345 10 13 0.045
40 319 15 20 0.045
924 353 11 14 0.045
863 366 11 15 0.044
339 116 8 8 0.041
890 358 12 14 0.041
442 149 7 8 0.040
320 112 7 8 0.038
893 362 14 14 0.037
464 140 10 11 0.034
188 312 10 14 0.034
429 140 10 13 0.033
425 309 13 16 0.032
315 116 6 9 0.030
150 306 14 18 0.029
205 112 8 10 0.028
213 106 9 11 0.028
207 108 10 15 0.028
256 318 11 14 0.027
385 129 7 8 0.024
286 314 9 11 0.024
426 136 7 8 0.024
177 333 13 20 0.024
81 332 17 19 0.022
881 362 17 17 0.020
133 274 7 9 0.018
889 351 32 27 0.018
325 114 25 11 0.015
162 294 18 27 0.015
916 351 9 14 0.013
293 320 11 13 0.013
53 310 15 18 0.013
344 112 6 8 0.012
4 306 14 22 0.012
977 346 9 10 0.012
896 369 14 14 0.011
256 311 11 13 0.011
139 317 17 19 0.011
132 274 8 17 0.010
212 101 9 20 0.010
10 331 16 18 0.010
906 360 13 16 0.010
319 336 13 18 0.010
