5_Car_Accident_Car_Crash_5_38
26
777 238 11 15 0.694
831 232 13 17 0.683
0 227 21 37 0.677
339 100 54 69 0.555
941 247 9 12 0.535
914 238 10 13 0.460
891 243 10 12 0.388
71 270 13 16 0.258
911 240 35 14 0.093
915 243 9 12 0.061
66 269 12 14 0.055
909 232 12 13 0.038
914 233 10 13 0.025
897 220 10 11 0.024
70 274 11 14 0.024
361 110 42 58 0.023
892 221 12 14 0.023
772 237 13 15 0.021
943 245 10 13 0.018
334 114 41 57 0.018
857 299 10 13 0.016
62 262 10 13 0.015
944 250 10 12 0.013
796 280 13 15 0.012
111 195 18 23 0.012
1016 235 9 24 0.010
