5_Car_Accident_Accident_5_234
271
657 487 21 26 0.778
422 508 18 20 0.763
802 257 11 15 0.727
451 337 15 20 0.723
431 590 20 27 0.721
353 465 17 19 0.688
865 351 15 18 0.665
810 316 14 17 0.656
886 291 11 15 0.624
472 331 15 17 0.617
808 235 12 12 0.601
272 557 15 22 0.585
14 571 28 24 0.527
797 659 23 25 0.508
338 350 10 17 0.506
424 404 16 20 0.493
787 298 11 14 0.493
780 279 13 15 0.484
321 436 17 21 0.460
792 352 15 18 0.457
345 330 11 16 0.453
414 316 12 15 0.444
425 430 15 21 0.375
140 539 24 24 0.373
270 390 16 19 0.350
782 284 14 19 0.348
784 289 13 20 0.337
872 259 13 16 0.300
674 118 7 9 0.288
333 311 11 15 0.288
427 412 17 24 0.270
181 420 16 22 0.261
654 631 20 24 0.255
790 103 9 12 0.252
349 428 15 19 0.250
449 186 7 9 0.249
757 330 12 15 0.249
996 684 18 20 0.235
781 207 10 12 0.233
866 291 10 13 0.219
727 121 6 8 0.216
431 171 7 8 0.214
451 170 5 6 0.211
263 444 17 17 0.208
771 171 8 10 0.204
81 448 20 21 0.189
749 121 8 9 0.186
341 336 12 17 0.186
775 232 10 12 0.180
378 318 13 17 0.180
382 320 12 14 0.178
721 355 14 17 0.176
214 492 13 17 0.175
774 194 8 11 0.174
146 268 7 9 0.172
338 330 11 47 0.152
810 76 11 14 0.145
192 486 16 20 0.143
810 280 11 14 0.143
337 343 13 20 0.131
310 480 16 19 0.129
575 530 18 25 0.127
850 547 17 27 0.125
1 484 13 22 0.123
146 533 21 25 0.122
358 376 17 19 0.117
779 204 10 13 0.114
581 537 16 21 0.106
772 138 8 10 0.105
573 524 17 23 0.105
147 436 15 21 0.104
245 482 19 22 0.102
139 622 22 20 0.101
203 490 25 18 0.101
371 326 11 15 0.092
868 258 10 13 0.089
215 400 13 19 0.088
271 399 16 19 0.083
728 42 13 15 0.083
869 268 10 13 0.080
877 261 13 15 0.080
413 321 12 16 0.076
364 328 12 16 0.075
486 168 7 8 0.075
334 296 12 34 0.074
820 262 10 14 0.070
541 147 5 8 0.069
783 272 13 41 0.069
563 148 6 7 0.069
859 238 10 11 0.069
853 191 11 16 0.069
531 159 7 9 0.068
453 169 6 8 0.068
768 170 8 10 0.068
179 416 16 20 0.066
793 665 21 23 0.066
811 236 12 13 0.066
393 623 17 22 0.066
314 442 17 47 0.063
551 160 6 8 0.063
339 285 11 12 0.063
867 280 11 26 0.062
542 158 9 8 0.062
752 211 10 13 0.061
503 163 8 8 0.060
1 419 15 29 0.060
209 489 41 20 0.060
771 161 8 27 0.059
391 318 13 15 0.056
797 389 12 16 0.054
547 156 10 12 0.054
330 317 12 15 0.053
257 438 17 18 0.052
253 433 16 19 0.052
641 127 7 8 0.051
532 158 8 9 0.050
602 525 17 20 0.050
336 358 13 17 0.046
176 420 14 20 0.045
803 649 21 25 0.043
676 119 7 8 0.043
185 483 15 21 0.042
673 114 7 10 0.042
138 548 20 22 0.040
362 365 16 20 0.040
355 378 14 17 0.040
747 121 14 12 0.040
375 315 11 15 0.039
311 398 12 16 0.037
329 409 10 14 0.037
582 158 7 8 0.037
784 81 9 11 0.037
451 168 6 6 0.037
209 487 16 18 0.036
642 615 18 22 0.035
498 159 10 25 0.035
143 433 15 19 0.034
335 308 13 16 0.034
395 316 12 13 0.033
784 205 14 14 0.033
246 428 13 16 0.033
269 488 15 19 0.032
727 120 13 10 0.031
842 486 15 19 0.029
488 166 7 7 0.029
772 136 13 16 0.029
259 449 14 17 0.028
13 565 21 25 0.028
145 272 8 9 0.028
322 325 11 15 0.028
499 165 6 25 0.028
911 98 9 11 0.028
518 183 8 10 0.027
791 349 12 16 0.027
665 637 20 25 0.027
353 368 15 19 0.027
267 390 13 17 0.027
490 162 13 20 0.027
275 389 16 19 0.027
585 543 15 21 0.027
341 643 18 21 0.026
651 638 18 22 0.026
358 466 17 20 0.026
145 442 14 19 0.026
336 284 11 25 0.025
29 568 24 26 0.025
581 126 7 8 0.025
751 123 8 11 0.024
893 350 12 15 0.024
855 234 10 13 0.023
311 460 17 43 0.023
662 128 7 8 0.023
795 348 15 20 0.023
777 164 12 86 0.022
150 621 20 20 0.022
605 576 11 16 0.022
796 159 9 11 0.022
430 404 13 18 0.022
407 349 15 17 0.022
842 553 22 28 0.022
136 626 21 20 0.021
574 517 15 21 0.021
997 689 20 21 0.021
330 410 16 17 0.021
648 634 18 21 0.020
438 165 15 30 0.020
129 266 9 8 0.019
566 526 19 22 0.019
124 267 8 10 0.019
771 173 10 51 0.019
786 105 10 11 0.019
863 242 15 15 0.019
269 383 15 20 0.019
90 446 17 21 0.019
348 434 14 17 0.019
499 163 15 8 0.018
804 243 11 15 0.018
421 434 13 17 0.018
5 646 24 39 0.018
330 405 12 15 0.018
639 599 18 36 0.018
420 170 7 10 0.018
396 350 16 16 0.018
787 140 8 11 0.018
211 405 34 22 0.017
367 379 15 20 0.017
77 452 18 22 0.017
1 490 16 21 0.017
766 139 10 11 0.017
151 527 18 23 0.017
758 223 12 14 0.017
360 383 16 19 0.016
303 479 15 19 0.016
358 292 11 14 0.016
510 155 12 20 0.016
308 486 17 19 0.016
316 433 17 21 0.016
889 282 11 16 0.016
332 353 12 16 0.016
158 431 17 21 0.016
675 639 19 25 0.015
269 443 16 17 0.015
557 138 14 25 0.015
461 405 14 18 0.015
133 264 14 13 0.015
538 146 13 28 0.015
290 356 13 17 0.015
497 186 9 9 0.015
187 492 17 22 0.015
637 121 12 20 0.014
802 355 14 19 0.014
403 352 18 19 0.014
21 515 20 25 0.014
24 575 26 23 0.014
794 186 12 13 0.014
483 167 26 11 0.014
807 238 10 15 0.014
787 78 9 49 0.014
892 270 12 13 0.013
270 567 16 21 0.013
216 497 14 19 0.013
617 125 10 14 0.013
217 494 19 19 0.013
346 467 19 22 0.013
880 351 18 18 0.012
536 178 8 14 0.012
377 589 16 25 0.012
334 638 19 22 0.012
770 142 10 19 0.012
941 179 13 16 0.012
601 133 9 8 0.012
774 107 9 11 0.012
401 287 11 13 0.012
190 546 16 20 0.012
863 296 11 14 0.011
397 322 16 16 0.011
637 566 17 22 0.011
366 316 13 23 0.011
345 284 16 20 0.011
8 506 32 28 0.011
822 265 11 14 0.011
426 437 15 19 0.011
221 408 15 17 0.011
580 522 19 22 0.011
802 317 15 17 0.011
769 108 10 10 0.011
782 133 9 18 0.011
394 630 19 23 0.011
364 361 15 17 0.010
633 571 18 22 0.010
993 682 16 19 0.010
