5_Car_Accident_Accident_5_244
36
707 185 22 28 0.787
648 204 21 28 0.768
998 185 26 59 0.729
462 303 26 27 0.727
841 199 27 43 0.725
797 195 23 25 0.723
919 188 18 26 0.720
492 209 21 25 0.668
569 188 19 23 0.434
765 203 18 24 0.339
758 204 16 22 0.322
753 200 14 22 0.222
889 203 20 26 0.213
622 313 29 35 0.164
765 210 21 25 0.160
863 198 46 35 0.095
750 197 13 17 0.091
768 198 19 23 0.063
768 220 22 23 0.054
839 199 20 30 0.048
752 194 12 14 0.043
911 220 18 23 0.042
745 201 16 18 0.039
899 214 18 24 0.035
259 275 22 24 0.022
556 195 9 12 0.022
917 216 17 23 0.021
837 193 15 31 0.020
485 547 48 40 0.019
659 310 27 37 0.017
489 203 18 23 0.014
917 202 17 30 0.013
510 604 47 29 0.012
754 187 13 17 0.012
630 214 12 16 0.011
629 319 27 35 0.010
