5_Car_Accident_Car_Crash_5_94
30
551 302 8 10 0.708
265 355 32 35 0.654
626 300 8 10 0.644
583 303 7 8 0.497
517 291 12 14 0.493
606 316 8 9 0.304
612 299 7 8 0.236
453 309 8 10 0.106
907 252 12 14 0.088
610 302 12 12 0.080
930 247 11 14 0.080
585 301 9 10 0.050
845 200 7 8 0.045
565 293 7 9 0.043
459 314 8 8 0.030
870 198 8 10 0.030
518 287 12 13 0.029
607 296 7 8 0.025
560 291 12 18 0.024
614 297 8 8 0.023
277 350 20 26 0.019
446 315 7 11 0.019
610 297 6 8 0.018
628 295 8 9 0.018
460 298 10 15 0.017
486 304 7 9 0.017
611 293 7 33 0.015
442 319 7 8 0.013
517 297 10 12 0.012
594 292 7 10 0.010
