5_Car_Accident_Accident_5_628
81
266 278 28 34 0.825
176 219 23 31 0.796
0 238 13 37 0.788
231 236 22 27 0.749
328 219 22 26 0.747
856 203 25 31 0.744
158 309 25 37 0.735
376 150 23 30 0.729
936 289 27 31 0.727
440 190 22 25 0.704
77 216 25 29 0.628
43 150 23 28 0.563
284 176 20 27 0.439
509 364 26 28 0.389
913 239 20 28 0.323
958 335 25 38 0.315
729 343 29 36 0.295
379 205 23 30 0.275
98 343 27 35 0.233
375 90 20 22 0.214
940 332 25 36 0.210
579 26 24 35 0.167
478 160 18 25 0.163
1007 103 17 26 0.138
45 161 22 29 0.094
1000 270 21 32 0.094
1 164 16 30 0.079
1012 378 12 48 0.076
399 180 24 27 0.076
101 319 30 37 0.074
413 92 15 18 0.067
288 171 21 24 0.067
338 383 24 29 0.064
276 231 17 20 0.062
893 212 21 30 0.062
340 187 22 29 0.057
890 333 21 29 0.055
110 330 27 35 0.054
944 331 35 46 0.053
298 179 19 24 0.047
724 336 28 37 0.046
382 57 18 21 0.045
1007 351 16 36 0.044
282 172 19 23 0.041
1010 349 14 64 0.038
483 163 18 28 0.037
846 305 29 35 0.037
197 275 24 29 0.033
1013 529 11 45 0.030
401 192 24 29 0.030
119 317 31 43 0.028
1008 110 16 34 0.028
920 240 19 24 0.027
944 327 21 28 0.021
791 279 20 36 0.021
919 403 23 29 0.020
377 57 17 20 0.019
93 353 26 29 0.018
1014 399 10 27 0.017
700 321 24 33 0.016
280 354 25 28 0.016
89 218 20 26 0.016
419 92 14 18 0.015
1005 98 16 22 0.015
72 218 20 24 0.015
1011 368 12 30 0.014
0 388 6 39 0.013
852 314 26 34 0.013
996 252 19 26 0.013
901 203 25 28 0.012
334 186 19 24 0.012
999 102 19 29 0.012
361 84 17 18 0.012
23 197 22 29 0.012
355 80 15 19 0.012
454 108 14 18 0.011
798 197 20 25 0.011
417 98 16 22 0.011
0 355 6 32 0.010
885 338 25 33 0.010
278 179 17 23 0.010
