5_Car_Accident_Accident_5_340
46
195 233 23 30 0.835
101 211 23 29 0.812
688 68 25 28 0.810
168 205 17 23 0.803
266 214 19 24 0.802
39 220 27 33 0.779
986 37 23 30 0.778
886 53 21 28 0.741
343 220 15 21 0.710
849 110 22 29 0.710
951 98 29 30 0.665
295 218 11 15 0.563
764 119 22 26 0.422
554 101 13 16 0.312
507 230 32 34 0.278
4 202 10 14 0.264
349 222 13 18 0.161
564 133 9 10 0.125
121 224 12 17 0.121
495 93 8 11 0.112
16 200 15 17 0.088
778 117 19 23 0.084
111 215 20 26 0.075
224 227 14 15 0.066
124 211 9 13 0.054
118 225 17 22 0.045
887 80 19 25 0.042
19 202 17 19 0.041
323 221 9 11 0.033
299 216 10 15 0.031
354 221 12 15 0.030
126 210 9 11 0.030
10 200 19 27 0.028
548 104 10 13 0.022
218 227 18 20 0.022
186 206 11 14 0.022
11 216 16 19 0.021
545 105 9 12 0.020
351 227 12 17 0.015
782 120 21 25 0.014
432 158 11 13 0.013
357 222 13 17 0.012
2 214 15 24 0.011
177 201 17 21 0.011
341 217 15 18 0.010
252 222 13 16 0.010
