5_Car_Accident_Accident_5_510
57
280 276 29 39 0.772
386 242 27 34 0.751
197 289 35 43 0.724
343 211 28 33 0.723
574 462 44 58 0.713
246 253 23 29 0.648
508 225 27 30 0.627
57 241 43 62 0.600
318 282 30 36 0.575
441 246 21 28 0.382
419 258 22 28 0.313
44 252 42 55 0.297
77 257 40 58 0.236
302 256 23 29 0.207
0 271 19 41 0.188
0 271 13 32 0.175
517 230 29 30 0.124
545 235 17 21 0.107
358 265 25 31 0.088
3 276 28 42 0.087
39 259 33 45 0.082
447 465 38 48 0.081
309 278 31 36 0.072
542 241 17 22 0.069
67 241 66 62 0.062
327 256 23 27 0.052
301 236 23 30 0.050
354 272 23 30 0.050
124 236 28 38 0.049
504 466 41 43 0.045
34 276 37 43 0.041
239 233 24 29 0.040
550 234 17 20 0.032
336 261 28 31 0.032
445 255 23 30 0.027
257 283 20 26 0.025
193 237 21 24 0.025
186 242 22 25 0.023
85 276 30 39 0.023
303 230 20 25 0.023
0 265 10 26 0.021
242 188 17 26 0.018
233 294 22 28 0.018
584 231 14 18 0.018
165 301 27 29 0.016
474 253 20 35 0.015
350 222 29 34 0.013
316 236 25 27 0.013
579 233 15 18 0.013
30 274 28 40 0.012
477 472 28 32 0.012
572 446 36 54 0.011
1 294 28 33 0.011
241 180 19 62 0.011
335 217 26 29 0.011
40 296 21 27 0.011
238 285 37 32 0.010
