33_Running_Running_33_316
71
401 182 47 59 0.870
627 181 45 60 0.870
856 200 49 64 0.861
758 147 52 69 0.858
526 222 41 54 0.856
153 187 41 51 0.853
218 162 47 63 0.832
693 151 19 26 0.823
264 168 36 51 0.820
352 171 41 53 0.807
854 113 15 20 0.797
894 120 13 18 0.784
184 130 15 20 0.758
717 139 14 17 0.745
573 130 14 18 0.737
326 172 27 35 0.734
914 132 13 18 0.722
787 122 14 18 0.718
478 229 35 38 0.716
665 131 14 19 0.681
218 103 10 12 0.663
421 157 38 46 0.647
326 107 11 14 0.646
427 124 15 20 0.626
821 109 15 16 0.623
102 157 16 17 0.595
546 126 14 16 0.593
288 103 14 18 0.584
39 111 17 17 0.503
597 120 11 14 0.371
822 129 12 17 0.346
471 130 10 12 0.324
412 110 10 13 0.302
371 137 13 15 0.295
375 176 58 55 0.277
239 165 57 58 0.249
45 112 15 17 0.231
270 168 57 56 0.195
600 122 10 13 0.165
466 127 11 12 0.157
795 117 26 17 0.153
666 135 43 26 0.153
410 115 28 17 0.117
36 111 14 16 0.105
699 149 18 23 0.090
651 108 11 14 0.089
328 109 12 16 0.074
507 136 10 14 0.070
594 118 11 14 0.070
580 128 14 18 0.064
648 148 10 14 0.051
370 140 16 19 0.050
675 63 10 11 0.047
284 140 22 27 0.045
272 127 12 17 0.043
827 110 13 17 0.039
270 129 20 28 0.038
474 139 11 16 0.032
477 132 10 14 0.032
509 139 11 14 0.027
477 143 11 15 0.026
605 121 9 13 0.020
461 124 9 12 0.017
327 132 13 19 0.015
112 155 14 17 0.014
469 144 13 17 0.013
495 136 22 15 0.013
561 128 15 18 0.012
376 111 11 14 0.011
371 115 15 22 0.011
106 162 15 17 0.010
