33_Running_Running_33_786
87
502 460 35 41 0.850
915 451 23 32 0.843
505 126 31 36 0.829
315 376 15 20 0.822
130 375 28 35 0.805
521 242 29 32 0.805
732 456 30 46 0.798
943 353 14 16 0.771
952 112 15 22 0.769
50 464 12 16 0.754
142 463 13 15 0.753
90 457 12 15 0.745
550 340 9 12 0.720
332 254 17 19 0.713
899 122 14 15 0.702
976 340 13 19 0.688
340 464 13 16 0.686
280 227 16 21 0.685
511 339 10 13 0.662
887 341 15 20 0.642
249 453 10 14 0.591
847 139 6 7 0.573
920 134 9 10 0.539
703 128 26 28 0.539
448 338 11 14 0.531
136 248 7 9 0.475
76 384 15 25 0.469
186 371 14 18 0.413
55 238 8 12 0.361
112 247 9 12 0.331
702 347 22 36 0.170
446 330 10 12 0.125
804 137 11 14 0.124
371 256 10 13 0.115
763 140 10 13 0.104
973 226 15 16 0.087
849 139 6 8 0.085
365 335 11 15 0.078
914 125 42 17 0.075
109 247 9 11 0.073
544 370 9 11 0.064
761 142 10 13 0.062
676 119 15 21 0.059
341 107 44 53 0.058
213 275 6 8 0.054
427 421 8 10 0.047
450 342 10 13 0.045
196 244 5 7 0.045
879 140 8 10 0.043
881 341 15 19 0.041
299 277 10 12 0.038
15 494 8 9 0.037
144 470 13 16 0.037
80 380 15 25 0.033
875 142 9 10 0.032
372 260 10 13 0.029
267 332 15 21 0.028
430 250 11 16 0.027
107 243 10 12 0.026
887 336 13 18 0.026
413 409 8 9 0.025
138 248 9 10 0.025
699 350 18 26 0.023
672 238 9 13 0.023
261 335 21 28 0.022
115 254 7 10 0.022
690 334 12 14 0.022
669 240 12 15 0.021
501 393 13 14 0.020
515 341 10 12 0.020
488 408 9 10 0.017
186 378 15 19 0.017
456 329 9 12 0.015
709 352 23 37 0.014
971 340 12 17 0.014
1017 321 7 18 0.014
880 139 12 11 0.014
237 249 8 10 0.013
950 124 13 18 0.013
364 341 9 16 0.012
707 340 21 36 0.012
193 244 7 8 0.012
366 330 12 16 0.012
17 494 9 11 0.012
270 478 9 12 0.011
496 397 14 14 0.011
574 394 9 11 0.010
