33_Running_Running_33_266
57
239 218 43 59 0.886
184 175 42 45 0.883
484 249 50 60 0.869
0 162 39 54 0.868
794 93 43 55 0.866
363 257 46 64 0.865
611 125 42 50 0.865
769 272 49 59 0.864
874 196 44 57 0.858
94 257 49 63 0.857
746 216 45 49 0.847
809 204 44 50 0.835
992 208 32 45 0.795
665 199 42 37 0.794
283 207 40 40 0.790
393 132 41 45 0.767
921 106 30 47 0.762
512 171 46 52 0.761
251 156 41 53 0.724
379 217 42 43 0.678
642 317 48 37 0.675
36 163 32 40 0.661
126 194 36 35 0.651
480 147 31 43 0.507
229 152 23 32 0.493
885 125 40 51 0.477
41 144 37 48 0.389
763 244 51 63 0.358
778 230 50 61 0.348
53 140 35 46 0.306
148 146 32 37 0.226
333 162 39 42 0.210
436 133 24 31 0.188
70 216 50 48 0.186
499 151 43 51 0.175
893 109 44 51 0.116
344 157 41 42 0.102
266 132 29 37 0.091
74 226 54 57 0.091
143 156 35 42 0.083
43 134 34 40 0.049
420 128 33 40 0.044
634 304 40 46 0.043
65 150 27 39 0.032
358 155 31 37 0.028
132 145 27 31 0.023
119 151 31 32 0.022
57 194 40 53 0.021
130 147 38 40 0.017
61 206 50 49 0.015
482 161 22 28 0.014
46 138 24 29 0.013
229 144 38 46 0.013
327 160 32 38 0.011
134 182 35 39 0.011
669 306 36 38 0.011
233 156 25 35 0.011
