11_Meeting_Meeting_11_Meeting_Meeting_11_529
32
666 461 69 84 0.879
9 312 55 70 0.871
848 409 73 93 0.868
827 315 52 65 0.858
173 303 43 55 0.849
632 280 50 63 0.845
538 351 65 82 0.840
355 399 41 62 0.839
459 280 48 58 0.835
67 230 33 39 0.830
14 245 43 60 0.823
420 123 37 45 0.822
729 293 30 36 0.762
778 288 28 37 0.685
286 288 28 34 0.520
762 288 37 44 0.120
678 289 20 33 0.057
231 297 29 32 0.050
511 282 27 47 0.041
526 275 36 53 0.041
111 293 30 39 0.040
221 295 31 31 0.039
296 292 27 30 0.038
370 309 38 40 0.035
220 293 20 26 0.027
792 293 18 27 0.027
538 266 20 37 0.027
540 282 32 48 0.022
774 302 24 28 0.021
234 306 32 34 0.020
749 359 24 30 0.013
35 287 49 64 0.012
