11_Meeting_Meeting_11_Meeting_Meeting_11_176
25
693 247 34 45 0.874
794 92 45 61 0.873
653 202 22 27 0.864
497 211 24 30 0.847
214 264 29 34 0.846
166 76 19 27 0.841
119 244 35 42 0.840
570 211 20 26 0.838
15 235 24 30 0.828
187 210 23 31 0.828
336 226 27 34 0.810
410 218 27 32 0.802
284 212 21 25 0.790
777 244 29 36 0.702
646 278 26 54 0.660
357 219 18 22 0.591
896 229 15 26 0.362
895 222 14 26 0.194
440 328 27 50 0.154
291 348 37 49 0.043
586 253 18 20 0.038
346 224 23 28 0.020
133 239 26 35 0.016
631 248 16 26 0.012
904 234 15 20 0.012
