11_Meeting_Meeting_11_Meeting_Meeting_11_206
35
92 325 39 61 0.842
475 254 35 44 0.841
192 371 42 72 0.805
301 278 35 45 0.804
802 216 34 47 0.804
616 236 33 41 0.798
48 189 18 22 0.781
141 186 17 22 0.780
315 188 14 16 0.675
876 311 37 68 0.577
272 191 16 21 0.563
92 205 15 27 0.431
966 287 33 79 0.414
95 201 13 22 0.301
225 191 15 23 0.268
89 212 16 24 0.175
85 218 17 22 0.066
890 255 41 49 0.066
321 173 12 18 0.054
325 169 7 10 0.052
220 195 18 28 0.042
611 210 19 24 0.037
2 82 19 27 0.032
882 262 41 53 0.022
6 182 13 16 0.021
428 193 13 19 0.021
313 181 11 15 0.018
324 173 10 13 0.017
219 205 18 26 0.016
970 313 35 66 0.015
611 211 26 35 0.015
280 185 16 19 0.014
322 186 14 17 0.011
51 15 15 19 0.010
241 192 14 20 0.010
