11_Meeting_Meeting_11_Meeting_Meeting_11_189
75
195 386 27 36 0.831
807 143 35 57 0.798
327 379 11 16 0.768
66 368 16 20 0.740
98 383 18 26 0.730
397 391 14 21 0.715
18 361 11 14 0.702
336 364 9 13 0.658
253 364 11 13 0.655
160 369 16 17 0.646
108 362 10 13 0.642
496 361 10 12 0.629
426 367 13 15 0.624
73 355 10 10 0.622
45 357 9 11 0.552
276 370 12 16 0.495
215 357 8 9 0.418
374 357 8 9 0.408
41 356 11 13 0.373
418 357 8 9 0.372
1 365 9 16 0.368
394 361 9 12 0.306
138 362 8 10 0.259
287 349 9 12 0.208
275 375 11 15 0.119
32 355 11 14 0.110
415 359 10 12 0.110
255 366 38 17 0.107
286 344 9 12 0.106
287 336 7 9 0.104
380 359 17 13 0.099
288 350 15 13 0.080
147 361 20 23 0.073
28 348 11 12 0.070
165 346 9 11 0.070
27 353 18 20 0.068
301 357 8 10 0.066
281 336 9 63 0.064
40 379 13 16 0.063
330 372 11 17 0.058
43 377 15 17 0.055
49 357 11 14 0.054
228 361 10 12 0.054
161 350 11 12 0.052
205 379 20 28 0.049
302 391 11 14 0.047
30 351 9 12 0.044
232 354 8 9 0.043
39 353 10 12 0.042
295 399 12 15 0.040
420 355 7 8 0.038
228 352 13 19 0.035
163 345 12 20 0.032
431 369 13 18 0.025
210 362 11 26 0.023
171 345 7 10 0.022
37 381 11 14 0.022
168 368 13 15 0.020
167 342 8 8 0.019
372 355 11 16 0.017
215 355 12 15 0.017
337 360 9 12 0.016
120 381 10 13 0.015
433 365 11 13 0.015
71 356 12 16 0.015
306 388 12 13 0.015
247 353 15 22 0.014
505 379 9 11 0.014
463 392 11 16 0.014
279 363 27 55 0.014
82 357 8 11 0.013
292 401 12 15 0.013
380 325 32 79 0.012
434 384 12 15 0.012
237 355 26 15 0.011
