11_Meeting_Meeting_11_Meeting_Meeting_11_774
436
14 602 49 58 0.843
597 405 15 20 0.824
402 438 23 28 0.822
234 411 17 21 0.813
740 395 19 23 0.800
599 441 21 28 0.800
300 422 18 24 0.795
708 414 18 22 0.794
448 436 19 24 0.794
349 417 16 20 0.791
392 411 16 20 0.775
498 419 19 27 0.774
194 372 14 19 0.763
509 389 13 19 0.763
472 392 16 20 0.761
272 401 20 24 0.758
453 379 12 15 0.750
766 389 16 22 0.750
830 308 10 13 0.745
566 473 22 28 0.745
790 353 12 15 0.735
783 299 10 12 0.731
331 353 9 11 0.709
127 387 15 18 0.699
741 357 11 13 0.697
297 388 14 17 0.695
829 392 16 18 0.686
426 406 15 20 0.686
800 373 14 18 0.685
480 370 10 13 0.684
418 302 7 8 0.681
250 380 14 18 0.681
13 96 8 10 0.679
132 352 11 13 0.677
884 323 12 15 0.675
109 376 11 14 0.669
230 377 11 14 0.665
843 365 12 14 0.659
39 99 8 9 0.656
108 336 10 12 0.656
524 306 7 8 0.654
944 328 12 14 0.654
66 380 13 17 0.650
286 371 10 13 0.646
103 355 12 16 0.644
423 387 13 14 0.642
215 304 6 8 0.638
109 307 8 10 0.636
399 386 11 16 0.634
174 359 14 18 0.626
545 344 9 10 0.622
350 371 11 14 0.617
92 101 8 9 0.609
647 449 16 21 0.603
146 366 10 15 0.603
378 369 10 14 0.601
325 332 7 10 0.599
716 369 14 16 0.599
202 345 11 13 0.593
165 118 6 7 0.584
371 293 6 8 0.584
410 360 12 14 0.584
540 465 23 30 0.583
480 354 9 12 0.582
367 403 13 16 0.582
183 110 6 7 0.580
271 349 11 13 0.575
564 341 8 10 0.573
652 362 13 15 0.573
819 375 13 14 0.571
626 394 13 19 0.565
645 299 8 10 0.558
391 329 7 10 0.558
335 296 6 8 0.547
440 337 8 10 0.547
357 342 10 13 0.545
100 395 13 18 0.530
458 355 10 12 0.525
714 303 9 10 0.524
509 365 11 13 0.517
244 362 11 12 0.499
127 332 9 10 0.497
578 357 8 10 0.493
157 344 10 14 0.482
706 351 10 12 0.479
521 349 9 12 0.475
314 323 7 9 0.466
662 390 12 16 0.464
735 346 9 11 0.462
368 328 8 11 0.460
183 390 13 20 0.460
532 334 7 10 0.451
67 106 9 8 0.449
378 347 9 11 0.442
66 352 10 11 0.440
117 111 6 7 0.438
566 379 12 17 0.436
212 329 8 10 0.431
346 321 7 8 0.414
663 432 16 23 0.412
670 308 7 9 0.405
301 343 9 12 0.399
346 395 12 15 0.386
255 340 10 11 0.384
323 376 12 14 0.384
185 330 7 9 0.380
244 324 8 9 0.372
461 333 7 9 0.368
69 367 11 14 0.349
263 323 7 9 0.345
566 376 10 14 0.339
10 344 9 11 0.337
617 349 9 12 0.333
142 115 6 8 0.324
633 348 10 12 0.322
526 418 17 19 0.318
739 354 10 14 0.304
480 330 6 9 0.301
503 349 9 11 0.297
239 340 9 12 0.291
414 321 7 10 0.286
313 111 6 7 0.284
651 439 20 28 0.284
70 105 7 8 0.282
231 112 6 6 0.280
214 129 6 7 0.279
0 374 13 20 0.277
274 334 9 11 0.271
302 350 10 14 0.270
51 373 11 15 0.264
796 367 15 24 0.258
0 390 11 21 0.256
295 332 7 9 0.231
479 332 8 11 0.227
604 344 9 11 0.221
184 335 8 20 0.219
420 333 9 11 0.211
258 123 7 8 0.208
699 374 12 16 0.208
367 330 8 13 0.204
655 359 13 25 0.197
309 362 11 13 0.191
353 98 5 6 0.188
518 347 12 10 0.184
64 353 10 13 0.183
244 321 8 20 0.182
901 362 11 14 0.176
158 335 9 12 0.175
663 396 13 19 0.174
467 98 8 8 0.171
431 408 17 22 0.168
295 329 7 8 0.166
531 383 10 14 0.163
0 367 12 41 0.162
432 354 10 17 0.161
606 345 9 12 0.160
340 102 5 8 0.157
40 339 10 11 0.154
322 363 12 34 0.151
822 381 14 19 0.151
577 384 14 16 0.151
0 113 6 10 0.147
606 373 12 15 0.146
423 335 9 23 0.144
479 343 8 26 0.143
303 350 12 22 0.142
575 419 16 30 0.140
566 360 11 42 0.137
563 377 11 16 0.136
563 420 19 23 0.136
460 329 9 23 0.132
277 336 10 12 0.131
412 330 10 68 0.125
230 355 10 13 0.123
142 113 7 7 0.121
108 331 9 12 0.121
282 132 5 8 0.119
705 289 7 8 0.119
581 383 10 13 0.118
817 345 12 19 0.117
416 322 9 20 0.116
626 368 12 63 0.114
322 381 12 14 0.113
597 392 15 74 0.112
639 288 8 10 0.110
440 333 15 10 0.108
581 390 12 15 0.105
147 346 13 56 0.104
168 86 5 8 0.104
904 380 13 16 0.103
612 335 9 11 0.102
159 333 8 9 0.100
231 358 10 17 0.098
272 339 11 28 0.098
158 387 12 16 0.098
471 428 13 19 0.098
74 105 9 8 0.097
380 370 11 15 0.097
107 368 12 28 0.095
595 432 21 29 0.095
631 399 14 18 0.092
626 300 8 10 0.091
433 360 10 12 0.091
615 346 23 12 0.090
342 101 4 6 0.088
126 328 9 11 0.088
611 373 11 14 0.088
411 321 7 9 0.087
428 347 10 15 0.086
427 375 14 73 0.085
229 123 8 15 0.084
544 416 16 20 0.084
528 385 12 17 0.083
465 429 17 23 0.083
230 366 11 14 0.082
522 338 9 26 0.082
701 292 8 10 0.081
493 345 11 13 0.081
821 346 10 12 0.081
247 131 8 10 0.080
406 342 9 12 0.079
465 392 47 24 0.078
430 441 17 23 0.078
573 352 9 11 0.077
777 344 11 13 0.077
11 321 11 57 0.076
572 415 18 24 0.075
146 363 18 22 0.075
414 337 13 19 0.074
106 343 11 34 0.073
69 345 9 12 0.073
107 345 11 70 0.072
256 331 8 23 0.070
250 127 9 10 0.069
47 375 13 17 0.068
0 437 12 29 0.066
572 431 16 22 0.066
255 118 11 19 0.065
415 359 15 15 0.065
424 343 15 27 0.064
315 379 15 17 0.064
512 354 12 20 0.063
66 106 19 7 0.062
582 429 13 20 0.062
481 365 11 15 0.060
729 347 12 12 0.060
416 284 10 41 0.059
228 126 8 9 0.059
29 308 9 12 0.058
199 348 11 14 0.058
630 291 10 16 0.057
808 345 16 13 0.057
212 129 12 7 0.057
49 365 11 20 0.056
848 365 11 14 0.056
153 383 12 16 0.056
118 320 9 12 0.054
642 295 7 10 0.054
562 367 10 14 0.053
251 349 13 15 0.052
669 403 13 19 0.052
280 356 15 26 0.052
150 408 15 19 0.052
218 332 12 12 0.052
637 367 9 13 0.052
39 102 8 10 0.051
151 340 11 19 0.051
534 373 10 15 0.050
902 358 13 40 0.050
415 439 23 26 0.049
104 302 11 106 0.049
32 334 14 13 0.049
279 330 20 17 0.047
658 379 13 21 0.047
578 410 13 19 0.046
536 412 17 19 0.045
526 408 14 18 0.045
670 433 16 23 0.045
2 353 9 14 0.044
67 313 9 91 0.044
120 116 7 8 0.043
438 413 16 21 0.041
412 319 11 21 0.041
703 290 8 9 0.041
669 390 11 16 0.041
697 295 8 10 0.040
219 319 10 21 0.040
353 388 17 22 0.040
651 347 10 14 0.040
14 386 13 17 0.039
440 405 14 20 0.039
548 419 17 21 0.039
1 97 48 12 0.038
636 286 8 10 0.038
233 329 16 25 0.038
222 326 9 10 0.036
613 347 18 17 0.036
132 329 13 57 0.036
340 96 6 29 0.035
377 335 10 60 0.035
66 353 12 22 0.034
391 415 19 23 0.034
579 416 11 19 0.033
164 93 7 55 0.033
328 373 13 15 0.033
825 344 13 16 0.033
530 470 22 26 0.033
424 444 16 21 0.032
254 340 13 15 0.032
762 46 9 12 0.032
535 418 17 20 0.032
274 333 32 9 0.032
714 280 16 77 0.032
293 333 18 105 0.032
180 398 16 20 0.030
352 95 6 7 0.030
364 320 11 17 0.030
511 326 10 110 0.030
17 335 12 14 0.030
720 373 12 15 0.030
904 388 12 14 0.030
219 162 6 8 0.028
512 88 8 9 0.028
217 159 7 13 0.027
91 380 57 31 0.027
439 335 31 9 0.027
443 92 7 8 0.027
395 329 15 103 0.026
130 327 10 112 0.026
180 129 7 9 0.026
432 419 18 24 0.025
448 319 9 18 0.025
244 129 16 9 0.025
736 342 9 10 0.025
626 387 12 16 0.024
23 330 15 14 0.024
213 299 16 27 0.024
33 308 15 62 0.023
355 353 10 16 0.023
332 304 7 11 0.022
44 356 11 14 0.022
355 377 11 18 0.022
282 370 10 14 0.022
277 130 10 11 0.022
345 89 13 27 0.022
653 339 12 45 0.021
19 390 13 14 0.021
356 380 14 17 0.021
441 91 8 14 0.021
640 370 10 13 0.020
535 367 15 90 0.020
514 90 7 8 0.020
94 401 13 17 0.020
545 298 9 103 0.020
7 314 11 12 0.020
20 386 26 17 0.019
233 142 8 10 0.019
900 365 14 18 0.019
32 338 18 12 0.019
385 409 17 19 0.019
612 307 22 95 0.019
99 352 25 92 0.019
492 109 7 9 0.019
542 389 12 16 0.019
797 47 9 11 0.019
214 125 12 21 0.018
177 301 15 112 0.018
239 284 10 110 0.017
656 357 11 14 0.017
207 281 7 116 0.017
159 382 14 19 0.017
213 126 6 7 0.017
512 84 7 9 0.017
134 114 12 22 0.017
341 341 54 73 0.017
780 340 9 11 0.016
273 381 14 18 0.016
391 279 10 109 0.016
325 282 13 106 0.016
366 324 8 16 0.016
294 125 8 19 0.016
419 300 8 9 0.016
746 358 11 12 0.016
388 108 9 7 0.015
139 332 13 16 0.015
161 117 9 9 0.015
741 330 9 25 0.014
774 346 12 15 0.014
545 461 19 25 0.014
436 319 15 11 0.014
195 131 10 8 0.014
622 299 9 10 0.014
38 384 14 14 0.014
425 430 19 23 0.014
425 96 8 8 0.014
753 376 14 19 0.014
829 327 14 122 0.014
830 347 14 15 0.013
337 296 6 8 0.013
312 108 7 16 0.013
639 407 15 16 0.013
526 457 24 30 0.013
311 453 17 21 0.013
702 331 9 12 0.012
185 341 15 16 0.012
626 291 18 18 0.012
670 411 14 22 0.012
989 16 9 11 0.012
882 320 11 14 0.012
653 448 15 22 0.012
528 368 14 21 0.012
750 381 14 18 0.012
389 104 8 17 0.012
565 401 16 21 0.012
294 129 8 9 0.012
450 104 9 10 0.012
702 380 13 16 0.012
59 104 15 15 0.011
335 329 29 103 0.011
133 357 11 15 0.011
752 372 12 15 0.011
785 355 12 16 0.011
740 340 8 11 0.011
283 398 18 23 0.011
110 274 7 116 0.011
336 98 24 11 0.011
670 303 8 9 0.011
252 125 12 26 0.011
232 123 10 30 0.011
159 328 8 9 0.010
457 313 34 53 0.010
824 393 15 18 0.010
859 411 12 15 0.010
268 118 17 29 0.010
303 262 7 8 0.010
693 342 14 17 0.010
