11_Meeting_Meeting_11_Meeting_Meeting_11_663
68
242 219 48 64 0.844
130 480 13 17 0.761
38 506 13 18 0.722
101 479 12 17 0.720
59 510 16 19 0.695
1 535 15 18 0.690
29 525 12 17 0.558
79 508 13 16 0.539
49 488 14 18 0.510
974 270 8 9 0.444
0 503 7 14 0.410
1011 268 8 9 0.393
104 515 14 18 0.324
81 481 11 13 0.318
13 510 11 14 0.270
995 268 8 9 0.207
58 485 15 53 0.188
992 268 8 8 0.184
88 478 27 15 0.156
869 309 6 9 0.139
54 510 36 18 0.129
113 498 12 16 0.127
984 336 11 15 0.106
51 479 13 15 0.104
959 338 8 10 0.101
54 487 17 17 0.096
967 295 11 14 0.074
55 478 12 13 0.073
993 268 29 9 0.070
-2 503 29 19 0.051
81 472 12 69 0.047
984 341 12 14 0.046
887 322 7 8 0.045
103 443 11 95 0.045
2 485 11 99 0.044
960 328 10 22 0.044
98 517 16 19 0.036
11 512 15 19 0.034
913 346 14 19 0.034
0 558 7 20 0.033
18 482 15 18 0.032
44 476 13 14 0.028
888 318 8 9 0.027
970 299 9 12 0.026
918 348 16 16 0.025
110 482 17 25 0.023
915 340 20 26 0.022
972 267 9 25 0.022
127 521 10 15 0.022
941 345 11 14 0.019
83 504 13 18 0.019
16 479 13 14 0.018
1 484 11 21 0.017
20 478 16 15 0.017
12 512 19 29 0.016
937 343 10 12 0.015
932 345 17 16 0.015
11 482 17 24 0.015
118 514 15 21 0.015
968 284 10 18 0.014
917 336 13 14 0.014
2 483 11 13 0.014
16 498 15 19 0.012
879 305 9 28 0.012
884 320 11 14 0.011
910 331 15 20 0.011
105 477 15 16 0.011
0 563 6 20 0.011
