11_Meeting_Meeting_11_Meeting_Meeting_11_702
164
888 246 48 48 0.878
418 237 38 46 0.877
373 126 17 22 0.876
792 186 36 41 0.870
441 296 51 62 0.870
748 321 59 67 0.866
625 192 28 37 0.864
669 149 22 27 0.852
376 184 25 30 0.851
679 257 41 47 0.851
120 212 27 28 0.850
479 129 15 19 0.848
580 178 23 29 0.844
543 159 21 27 0.843
2 296 43 41 0.836
960 180 44 42 0.827
507 132 17 21 0.827
617 140 22 24 0.824
890 164 33 34 0.817
713 131 19 24 0.816
821 152 28 31 0.814
0 212 19 33 0.811
408 201 29 36 0.810
718 165 26 31 0.804
401 141 17 24 0.803
329 131 16 19 0.800
359 167 20 26 0.797
345 155 16 23 0.787
769 134 22 27 0.784
527 141 19 23 0.775
859 127 19 24 0.773
751 112 15 18 0.772
683 124 18 21 0.771
879 108 13 17 0.768
913 120 19 22 0.768
944 112 17 20 0.763
569 125 16 19 0.761
804 122 16 21 0.757
45 168 29 32 0.744
21 191 27 33 0.742
835 119 14 16 0.742
898 101 12 13 0.732
781 110 14 16 0.729
943 143 24 27 0.725
813 95 12 14 0.695
1013 112 11 14 0.675
1000 105 11 13 0.675
657 122 16 19 0.650
921 101 13 14 0.611
985 129 22 24 0.607
535 119 13 17 0.593
915 70 9 11 0.591
697 107 14 16 0.578
981 101 11 13 0.578
770 73 9 9 0.575
751 69 8 10 0.490
800 73 9 10 0.466
936 92 9 11 0.359
919 101 14 23 0.291
105 226 15 20 0.280
456 102 11 13 0.261
631 120 14 17 0.234
172 412 25 26 0.223
625 132 19 28 0.217
880 132 13 16 0.195
230 129 15 18 0.184
119 258 21 27 0.177
802 75 9 12 0.176
130 136 18 17 0.176
996 106 24 13 0.157
787 73 12 9 0.153
594 102 11 15 0.147
668 107 12 15 0.139
639 127 14 19 0.138
656 120 47 20 0.119
999 108 15 16 0.111
661 113 17 21 0.111
786 94 12 14 0.110
109 243 25 27 0.109
981 150 22 24 0.097
753 61 8 16 0.096
147 354 23 28 0.092
956 148 23 26 0.087
970 154 20 23 0.087
871 128 22 19 0.084
136 133 17 17 0.083
968 68 7 9 0.081
684 112 23 40 0.076
810 88 10 23 0.076
988 103 37 39 0.065
893 92 25 35 0.061
982 135 24 31 0.057
460 96 11 13 0.056
753 71 11 10 0.051
70 255 26 35 0.049
797 56 22 52 0.048
198 127 15 19 0.048
126 136 12 14 0.041
202 129 16 21 0.040
729 110 11 13 0.039
854 165 27 28 0.037
191 127 18 20 0.033
693 103 13 15 0.033
720 94 10 13 0.032
49 179 23 25 0.031
467 94 14 14 0.030
967 112 14 17 0.028
23 175 34 43 0.028
801 161 19 25 0.027
718 101 16 20 0.027
457 116 17 19 0.027
635 133 16 20 0.026
535 146 22 30 0.026
979 125 21 22 0.025
142 131 16 18 0.025
21 223 16 22 0.025
663 107 12 16 0.024
451 118 15 18 0.023
1008 163 16 22 0.023
871 110 18 21 0.022
452 102 15 45 0.022
334 129 18 20 0.022
321 179 13 18 0.022
631 117 12 13 0.021
995 159 27 44 0.021
103 218 21 23 0.021
449 122 15 18 0.021
802 68 19 97 0.021
135 138 19 19 0.020
889 63 31 92 0.019
814 82 9 23 0.019
540 118 14 16 0.018
366 175 22 30 0.018
437 102 11 13 0.018
139 129 15 14 0.018
126 358 36 29 0.017
864 129 22 22 0.016
868 171 20 25 0.016
647 155 18 23 0.015
399 137 16 21 0.014
1011 127 14 20 0.014
528 115 14 19 0.014
652 142 18 22 0.014
838 116 28 21 0.014
715 120 18 19 0.013
594 97 10 14 0.013
958 107 15 15 0.013
680 102 13 14 0.012
376 80 12 16 0.012
926 76 12 24 0.012
963 107 13 19 0.012
639 171 21 34 0.012
795 68 9 10 0.012
441 117 15 19 0.011
754 55 7 8 0.011
144 137 16 20 0.011
185 127 17 18 0.011
237 124 14 17 0.011
60 330 25 27 0.011
608 165 21 22 0.011
104 232 17 24 0.010
526 148 19 24 0.010
769 111 17 19 0.010
130 359 19 24 0.010
