11_Meeting_Meeting_11_Meeting_Meeting_11_507
193
75 404 37 45 0.858
129 361 33 39 0.848
54 253 29 34 0.839
821 356 27 36 0.836
903 410 38 48 0.828
192 243 17 20 0.828
240 235 14 18 0.784
1011 249 14 20 0.767
846 302 16 21 0.759
685 284 15 18 0.759
961 247 13 17 0.743
748 237 15 18 0.742
876 287 15 20 0.739
283 290 15 18 0.737
254 305 15 19 0.733
198 363 18 24 0.727
889 303 20 26 0.725
775 232 13 17 0.722
299 230 11 15 0.718
308 284 13 18 0.712
706 315 17 22 0.701
864 352 20 41 0.668
811 247 14 21 0.667
331 273 11 15 0.665
660 283 15 18 0.654
1004 228 11 13 0.652
351 260 11 14 0.648
730 272 13 16 0.603
735 323 14 22 0.603
895 324 18 21 0.588
658 257 11 14 0.573
648 276 11 14 0.547
962 224 9 12 0.545
151 294 15 21 0.540
628 263 10 13 0.539
216 273 12 16 0.490
892 311 21 30 0.464
963 351 22 29 0.437
696 299 15 20 0.414
976 230 10 11 0.414
458 244 8 10 0.391
900 232 8 10 0.386
764 224 9 14 0.386
682 259 9 12 0.341
6 311 16 19 0.324
881 298 20 26 0.292
434 252 9 10 0.273
919 231 10 12 0.234
773 231 21 20 0.233
522 240 7 10 0.231
615 256 9 12 0.217
545 270 10 11 0.210
652 279 14 15 0.201
379 253 9 11 0.178
384 252 11 12 0.153
246 315 17 22 0.152
672 383 19 23 0.140
1012 278 11 23 0.139
910 366 22 30 0.138
141 277 12 15 0.132
389 250 13 12 0.127
345 262 10 15 0.125
734 241 10 13 0.124
898 230 22 11 0.124
542 267 9 12 0.123
451 246 17 11 0.120
337 263 28 17 0.118
585 252 9 10 0.115
171 271 11 15 0.114
589 279 9 11 0.111
766 328 16 23 0.111
682 261 12 15 0.109
243 325 15 19 0.103
530 260 8 10 0.096
353 221 7 9 0.092
662 257 11 13 0.088
405 250 8 10 0.080
322 242 9 12 0.080
973 353 21 26 0.079
545 262 9 14 0.078
161 292 17 17 0.077
174 287 11 16 0.075
171 280 11 15 0.075
910 354 22 31 0.074
393 249 12 10 0.074
329 268 31 15 0.070
743 310 15 19 0.069
779 171 11 14 0.068
650 269 15 22 0.063
713 306 41 42 0.057
587 253 14 12 0.056
542 258 9 10 0.053
993 225 10 12 0.052
862 343 19 30 0.052
807 239 14 19 0.051
522 228 8 37 0.050
960 345 20 26 0.048
601 254 11 12 0.047
590 268 10 27 0.046
605 250 17 24 0.045
312 391 16 17 0.045
556 283 9 12 0.045
329 238 10 11 0.043
279 286 15 20 0.042
544 257 8 29 0.042
735 313 14 20 0.041
539 258 16 23 0.041
314 257 10 14 0.039
732 279 12 16 0.038
688 238 8 11 0.038
580 302 14 16 0.038
316 251 10 13 0.038
354 256 10 21 0.037
161 274 16 15 0.037
1006 416 17 35 0.036
394 302 13 15 0.034
896 233 9 12 0.034
628 246 8 9 0.033
407 251 8 10 0.033
916 229 10 12 0.032
587 281 10 13 0.032
790 316 15 22 0.032
741 306 15 17 0.031
814 241 14 18 0.031
566 218 6 9 0.030
726 298 14 18 0.030
313 255 8 12 0.029
626 245 13 21 0.029
378 225 7 10 0.029
799 230 13 18 0.027
911 230 11 12 0.026
597 257 28 12 0.026
600 263 11 12 0.025
960 358 20 26 0.025
436 257 10 12 0.024
376 224 9 13 0.024
495 239 8 10 0.023
620 262 12 13 0.023
398 246 9 11 0.023
687 240 9 13 0.023
483 234 9 11 0.023
275 257 11 17 0.023
640 244 15 22 0.022
927 232 10 13 0.022
440 258 8 12 0.022
659 241 26 97 0.021
433 255 10 14 0.021
436 247 8 8 0.021
902 321 19 24 0.021
351 232 8 17 0.020
728 281 12 16 0.020
623 214 8 10 0.020
622 238 11 30 0.020
409 250 13 11 0.020
882 271 13 18 0.019
977 225 24 12 0.018
774 326 16 20 0.018
321 229 10 45 0.018
962 219 10 13 0.018
624 218 7 11 0.018
277 429 20 23 0.017
487 234 11 14 0.017
490 238 11 10 0.017
487 233 9 10 0.016
784 320 18 22 0.016
325 238 20 10 0.016
911 377 22 27 0.016
861 340 16 22 0.016
328 238 13 26 0.015
498 241 11 15 0.015
814 345 25 41 0.015
645 250 21 12 0.015
643 244 9 11 0.014
249 324 14 17 0.014
942 198 8 12 0.014
139 279 12 17 0.014
256 260 10 14 0.014
1015 308 10 22 0.014
172 291 14 18 0.013
682 239 12 18 0.013
899 236 9 12 0.013
502 251 8 9 0.012
577 308 14 16 0.012
901 226 12 12 0.012
544 228 8 10 0.012
269 337 15 19 0.011
482 236 21 11 0.011
800 346 16 21 0.011
408 247 7 9 0.011
240 331 13 16 0.010
921 235 10 13 0.010
334 233 8 10 0.010
805 518 36 45 0.010
