11_Meeting_Meeting_11_Meeting_Meeting_11_560
55
324 429 34 41 0.853
758 430 36 52 0.853
1 464 35 46 0.853
91 501 38 52 0.843
190 575 51 70 0.840
833 441 31 50 0.839
444 416 22 29 0.803
607 414 22 32 0.801
399 409 21 28 0.801
198 419 27 31 0.793
560 401 24 30 0.790
669 412 27 33 0.786
240 409 22 28 0.776
461 397 20 25 0.758
488 402 20 27 0.733
543 388 18 22 0.729
743 395 22 32 0.723
80 454 32 37 0.720
700 412 19 26 0.711
811 384 24 28 0.707
355 394 22 27 0.681
525 416 24 32 0.669
83 684 38 76 0.669
500 385 18 22 0.665
411 389 19 22 0.650
357 423 21 29 0.625
641 398 22 28 0.623
627 397 18 24 0.545
356 397 21 56 0.182
764 388 17 23 0.169
452 402 26 34 0.116
757 389 19 26 0.095
331 420 34 42 0.081
628 393 13 16 0.053
190 514 30 37 0.052
748 395 24 26 0.047
0 562 10 55 0.044
334 393 16 20 0.037
769 391 15 20 0.035
214 386 15 17 0.032
4 188 7 8 0.025
0 571 7 41 0.022
789 410 17 21 0.022
456 396 18 22 0.020
90 448 23 28 0.020
502 381 14 16 0.019
433 736 50 34 0.018
798 530 22 41 0.017
384 743 67 25 0.016
642 416 20 28 0.015
789 404 27 34 0.012
1017 170 6 17 0.012
219 383 14 17 0.012
535 397 21 26 0.011
655 397 20 24 0.011
