11_Meeting_Meeting_11_Meeting_Meeting_11_574
175
956 331 36 45 0.862
801 266 21 28 0.845
713 322 30 38 0.841
262 299 21 28 0.840
848 294 30 36 0.837
198 292 22 27 0.822
349 301 22 28 0.819
303 259 17 21 0.809
356 257 17 23 0.802
864 241 20 23 0.797
533 244 15 20 0.797
638 285 26 31 0.794
687 261 19 25 0.774
740 289 24 31 0.770
399 277 19 25 0.770
972 289 30 35 0.766
123 299 19 23 0.756
435 217 13 19 0.745
509 238 14 19 0.743
354 236 16 21 0.734
43 338 42 65 0.730
495 225 12 16 0.729
454 220 16 21 0.711
482 260 17 23 0.706
871 216 17 20 0.706
592 231 13 17 0.702
728 242 15 19 0.701
804 236 16 19 0.695
658 206 11 16 0.694
127 57 19 29 0.682
753 219 12 17 0.682
919 195 12 14 0.677
588 195 11 13 0.660
514 209 14 16 0.654
625 220 11 13 0.626
783 255 20 27 0.617
555 201 11 14 0.611
771 209 12 14 0.609
550 233 16 19 0.571
953 259 17 23 0.554
926 219 15 20 0.545
820 190 9 11 0.515
612 201 10 13 0.513
527 207 12 14 0.508
941 234 17 19 0.499
706 251 17 22 0.499
468 246 15 19 0.438
635 188 9 12 0.410
413 237 14 17 0.388
694 194 10 12 0.370
824 209 11 14 0.364
929 208 14 19 0.357
785 208 9 14 0.355
882 195 10 11 0.351
570 212 12 15 0.347
774 208 14 16 0.341
559 200 13 15 0.317
930 203 14 16 0.312
607 196 12 15 0.295
304 136 10 14 0.293
602 193 12 13 0.289
703 189 11 14 0.287
497 227 16 21 0.270
664 188 9 12 0.261
700 192 12 13 0.261
641 192 11 13 0.258
573 215 12 14 0.254
567 205 12 15 0.243
681 195 9 11 0.234
955 243 15 23 0.222
399 252 16 19 0.214
545 226 15 20 0.211
704 184 9 9 0.202
564 200 15 15 0.197
544 224 12 16 0.194
833 195 11 15 0.184
482 254 16 20 0.171
612 189 10 11 0.166
625 272 19 24 0.148
907 244 14 18 0.138
823 215 12 21 0.136
771 260 16 22 0.129
811 201 10 13 0.115
805 207 11 13 0.111
695 190 13 15 0.102
658 194 11 41 0.100
735 229 14 18 0.098
836 197 12 13 0.096
568 196 11 12 0.091
804 202 15 76 0.089
936 238 18 19 0.088
664 185 9 9 0.087
709 194 8 12 0.082
936 209 16 49 0.079
689 189 23 21 0.079
822 161 9 78 0.075
515 200 14 34 0.069
642 227 12 14 0.069
659 156 9 100 0.068
376 152 8 12 0.068
760 208 32 17 0.065
614 225 11 15 0.065
833 232 13 18 0.065
673 230 14 20 0.065
895 213 10 13 0.062
119 368 38 47 0.062
774 231 15 20 0.060
664 191 16 13 0.056
608 221 13 17 0.056
525 210 14 17 0.054
875 210 16 20 0.054
671 223 14 17 0.054
927 176 13 87 0.049
669 183 14 29 0.043
587 202 12 25 0.041
435 215 11 14 0.041
650 213 13 16 0.039
635 177 8 11 0.036
792 196 9 13 0.036
707 187 9 12 0.036
558 237 15 18 0.033
555 210 56 64 0.033
625 223 14 16 0.029
643 217 11 13 0.028
304 131 10 12 0.027
761 258 21 24 0.026
302 144 11 16 0.025
645 220 11 13 0.025
729 212 15 44 0.024
554 169 11 114 0.024
730 233 14 21 0.024
674 237 15 18 0.023
693 175 8 10 0.022
564 173 21 67 0.022
605 204 17 22 0.021
807 215 15 25 0.021
886 195 12 14 0.020
903 206 14 21 0.020
686 178 10 12 0.020
876 206 23 22 0.019
758 178 7 9 0.019
845 202 12 20 0.019
691 229 15 15 0.018
960 245 15 19 0.018
598 205 19 23 0.018
675 201 10 14 0.017
354 232 15 17 0.017
298 154 10 17 0.016
753 215 11 15 0.016
200 149 10 12 0.016
414 233 11 14 0.016
657 183 10 11 0.016
787 250 20 24 0.016
488 185 13 133 0.015
693 199 10 12 0.015
914 242 21 19 0.015
973 215 14 18 0.015
723 218 14 20 0.014
615 184 8 10 0.014
750 259 19 20 0.014
837 189 9 11 0.013
936 208 15 16 0.013
491 187 14 115 0.013
585 189 11 13 0.013
678 199 10 12 0.013
527 225 16 26 0.013
621 265 16 21 0.012
528 203 12 13 0.012
450 214 18 20 0.012
886 292 17 23 0.012
154 320 19 25 0.011
675 143 31 110 0.011
914 194 12 14 0.011
755 205 10 23 0.011
138 326 19 25 0.010
