11_Meeting_Meeting_11_Meeting_Meeting_11_26
161
807 276 18 24 0.803
250 259 16 21 0.793
779 265 20 23 0.786
728 250 12 16 0.775
612 228 8 10 0.762
423 230 9 11 0.756
309 250 14 18 0.730
341 238 14 17 0.730
178 282 19 26 0.723
691 244 11 13 0.699
219 271 18 25 0.690
443 230 10 12 0.690
828 289 20 30 0.684
378 236 12 14 0.675
272 252 12 18 0.675
526 220 8 10 0.660
631 232 10 12 0.642
672 237 10 13 0.626
1004 203 11 14 0.617
165 232 12 15 0.607
655 235 10 13 0.607
157 307 20 29 0.597
749 252 12 17 0.554
207 281 15 23 0.552
201 235 15 20 0.547
401 235 11 12 0.521
267 200 8 10 0.517
459 228 9 11 0.504
403 238 11 13 0.475
289 247 13 17 0.460
250 227 9 11 0.451
173 231 12 14 0.323
180 232 11 13 0.319
409 243 10 13 0.316
76 327 26 32 0.299
705 245 10 13 0.279
753 254 12 17 0.264
274 250 16 19 0.223
242 252 15 19 0.183
167 285 28 39 0.180
543 235 10 12 0.147
778 271 45 24 0.144
239 242 12 16 0.134
862 311 16 31 0.132
235 239 10 13 0.121
545 236 11 12 0.120
241 247 12 17 0.118
65 221 18 20 0.112
610 134 8 11 0.110
612 246 8 12 0.110
290 241 13 16 0.105
544 229 9 13 0.104
180 232 41 19 0.097
441 227 13 18 0.091
635 524 65 120 0.088
248 213 11 51 0.087
650 256 9 12 0.084
373 44 8 9 0.073
367 262 10 13 0.073
234 237 10 11 0.070
591 130 9 8 0.068
256 189 12 59 0.064
760 262 16 19 0.059
295 261 12 22 0.059
458 403 13 16 0.057
360 28 9 12 0.056
697 246 14 13 0.055
588 130 9 9 0.054
706 243 14 13 0.053
414 247 10 13 0.053
526 266 9 10 0.053
322 280 10 13 0.052
656 234 18 17 0.049
221 262 19 22 0.046
207 237 11 17 0.046
72 417 39 43 0.044
548 222 9 10 0.042
149 311 17 24 0.042
549 242 10 11 0.042
169 268 19 26 0.042
610 237 10 18 0.041
1008 203 11 15 0.041
817 280 20 29 0.040
583 134 7 8 0.039
466 229 11 13 0.039
298 269 10 13 0.039
926 300 26 39 0.038
546 225 13 21 0.038
361 32 9 12 0.037
624 118 11 11 0.036
428 404 11 16 0.035
975 214 12 18 0.035
162 266 21 22 0.034
542 224 10 25 0.034
370 43 9 12 0.034
240 234 11 32 0.034
672 208 11 72 0.034
585 133 8 8 0.034
88 405 31 50 0.032
354 12 9 12 0.031
748 248 10 18 0.030
368 255 13 21 0.030
541 218 10 14 0.029
574 233 11 13 0.029
619 117 11 16 0.028
865 319 17 29 0.027
935 304 25 37 0.027
806 370 20 34 0.027
70 223 19 23 0.026
193 232 17 16 0.026
422 401 16 17 0.026
960 559 41 66 0.025
621 119 10 10 0.025
437 122 9 9 0.025
862 305 13 26 0.025
612 249 10 12 0.025
651 200 20 84 0.024
359 32 8 11 0.024
924 292 17 25 0.024
564 145 9 10 0.024
355 13 10 14 0.023
220 256 14 19 0.022
576 230 10 13 0.022
26 204 13 16 0.021
599 229 9 12 0.020
263 200 8 9 0.020
471 232 13 12 0.020
297 273 12 14 0.020
103 405 17 26 0.020
15 344 41 53 0.019
357 12 10 38 0.019
406 248 12 15 0.018
376 44 11 15 0.018
360 21 19 39 0.017
486 138 12 9 0.017
706 237 10 12 0.017
604 225 10 12 0.016
376 44 8 11 0.016
1003 198 11 14 0.016
974 224 12 16 0.016
544 229 32 29 0.015
423 117 12 10 0.015
595 124 17 24 0.015
974 330 26 46 0.015
63 220 13 18 0.015
412 398 15 17 0.014
688 243 10 14 0.014
774 267 19 20 0.014
996 351 27 59 0.013
463 403 13 15 0.013
323 273 14 19 0.013
208 231 10 12 0.013
67 321 39 46 0.013
566 233 16 21 0.012
457 128 10 10 0.012
560 228 12 16 0.012
448 122 10 10 0.012
152 413 19 34 0.012
994 368 21 34 0.012
432 412 13 18 0.011
645 257 11 11 0.011
