11_Meeting_Meeting_11_Meeting_Meeting_11_385
112
939 244 55 80 0.870
767 212 44 51 0.869
161 208 28 45 0.829
71 221 40 57 0.825
831 92 25 32 0.803
34 261 47 70 0.800
361 152 15 23 0.795
432 102 10 11 0.771
832 219 37 41 0.755
736 101 9 11 0.727
600 146 13 15 0.725
911 164 15 18 0.718
660 161 21 29 0.718
642 157 14 19 0.708
713 169 24 34 0.707
803 177 23 31 0.706
454 147 11 16 0.688
774 145 13 16 0.681
715 110 9 9 0.671
1009 169 14 23 0.670
385 148 12 16 0.646
662 131 9 10 0.646
959 167 15 18 0.642
295 168 20 29 0.642
576 107 9 12 0.617
703 111 9 11 0.603
282 179 22 33 0.586
758 146 12 14 0.582
791 136 11 13 0.552
791 166 16 18 0.536
525 104 9 10 0.464
734 139 9 10 0.455
787 168 15 17 0.418
887 179 14 18 0.416
551 105 9 11 0.416
649 142 15 16 0.403
613 141 15 18 0.310
658 135 10 14 0.244
814 111 9 14 0.223
378 171 9 14 0.217
963 165 18 16 0.202
615 149 13 17 0.198
746 145 10 12 0.188
409 177 11 14 0.158
813 109 8 11 0.157
511 110 10 13 0.151
513 113 9 12 0.150
314 92 6 8 0.141
763 145 19 16 0.140
732 134 13 22 0.139
817 121 10 14 0.136
712 140 10 12 0.133
714 144 14 16 0.117
615 140 11 14 0.116
713 159 20 27 0.116
788 126 14 38 0.113
704 111 19 10 0.103
555 103 10 13 0.093
658 143 15 18 0.092
507 104 9 12 0.090
539 102 27 16 0.080
887 153 9 12 0.078
824 206 28 40 0.077
557 88 7 10 0.055
616 141 17 15 0.054
636 157 15 19 0.054
411 174 9 12 0.045
586 150 8 11 0.042
590 169 11 14 0.041
402 182 14 15 0.037
972 163 14 16 0.037
713 144 10 13 0.036
710 161 16 17 0.034
792 116 7 9 0.033
783 128 17 46 0.033
557 86 6 7 0.033
807 158 21 48 0.029
739 101 10 11 0.028
456 150 12 15 0.027
817 126 10 14 0.027
656 139 11 15 0.026
659 97 15 115 0.026
711 128 13 33 0.023
798 133 13 15 0.019
317 96 7 17 0.019
973 160 11 13 0.019
585 170 13 15 0.018
580 104 8 10 0.017
781 169 20 24 0.017
911 158 14 17 0.016
412 173 14 16 0.016
506 117 9 13 0.016
610 218 17 21 0.015
318 109 8 18 0.015
702 110 15 13 0.015
437 168 11 13 0.015
700 123 9 13 0.014
554 185 15 21 0.014
559 184 15 20 0.014
189 260 28 36 0.014
576 173 16 17 0.013
709 127 10 12 0.012
319 116 8 9 0.012
771 149 14 17 0.011
583 163 12 21 0.011
810 162 15 20 0.011
570 179 15 17 0.011
928 589 48 90 0.011
787 131 11 13 0.010
594 141 13 17 0.010
691 159 14 16 0.010
429 103 10 12 0.010
