11_Meeting_Meeting_11_Meeting_Meeting_11_587
323
221 313 18 26 0.837
804 320 15 22 0.802
417 306 19 24 0.777
959 238 12 16 0.770
650 282 15 22 0.761
275 310 17 20 0.740
158 252 14 20 0.740
491 219 11 15 0.737
861 160 8 10 0.733
876 227 11 14 0.732
734 252 14 18 0.732
722 298 14 20 0.731
773 272 11 16 0.723
543 220 10 14 0.720
259 239 13 16 0.709
7 179 13 15 0.697
919 234 11 13 0.697
241 130 6 9 0.694
489 187 10 12 0.694
560 299 13 17 0.694
193 187 11 13 0.692
735 156 9 9 0.690
910 162 7 9 0.686
345 290 13 22 0.665
254 277 13 18 0.661
46 170 9 11 0.656
563 323 14 19 0.648
645 141 7 9 0.646
1008 245 11 15 0.644
315 238 12 16 0.631
56 184 10 12 0.622
323 155 6 8 0.613
807 354 13 21 0.613
190 241 13 16 0.613
589 303 14 17 0.606
434 325 14 18 0.603
1014 158 8 10 0.603
497 129 5 8 0.588
556 186 9 11 0.586
239 171 8 11 0.573
114 157 8 10 0.573
517 180 10 12 0.571
850 289 13 18 0.571
642 216 10 13 0.569
658 202 10 12 0.569
569 231 10 15 0.563
232 190 10 13 0.552
418 177 8 11 0.539
331 254 12 17 0.539
818 257 11 15 0.536
262 189 9 11 0.535
276 171 9 11 0.532
382 177 11 12 0.532
764 252 11 13 0.532
460 164 7 9 0.528
714 369 12 21 0.526
100 180 10 13 0.524
444 181 10 13 0.519
1000 400 23 41 0.504
473 192 9 10 0.499
557 140 5 8 0.495
517 203 10 11 0.484
303 149 7 8 0.477
776 174 8 11 0.459
426 159 7 10 0.453
361 169 9 12 0.453
998 160 8 10 0.449
203 276 10 16 0.447
380 389 22 40 0.434
321 202 10 13 0.433
600 182 8 9 0.412
727 204 9 12 0.382
427 356 14 20 0.380
907 276 11 16 0.368
759 151 8 11 0.365
142 158 7 7 0.364
586 137 7 9 0.361
304 171 8 11 0.353
476 170 8 12 0.345
122 170 8 11 0.341
750 210 9 13 0.339
610 367 14 21 0.338
95 171 8 12 0.333
282 156 7 7 0.333
693 141 7 9 0.310
888 291 10 16 0.299
768 160 9 10 0.289
529 172 7 10 0.286
52 178 10 14 0.284
868 253 12 14 0.279
759 169 8 11 0.266
527 169 7 8 0.264
215 155 6 9 0.261
908 271 13 17 0.254
256 272 12 20 0.253
479 165 7 11 0.243
496 169 9 10 0.239
205 159 8 9 0.233
556 170 7 9 0.233
631 163 6 8 0.228
527 166 8 18 0.223
310 257 11 18 0.223
602 144 7 8 0.205
790 159 7 10 0.204
261 187 9 21 0.199
192 162 8 10 0.198
474 183 9 21 0.197
313 240 16 22 0.195
276 164 9 12 0.187
323 172 8 11 0.187
747 213 12 14 0.187
208 157 7 9 0.187
306 217 9 11 0.171
476 163 8 24 0.168
571 185 8 10 0.166
482 164 10 9 0.161
475 131 6 8 0.161
605 142 7 9 0.159
312 176 8 23 0.158
314 188 9 12 0.152
353 200 8 10 0.147
167 191 10 13 0.144
165 166 7 9 0.139
913 258 12 16 0.134
500 168 8 9 0.133
421 230 12 19 0.132
190 162 7 9 0.130
611 137 6 8 0.129
711 178 8 10 0.119
420 235 11 16 0.115
461 190 10 14 0.113
300 145 7 21 0.113
667 219 10 13 0.113
1009 242 11 28 0.112
738 223 9 12 0.112
418 160 8 11 0.111
419 160 10 26 0.110
370 150 7 8 0.107
481 163 8 9 0.106
746 186 8 10 0.105
380 387 17 26 0.104
427 221 13 15 0.098
454 188 10 14 0.096
430 214 12 21 0.096
758 240 16 34 0.092
238 149 7 11 0.092
316 180 10 22 0.090
458 192 10 13 0.089
422 221 13 32 0.087
312 209 11 15 0.086
566 185 12 12 0.082
695 143 7 10 0.080
614 184 7 10 0.080
847 281 10 15 0.076
320 179 9 66 0.076
781 166 9 12 0.074
188 149 6 8 0.073
1015 266 8 15 0.073
168 181 9 26 0.073
193 148 9 86 0.073
231 188 8 12 0.071
430 210 11 14 0.070
671 222 12 13 0.070
629 163 7 8 0.069
479 163 17 24 0.068
441 185 9 13 0.067
689 135 9 11 0.066
747 179 10 13 0.065
562 281 12 75 0.065
279 172 9 11 0.065
491 170 19 9 0.064
870 256 12 16 0.063
873 257 12 14 0.062
423 156 9 22 0.061
469 238 11 15 0.059
238 151 8 21 0.057
792 159 8 11 0.056
164 164 7 8 0.056
130 173 9 11 0.056
705 200 9 10 0.056
254 205 10 12 0.053
703 199 8 9 0.052
747 185 9 26 0.052
127 174 14 14 0.052
679 226 9 12 0.051
52 178 14 21 0.051
602 200 9 15 0.048
443 178 10 12 0.047
117 124 9 90 0.047
419 241 11 15 0.047
530 178 8 12 0.046
472 241 11 14 0.046
1009 398 16 25 0.045
515 251 12 15 0.045
709 372 13 21 0.045
869 263 13 15 0.044
642 192 29 45 0.044
315 225 12 34 0.044
572 232 11 15 0.044
692 136 9 10 0.043
927 268 10 13 0.043
428 204 9 12 0.043
752 206 10 11 0.042
53 135 10 103 0.042
557 248 11 15 0.042
190 167 8 11 0.041
964 265 9 12 0.041
319 144 10 28 0.040
255 167 12 22 0.040
234 150 8 88 0.040
572 187 9 11 0.040
645 138 7 9 0.039
775 128 8 90 0.038
562 177 18 21 0.038
565 299 16 18 0.038
1014 394 10 18 0.038
543 254 9 11 0.038
761 143 7 39 0.037
439 218 10 14 0.037
735 226 10 14 0.036
601 186 11 25 0.035
387 178 10 12 0.035
920 264 14 15 0.034
189 190 12 13 0.034
697 135 7 10 0.033
710 225 9 12 0.033
304 212 8 12 0.033
188 237 13 16 0.033
417 154 7 10 0.032
913 162 7 9 0.032
283 150 30 10 0.031
642 205 29 19 0.030
573 179 9 11 0.030
139 174 11 15 0.030
445 127 9 106 0.030
138 162 9 27 0.029
347 285 13 20 0.028
519 141 8 95 0.028
254 161 9 16 0.028
761 213 9 11 0.027
812 249 11 15 0.027
476 167 29 16 0.027
909 166 8 11 0.027
637 235 10 13 0.027
1006 251 10 15 0.027
557 131 6 107 0.026
569 226 11 15 0.026
547 252 13 14 0.026
746 184 8 19 0.026
838 344 13 19 0.025
526 210 11 12 0.024
319 196 12 17 0.024
1006 276 10 14 0.024
256 169 15 14 0.023
821 258 12 15 0.023
764 214 9 12 0.023
301 173 9 12 0.023
845 353 13 21 0.022
522 163 9 11 0.022
675 217 9 12 0.021
789 157 7 9 0.021
367 152 8 12 0.021
531 148 7 9 0.021
723 202 12 13 0.021
381 368 16 22 0.021
514 256 11 13 0.021
521 246 15 14 0.021
711 365 13 21 0.021
540 250 24 15 0.020
493 215 12 15 0.020
491 138 9 106 0.020
812 352 15 23 0.020
909 227 12 15 0.020
468 241 9 14 0.019
858 159 8 11 0.018
386 355 14 19 0.018
6 183 12 15 0.018
998 285 8 10 0.018
614 177 10 15 0.018
162 161 12 11 0.017
430 360 15 18 0.017
279 152 7 9 0.017
144 187 9 12 0.017
304 216 12 17 0.017
791 156 8 10 0.017
360 202 14 14 0.016
887 297 11 16 0.016
468 127 7 9 0.016
638 210 10 15 0.015
623 148 16 46 0.015
384 358 14 23 0.015
95 173 11 15 0.015
707 157 9 72 0.015
414 235 12 17 0.014
388 173 10 13 0.014
1011 155 12 15 0.014
239 153 15 27 0.014
115 166 12 15 0.013
239 143 6 38 0.013
371 148 8 11 0.013
1000 157 8 10 0.013
690 128 9 12 0.013
235 166 12 15 0.013
654 224 10 12 0.013
924 233 11 13 0.012
208 275 10 13 0.012
843 348 15 19 0.012
328 193 15 22 0.012
460 197 8 11 0.012
812 348 34 28 0.012
276 302 17 22 0.012
495 221 11 14 0.012
739 224 12 21 0.011
1017 276 8 14 0.011
818 282 11 14 0.011
905 228 19 21 0.011
550 123 36 43 0.010
602 147 6 8 0.010
905 137 7 8 0.010
838 353 14 20 0.010
366 206 10 11 0.010
558 254 9 12 0.010
700 150 8 16 0.010
