11_Meeting_Meeting_11_Meeting_Meeting_11_295
32
608 369 51 64 0.887
123 457 64 92 0.853
800 297 21 31 0.821
230 339 29 32 0.819
54 337 36 51 0.812
690 291 21 30 0.812
140 373 30 53 0.804
899 311 22 29 0.804
813 543 57 120 0.803
443 219 16 19 0.735
592 310 19 38 0.729
491 330 28 43 0.694
503 236 13 21 0.565
791 322 19 31 0.496
415 348 21 29 0.178
330 155 7 10 0.118
810 519 48 90 0.113
408 535 41 82 0.069
330 155 9 16 0.054
280 268 7 8 0.045
449 338 19 23 0.031
16 348 19 28 0.030
489 332 21 28 0.025
449 220 13 17 0.024
544 317 20 28 0.018
307 264 7 9 0.017
336 171 11 14 0.017
453 331 52 33 0.015
505 242 17 20 0.012
584 306 32 47 0.011
359 293 7 7 0.011
432 326 16 21 0.011
