11_Meeting_Meeting_11_Meeting_Meeting_11_644
124
615 464 25 34 0.758
305 428 27 46 0.706
602 457 15 19 0.616
446 449 23 38 0.578
668 447 12 19 0.565
926 453 13 16 0.430
835 459 12 15 0.337
68 463 9 10 0.337
149 463 7 8 0.301
851 462 10 12 0.299
604 456 19 28 0.286
802 471 11 13 0.261
377 468 18 23 0.210
876 465 7 10 0.195
162 469 8 10 0.188
588 482 14 20 0.185
845 462 17 14 0.182
609 460 23 31 0.180
518 475 13 19 0.168
783 464 9 10 0.147
24 492 20 34 0.136
243 462 11 17 0.135
183 466 10 10 0.130
752 498 12 16 0.124
806 473 11 19 0.119
512 468 16 19 0.117
749 495 13 16 0.092
153 466 9 11 0.084
665 353 9 10 0.083
31 491 15 27 0.075
441 459 19 27 0.075
508 465 14 19 0.072
59 466 8 10 0.071
93 440 11 13 0.070
154 468 16 9 0.068
244 464 13 22 0.067
814 485 10 13 0.065
221 466 9 10 0.064
929 455 16 17 0.059
712 454 15 18 0.056
372 463 17 24 0.052
341 452 12 19 0.052
902 448 10 12 0.051
510 460 13 18 0.051
743 486 9 14 0.051
58 492 11 15 0.049
664 446 11 19 0.048
804 467 10 13 0.047
644 487 10 13 0.045
191 466 16 14 0.042
188 464 10 12 0.042
1 498 9 21 0.041
245 470 14 20 0.040
34 469 10 13 0.040
528 456 13 15 0.039
397 448 14 18 0.037
345 452 11 15 0.036
248 458 11 18 0.036
141 477 7 10 0.036
398 452 15 21 0.035
165 468 9 9 0.034
923 459 14 18 0.034
200 467 12 14 0.033
558 484 12 15 0.032
9 502 28 42 0.031
260 451 11 12 0.030
745 493 12 15 0.030
561 487 13 18 0.029
262 452 12 15 0.029
590 488 15 18 0.029
154 462 24 22 0.028
228 464 14 14 0.027
748 501 18 22 0.026
17 502 19 27 0.025
69 462 11 15 0.023
49 491 19 18 0.022
5 469 9 11 0.022
204 466 11 13 0.022
29 467 13 18 0.021
727 459 13 14 0.021
742 492 9 12 0.021
31 472 12 20 0.021
994 456 15 16 0.021
15 514 18 26 0.020
899 486 10 12 0.020
778 462 11 13 0.020
413 490 16 21 0.019
36 480 12 28 0.019
503 458 16 20 0.019
835 454 13 14 0.018
911 449 14 14 0.017
814 487 12 18 0.017
707 455 14 17 0.017
485 463 19 23 0.017
349 455 16 18 0.016
602 452 14 17 0.016
584 485 16 21 0.016
452 456 23 30 0.016
809 483 15 22 0.016
314 456 15 28 0.015
698 454 13 17 0.015
716 452 13 17 0.015
913 472 12 14 0.015
874 462 12 15 0.015
560 482 40 23 0.015
203 471 10 13 0.015
713 465 11 16 0.014
905 477 14 14 0.014
342 458 16 19 0.014
207 464 25 14 0.013
587 466 16 26 0.013
32 470 18 12 0.012
571 473 12 15 0.012
781 462 12 16 0.012
760 494 13 16 0.012
254 475 18 21 0.012
516 458 33 54 0.012
3 466 10 18 0.011
393 458 21 24 0.011
709 444 33 43 0.011
37 467 10 12 0.011
995 462 16 17 0.011
196 472 11 12 0.010
137 469 11 17 0.010
