11_Meeting_Meeting_11_Meeting_Meeting_11_441
42
647 290 31 36 0.879
554 280 26 31 0.861
461 274 24 32 0.842
402 278 24 36 0.836
731 291 25 38 0.781
254 304 27 47 0.762
204 485 58 73 0.752
421 348 30 54 0.734
737 333 26 37 0.722
136 363 37 63 0.721
671 10 11 14 0.686
822 345 37 42 0.683
375 308 28 45 0.656
599 226 10 13 0.632
621 319 27 31 0.590
771 336 25 37 0.554
776 10 11 14 0.456
557 228 9 12 0.320
777 47 7 10 0.297
928 595 93 83 0.209
225 649 49 41 0.162
619 245 10 13 0.075
913 577 69 70 0.067
732 298 30 48 0.064
848 256 10 13 0.040
856 232 10 13 0.039
1007 254 10 14 0.025
353 293 31 45 0.020
672 44 9 12 0.019
567 241 12 16 0.017
382 310 22 31 0.017
1009 259 8 9 0.017
784 345 23 32 0.015
701 225 6 10 0.015
338 302 31 40 0.014
849 238 11 36 0.012
1013 409 10 16 0.012
560 229 19 28 0.012
977 255 7 9 0.011
571 246 12 13 0.011
668 233 8 11 0.010
775 44 11 14 0.010
