11_Meeting_Meeting_11_Meeting_Meeting_11_349
53
630 59 20 25 0.815
192 168 77 123 0.814
524 48 17 24 0.806
144 36 20 25 0.806
426 38 16 22 0.781
667 45 17 22 0.775
697 62 18 20 0.770
476 50 15 20 0.767
727 58 18 23 0.740
857 55 15 18 0.715
825 52 18 23 0.708
587 51 15 23 0.688
982 51 13 16 0.609
894 52 13 16 0.580
605 50 16 19 0.482
789 57 12 14 0.466
569 23 14 17 0.138
732 51 16 22 0.132
950 54 12 14 0.106
786 59 13 16 0.106
834 37 14 20 0.100
898 54 16 15 0.096
652 46 15 20 0.092
655 42 16 21 0.088
608 54 17 20 0.086
913 59 13 16 0.062
555 53 13 19 0.061
839 37 15 16 0.058
947 52 22 17 0.054
836 35 12 14 0.044
988 52 12 15 0.039
950 54 16 23 0.038
977 50 13 16 0.037
748 91 15 18 0.032
939 62 11 14 0.031
916 56 16 16 0.031
735 48 13 16 0.030
961 70 10 12 0.027
402 49 11 17 0.023
883 82 14 18 0.021
960 62 13 20 0.020
923 50 11 13 0.020
859 59 15 18 0.017
972 56 13 15 0.017
560 56 16 21 0.017
557 62 12 16 0.016
935 55 21 17 0.015
752 64 17 19 0.014
849 40 13 14 0.013
932 50 11 12 0.013
879 86 14 17 0.013
777 67 16 18 0.012
744 70 17 22 0.012
