58_Hockey_icehockey_puck_58_262
359
550 228 12 15 0.826
49 329 14 18 0.824
350 250 11 15 0.790
269 321 14 17 0.779
323 237 11 15 0.770
632 71 8 11 0.743
429 205 11 13 0.742
469 256 12 15 0.737
384 240 12 15 0.737
469 188 11 14 0.727
567 214 11 13 0.727
775 85 9 11 0.708
778 488 15 21 0.706
205 332 15 20 0.701
537 249 13 17 0.694
721 46 10 11 0.694
206 238 11 15 0.692
836 7 8 10 0.681
266 56 7 10 0.673
322 414 12 17 0.669
763 46 9 12 0.663
800 81 9 12 0.661
755 22 9 12 0.660
325 353 13 18 0.656
968 94 9 11 0.650
184 52 7 10 0.650
557 46 9 11 0.650
857 29 10 12 0.619
495 52 8 11 0.617
23 50 9 12 0.613
694 50 9 13 0.611
790 48 9 12 0.607
625 39 9 11 0.601
323 330 13 17 0.588
529 30 8 11 0.578
346 273 11 15 0.576
833 74 11 13 0.571
640 14 9 11 0.565
717 84 9 10 0.558
445 75 9 12 0.552
181 16 8 10 0.550
880 74 9 12 0.530
746 73 10 13 0.519
865 93 10 12 0.513
609 20 9 11 0.506
776 24 9 12 0.501
786 237 12 13 0.493
367 36 9 12 0.486
867 0 9 9 0.479
701 -1 8 8 0.473
729 0 8 9 0.458
259 12 7 10 0.440
661 67 10 12 0.431
567 2 8 9 0.416
2 31 8 10 0.408
981 2 9 10 0.403
604 69 8 11 0.401
535 6 9 10 0.399
676 42 8 12 0.388
668 19 8 11 0.384
218 8 9 10 0.374
947 0 8 9 0.374
786 69 8 10 0.361
424 50 10 13 0.349
577 33 8 9 0.337
217 36 8 9 0.333
912 35 9 12 0.316
4 628 9 13 0.299
808 0 8 8 0.295
306 16 8 10 0.266
333 44 9 9 0.252
651 41 10 11 0.251
770 5 7 11 0.249
348 241 11 41 0.226
242 639 11 12 0.219
232 25 7 8 0.217
558 25 8 11 0.211
589 23 8 10 0.210
50 53 8 10 0.208
697 0 14 8 0.204
760 35 10 25 0.199
446 44 8 11 0.197
558 36 7 27 0.196
927 27 9 12 0.195
869 -6 9 26 0.184
496 85 6 8 0.174
295 6 7 10 0.171
467 1 8 10 0.170
43 40 9 10 0.164
742 0 9 10 0.161
606 73 8 10 0.159
747 67 10 14 0.159
856 19 10 31 0.157
529 21 8 27 0.156
591 48 7 11 0.147
683 0 11 11 0.145
540 232 13 32 0.144
501 23 8 10 0.142
616 2 9 11 0.141
102 309 10 13 0.140
207 24 7 9 0.140
45 43 9 15 0.135
33 18 7 9 0.129
891 0 9 10 0.128
753 54 11 12 0.127
1006 0 9 10 0.126
912 40 10 11 0.125
1014 91 7 10 0.124
772 89 10 12 0.120
261 54 13 10 0.120
689 18 9 12 0.119
560 24 13 11 0.118
248 54 7 9 0.118
611 6 9 13 0.117
154 44 8 10 0.114
632 52 11 46 0.114
555 216 24 17 0.110
339 2 8 10 0.110
779 0 12 10 0.109
484 11 9 10 0.108
751 56 9 12 0.105
100 55 10 10 0.104
899 88 12 14 0.100
0 7 6 14 0.100
897 91 10 10 0.100
1018 16 6 12 0.098
904 87 9 12 0.096
776 52 7 71 0.095
676 20 14 12 0.095
438 89 8 11 0.095
437 46 17 12 0.092
756 91 10 13 0.085
152 47 8 9 0.084
497 18 9 10 0.083
218 32 9 12 0.081
42 34 7 14 0.080
588 15 8 19 0.078
1015 85 8 14 0.078
761 12 11 74 0.074
691 3 11 27 0.073
325 0 10 10 0.073
839 25 9 12 0.072
724 100 9 12 0.071
952 0 8 9 0.070
649 43 9 12 0.068
510 31 9 10 0.068
764 2 14 11 0.068
246 639 10 12 0.068
666 1 13 12 0.066
243 48 8 10 0.066
1015 2 8 25 0.065
447 10 10 13 0.064
613 4 11 12 0.063
731 56 10 12 0.063
353 83 8 9 0.062
659 71 9 12 0.062
330 651 11 13 0.062
1017 52 7 11 0.060
43 39 10 22 0.059
366 34 8 10 0.058
577 2 13 12 0.058
295 2 11 24 0.057
204 22 11 10 0.057
226 19 9 12 0.057
2 29 12 17 0.057
657 2 11 12 0.055
435 88 8 10 0.055
913 47 9 10 0.055
259 9 8 10 0.053
355 26 25 32 0.050
907 86 11 13 0.048
760 107 9 11 0.048
243 43 9 10 0.047
466 190 11 14 0.047
428 7 9 9 0.047
350 81 9 10 0.047
757 102 10 12 0.046
118 620 7 8 0.045
721 86 10 12 0.045
906 84 9 11 0.044
846 84 9 12 0.043
980 1 26 10 0.043
779 0 12 58 0.043
638 20 10 14 0.042
613 79 9 9 0.041
6 28 7 10 0.041
458 5 16 11 0.040
593 670 11 13 0.040
424 43 12 15 0.040
305 650 10 12 0.040
786 489 16 18 0.040
671 0 30 13 0.039
931 1 8 9 0.039
778 -4 11 25 0.039
33 17 9 13 0.039
670 315 6 8 0.039
699 -38 10 88 0.039
45 52 9 10 0.038
180 18 8 10 0.038
247 44 14 23 0.038
507 25 9 18 0.038
1014 81 8 11 0.038
735 19 9 13 0.037
428 663 6 8 0.037
757 88 13 25 0.037
120 57 8 9 0.037
303 15 12 15 0.036
582 0 16 10 0.036
5 630 9 16 0.036
1002 1 13 12 0.036
340 7 7 10 0.035
442 97 7 8 0.035
595 56 11 23 0.035
720 1 10 11 0.035
441 5 16 16 0.034
636 2 13 12 0.034
623 628 14 18 0.033
217 1 10 80 0.033
588 41 9 22 0.033
154 45 9 17 0.032
579 231 11 13 0.032
605 66 9 10 0.032
748 94 10 14 0.032
862 25 11 12 0.032
693 -2 10 8 0.031
205 1 11 10 0.031
722 103 9 11 0.031
98 55 8 10 0.030
701 22 9 13 0.030
588 29 10 29 0.029
439 674 8 9 0.029
720 -2 8 8 0.029
421 47 33 13 0.028
323 325 13 16 0.028
440 92 9 10 0.028
537 244 11 15 0.028
751 50 10 13 0.028
304 -9 10 59 0.028
444 67 10 22 0.027
329 0 20 11 0.026
293 3 9 10 0.026
899 37 14 13 0.026
446 23 10 12 0.026
969 91 9 11 0.026
230 308 8 12 0.025
605 21 12 23 0.025
793 258 12 12 0.025
435 672 9 10 0.025
327 345 14 21 0.025
602 -1 16 16 0.025
723 50 11 14 0.025
493 45 9 13 0.024
855 0 9 9 0.024
148 28 9 10 0.024
671 20 28 12 0.024
575 221 12 21 0.023
898 40 10 10 0.023
448 7 10 11 0.023
622 634 14 17 0.023
606 77 8 10 0.022
1010 -2 7 8 0.022
173 50 12 12 0.022
926 32 9 12 0.022
156 51 9 11 0.022
437 86 12 18 0.022
618 1 18 10 0.021
483 5 9 12 0.021
1017 -3 6 41 0.020
90 630 14 25 0.020
901 81 10 12 0.020
284 30 10 11 0.020
317 649 27 18 0.020
684 -2 9 8 0.019
125 57 9 9 0.019
297 -12 14 62 0.019
864 0 9 10 0.018
551 0 15 13 0.018
119 621 11 13 0.018
592 54 11 25 0.018
937 0 13 12 0.018
96 52 14 19 0.017
619 -2 19 17 0.017
530 39 9 12 0.017
153 38 8 14 0.017
849 90 12 20 0.017
234 24 8 11 0.017
861 -3 9 9 0.017
677 71 10 12 0.016
115 621 10 11 0.016
129 622 9 10 0.016
643 -34 9 112 0.016
510 0 10 9 0.016
32 14 10 10 0.016
318 238 11 16 0.016
624 43 10 11 0.016
437 7 11 11 0.016
338 -18 8 63 0.016
552 3 13 29 0.016
570 55 12 23 0.016
244 644 11 14 0.016
506 239 11 12 0.016
577 65 10 10 0.015
597 1 26 12 0.015
827 79 10 12 0.015
309 5 11 11 0.015
668 315 6 8 0.015
115 56 15 9 0.015
89 626 12 19 0.015
557 48 10 16 0.015
353 104 8 10 0.015
895 40 8 10 0.015
335 257 11 15 0.015
425 165 9 12 0.015
106 309 9 12 0.014
568 -2 8 8 0.014
790 245 15 23 0.014
1004 42 9 12 0.014
352 82 9 17 0.014
799 61 8 12 0.014
888 31 13 20 0.014
564 66 11 10 0.014
1 39 13 14 0.014
725 55 10 16 0.013
849 104 10 12 0.013
655 81 10 13 0.013
591 14 6 53 0.013
766 50 11 12 0.013
620 -3 7 8 0.013
432 667 10 12 0.013
492 79 10 25 0.013
987 40 7 9 0.013
33 332 10 12 0.013
47 2 10 9 0.012
76 53 12 12 0.012
81 634 16 25 0.012
20 53 10 13 0.012
912 51 9 9 0.012
235 19 10 19 0.012
742 -1 7 7 0.012
51 16 11 14 0.012
538 674 12 13 0.011
534 675 13 12 0.011
165 54 9 10 0.011
343 42 10 11 0.011
92 640 13 19 0.011
781 -3 9 9 0.011
300 3 35 26 0.011
345 84 9 10 0.011
319 353 13 18 0.011
761 72 29 35 0.011
427 666 9 10 0.011
267 16 11 15 0.011
694 38 12 21 0.011
763 -2 21 109 0.011
891 38 10 11 0.010
681 61 10 21 0.010
343 29 11 20 0.010
719 13 12 12 0.010
506 46 9 13 0.010
