58_Hockey_icehockey_puck_58_245
28
613 196 28 37 0.892
253 205 30 39 0.890
281 79 29 38 0.889
812 55 28 36 0.884
676 54 31 39 0.884
198 227 34 41 0.883
410 82 30 41 0.883
102 95 32 40 0.878
473 116 31 38 0.875
154 76 29 36 0.874
198 122 30 35 0.873
733 64 28 39 0.872
353 207 29 38 0.867
611 366 30 40 0.862
901 169 32 40 0.861
529 99 29 40 0.860
840 200 29 36 0.859
611 72 28 36 0.857
382 103 28 38 0.857
100 189 32 37 0.854
437 195 32 41 0.851
883 47 29 37 0.848
679 292 29 37 0.843
472 179 19 28 0.109
721 62 34 42 0.095
625 65 34 43 0.065
771 248 20 29 0.046
389 94 32 42 0.017
