58_Hockey_icehockey_puck_58_753
36
885 381 61 87 0.817
894 185 19 28 0.605
764 159 15 19 0.588
557 287 25 34 0.546
740 221 31 44 0.493
1001 155 21 34 0.322
814 244 25 29 0.289
928 135 22 29 0.281
169 106 12 16 0.225
177 552 47 68 0.174
248 83 7 8 0.153
522 158 13 17 0.144
337 487 30 52 0.124
989 200 35 56 0.055
447 120 12 14 0.052
707 314 30 43 0.045
664 300 24 36 0.043
821 242 21 24 0.041
936 133 22 28 0.033
755 161 17 22 0.030
823 243 27 32 0.025
892 192 20 33 0.023
670 310 29 41 0.022
1003 148 18 28 0.021
933 117 21 32 0.020
739 237 22 28 0.018
812 239 20 28 0.016
940 144 21 27 0.016
922 145 19 25 0.015
249 86 7 9 0.015
853 230 18 23 0.014
522 361 28 44 0.013
52 460 127 175 0.012
708 243 30 42 0.011
965 180 22 31 0.011
929 153 22 26 0.011
