58_Hockey_icehockey_puck_58_384
54
606 226 26 31 0.822
530 440 30 36 0.822
423 492 30 34 0.789
225 205 31 33 0.782
772 59 22 27 0.776
544 252 22 28 0.753
600 192 20 27 0.730
736 120 24 32 0.711
348 573 31 37 0.698
508 337 30 33 0.670
553 303 24 32 0.664
1 502 35 33 0.526
751 223 15 20 0.516
846 22 20 22 0.422
439 246 25 22 0.418
655 177 21 28 0.394
834 86 17 22 0.360
142 530 37 31 0.360
626 76 24 23 0.307
401 303 26 23 0.232
468 207 21 22 0.213
827 59 20 26 0.201
439 362 26 26 0.133
924 17 13 14 0.101
243 489 29 26 0.096
1 499 17 24 0.080
249 613 20 27 0.080
532 145 26 29 0.067
154 525 32 31 0.050
843 -2 14 15 0.047
659 188 18 24 0.045
448 243 21 22 0.040
836 72 19 24 0.037
779 183 18 23 0.034
546 297 18 26 0.029
819 62 22 26 0.025
840 25 18 21 0.023
684 73 22 25 0.022
924 23 12 14 0.021
411 297 21 24 0.021
436 249 20 22 0.020
818 138 17 21 0.019
507 336 20 25 0.018
642 122 21 22 0.015
807 64 21 24 0.013
677 72 23 23 0.012
299 452 22 25 0.012
15 506 24 24 0.011
514 346 31 31 0.011
828 47 18 27 0.011
603 188 16 22 0.010
918 22 13 14 0.010
431 256 26 26 0.010
0 521 28 40 0.010
