58_Hockey_icehockey_puck_58_785
25
375 339 36 48 0.882
284 363 35 42 0.878
243 359 35 42 0.867
129 325 40 49 0.862
328 334 34 39 0.858
447 353 34 43 0.849
480 338 34 42 0.845
919 311 35 46 0.844
524 338 32 39 0.843
793 311 32 37 0.833
729 337 32 40 0.829
626 361 30 38 0.824
686 337 30 36 0.822
281 308 34 41 0.817
656 307 30 36 0.810
421 294 34 42 0.798
606 324 26 38 0.623
944 510 21 24 0.163
676 327 42 41 0.140
300 317 49 46 0.092
457 344 43 45 0.091
597 340 41 44 0.037
734 316 30 37 0.030
600 321 23 32 0.017
521 324 26 33 0.012
