58_Hockey_icehockey_puck_58_835
62
439 413 38 48 0.869
561 407 36 45 0.868
444 240 31 38 0.867
52 306 37 49 0.865
163 399 37 45 0.865
768 259 32 39 0.863
354 239 35 44 0.855
287 175 31 39 0.853
310 414 36 42 0.849
147 245 34 41 0.847
356 178 31 37 0.846
703 408 34 40 0.843
551 185 30 33 0.843
598 247 32 37 0.842
876 312 31 34 0.841
450 181 28 32 0.840
245 244 33 42 0.839
677 252 30 37 0.837
515 243 32 36 0.832
626 197 27 34 0.831
853 411 36 42 0.826
693 203 28 31 0.806
762 217 26 31 0.789
216 182 30 39 0.782
96 187 7 7 0.113
639 540 27 36 0.112
363 541 28 32 0.060
821 208 8 7 0.047
879 209 5 7 0.046
51 186 7 7 0.042
135 189 7 9 0.041
814 207 6 7 0.037
919 212 6 7 0.032
6 184 7 6 0.031
843 208 6 7 0.030
16 186 8 5 0.027
817 207 14 7 0.027
67 187 6 6 0.026
852 217 6 8 0.025
136 187 6 8 0.025
830 207 15 8 0.023
899 219 6 7 0.023
133 191 8 13 0.023
26 185 9 8 0.023
865 320 36 45 0.020
66 185 8 13 0.017
151 188 10 9 0.017
602 234 35 45 0.016
834 201 10 23 0.016
943 300 7 8 0.015
37 186 6 7 0.015
37 182 7 13 0.015
920 212 6 6 0.014
144 187 9 9 0.013
916 212 6 7 0.013
137 186 17 13 0.013
12 184 17 6 0.012
93 191 9 8 0.012
896 210 11 19 0.011
48 186 16 8 0.011
6 177 8 22 0.011
882 209 9 7 0.010
