58_Hockey_icehockey_puck_58_212
163
595 77 56 74 0.887
774 51 17 21 0.815
853 158 19 24 0.809
500 41 21 26 0.807
179 156 24 33 0.805
141 161 25 32 0.795
219 72 24 31 0.766
62 173 23 31 0.764
942 156 21 26 0.761
139 74 23 30 0.761
379 74 20 26 0.754
649 50 18 23 0.754
991 159 19 25 0.754
877 18 18 22 0.745
866 53 19 23 0.739
913 119 19 25 0.733
432 84 19 24 0.732
513 83 22 27 0.730
963 56 18 23 0.729
287 35 21 26 0.727
238 29 21 27 0.725
254 118 22 29 0.724
970 115 18 22 0.702
374 48 17 24 0.663
833 88 20 22 0.662
956 91 19 23 0.658
401 9 18 22 0.658
202 32 23 30 0.642
36 36 21 26 0.617
361 133 19 25 0.616
431 9 19 24 0.615
989 20 17 21 0.601
60 87 21 26 0.583
129 40 20 23 0.530
929 87 19 23 0.521
795 52 16 21 0.504
825 62 18 21 0.501
505 132 21 25 0.501
14 80 24 27 0.475
381 194 22 25 0.475
0 174 9 27 0.473
789 95 17 21 0.460
841 31 15 17 0.449
938 14 13 20 0.440
438 124 19 24 0.431
166 39 18 23 0.423
935 62 16 18 0.374
806 169 19 25 0.328
600 9 16 20 0.312
420 54 18 22 0.309
257 14 16 21 0.297
734 52 17 21 0.288
269 89 22 26 0.286
716 44 17 21 0.274
191 1 17 16 0.256
996 100 17 21 0.213
247 19 19 24 0.211
427 164 19 24 0.198
328 55 14 22 0.171
457 147 18 23 0.165
22 0 19 17 0.161
116 26 16 22 0.155
108 39 18 24 0.153
871 9 17 80 0.146
997 48 17 21 0.133
447 138 19 27 0.123
349 75 19 24 0.122
724 49 18 21 0.106
820 10 17 21 0.095
157 3 17 17 0.087
818 131 16 20 0.081
928 15 17 22 0.080
145 3 25 21 0.075
64 63 21 27 0.074
141 5 19 20 0.068
0 5 10 21 0.066
264 93 24 31 0.066
324 41 16 33 0.065
717 73 18 23 0.065
429 170 19 25 0.065
321 35 16 23 0.063
352 131 20 26 0.063
795 40 17 22 0.062
198 28 20 26 0.060
684 75 17 21 0.060
28 0 18 18 0.057
123 131 18 23 0.056
231 181 26 33 0.051
854 86 17 20 0.050
752 77 19 25 0.050
727 55 18 24 0.049
391 181 18 23 0.045
430 126 18 23 0.044
976 19 19 23 0.042
11 37 19 23 0.040
262 91 21 23 0.040
984 3 15 18 0.039
809 175 21 23 0.036
2 83 16 25 0.036
353 34 16 19 0.036
1011 20 14 21 0.036
348 7 15 18 0.035
41 24 21 28 0.034
790 88 14 20 0.034
0 213 14 20 0.031
824 71 19 24 0.031
930 63 18 21 0.030
433 129 22 25 0.030
599 16 19 22 0.029
261 123 23 30 0.029
994 79 22 22 0.028
137 32 19 24 0.028
65 79 22 27 0.027
401 50 18 22 0.025
942 10 16 22 0.024
1005 106 17 19 0.024
111 31 16 23 0.023
1004 81 19 23 0.023
442 118 19 24 0.021
1016 110 9 19 0.021
531 4 16 20 0.019
327 -1 16 16 0.018
393 169 48 28 0.018
750 88 20 25 0.018
34 0 17 16 0.017
922 23 19 22 0.017
350 41 16 20 0.017
323 27 16 21 0.017
796 100 19 23 0.017
712 48 17 21 0.016
333 109 17 21 0.016
147 9 19 27 0.016
147 23 15 21 0.015
1 1 11 17 0.015
990 78 18 21 0.015
347 81 18 24 0.014
819 6 20 17 0.014
332 5 30 16 0.013
937 55 19 23 0.013
972 22 18 23 0.013
906 110 19 23 0.013
498 0 16 13 0.013
666 44 18 23 0.013
1 177 16 25 0.013
38 19 20 24 0.013
771 13 17 21 0.012
642 37 19 23 0.012
797 57 17 22 0.012
463 69 23 22 0.012
845 29 16 19 0.012
344 51 17 21 0.012
217 4 15 17 0.012
422 62 18 23 0.012
990 32 19 23 0.011
39 0 19 50 0.011
138 6 15 17 0.011
797 93 20 23 0.011
535 4 17 16 0.011
575 2 17 16 0.010
873 80 20 22 0.010
263 36 20 41 0.010
941 17 16 24 0.010
915 32 19 21 0.010
