58_Hockey_icehockey_puck_58_507
26
850 211 63 81 0.860
724 117 59 72 0.856
462 70 34 39 0.789
415 106 36 42 0.755
287 46 21 24 0.539
517 93 39 45 0.282
351 54 21 24 0.241
141 16 19 22 0.097
229 72 24 25 0.055
358 58 21 26 0.042
410 53 23 27 0.036
512 82 40 42 0.027
224 372 41 46 0.027
3 0 15 17 0.026
362 71 31 34 0.026
168 18 15 20 0.023
172 73 18 25 0.021
206 16 15 17 0.019
162 16 19 26 0.018
522 102 40 48 0.018
284 39 21 25 0.014
367 54 59 44 0.013
280 43 22 29 0.012
312 14 16 19 0.011
137 54 19 25 0.011
161 64 29 36 0.011
