58_Hockey_icehockey_puck_58_290
56
560 44 24 31 0.834
659 37 23 30 0.829
421 65 26 33 0.814
491 65 22 29 0.812
743 33 23 30 0.804
490 469 26 40 0.804
359 72 23 32 0.801
43 180 21 24 0.786
179 16 21 24 0.784
808 19 23 27 0.782
100 112 23 29 0.779
603 43 18 27 0.777
300 83 23 32 0.775
863 2 23 27 0.774
365 2 21 24 0.758
62 18 25 35 0.750
323 342 33 37 0.737
2 124 23 33 0.722
124 24 23 27 0.696
32 37 19 30 0.680
917 1 20 22 0.438
742 4 17 21 0.418
242 25 24 28 0.416
248 17 21 26 0.252
743 8 20 65 0.156
266 51 19 24 0.135
896 223 30 31 0.113
123 14 22 29 0.098
248 11 20 22 0.090
578 7 21 20 0.070
679 0 33 16 0.063
710 0 23 18 0.053
206 76 23 26 0.053
50 137 20 25 0.052
905 229 28 28 0.052
152 25 18 22 0.051
166 92 21 28 0.040
730 247 20 28 0.038
125 8 19 19 0.037
20 214 20 29 0.037
314 54 17 23 0.033
236 50 26 31 0.028
105 24 14 21 0.027
441 3 16 19 0.022
247 33 21 24 0.021
172 99 19 24 0.020
249 54 21 24 0.019
681 0 22 22 0.018
238 28 19 23 0.017
76 91 19 23 0.016
160 84 22 29 0.015
170 17 20 24 0.014
703 0 23 21 0.013
257 10 14 19 0.011
18 39 19 25 0.010
103 187 19 24 0.010
