58_Hockey_icehockey_puck_58_285
37
566 172 38 48 0.835
569 96 19 22 0.797
291 149 33 35 0.783
40 130 23 24 0.759
959 261 54 54 0.749
431 130 30 33 0.719
786 83 12 15 0.615
319 95 8 9 0.412
997 81 10 12 0.331
616 172 15 20 0.326
766 86 9 10 0.095
856 68 8 9 0.078
427 113 7 8 0.058
803 74 10 12 0.053
623 174 12 17 0.040
767 82 10 13 0.038
31 89 6 7 0.034
1000 72 10 12 0.034
885 60 13 15 0.027
794 77 16 13 0.026
610 172 17 22 0.026
888 64 11 14 0.024
836 80 8 16 0.022
314 96 12 14 0.018
840 87 8 10 0.017
829 101 8 10 0.016
318 102 12 17 0.015
316 120 17 19 0.015
316 113 16 19 0.015
830 78 9 11 0.014
1002 79 10 12 0.014
594 165 29 36 0.014
797 73 12 13 0.013
870 60 12 13 0.013
786 91 12 14 0.011
805 84 13 14 0.011
883 54 13 14 0.011
