58_Hockey_icehockey_puck_58_880
29
394 312 21 24 0.695
643 279 20 23 0.660
342 328 16 20 0.609
923 281 22 27 0.522
730 303 16 19 0.512
725 307 17 19 0.252
618 318 17 24 0.183
1013 285 11 17 0.144
724 314 14 17 0.112
735 301 15 19 0.080
690 135 11 14 0.052
1011 375 10 22 0.047
669 136 11 14 0.047
1013 278 10 16 0.042
1011 282 11 14 0.039
672 134 14 16 0.039
336 328 15 19 0.031
963 289 20 25 0.023
673 135 28 15 0.021
620 288 24 48 0.018
402 313 18 21 0.017
1005 377 15 23 0.017
969 279 17 21 0.014
1010 289 13 16 0.013
963 281 19 24 0.012
933 283 29 30 0.012
621 324 17 23 0.012
680 134 13 15 0.012
976 280 12 15 0.010
