58_Hockey_icehockey_puck_58_469
134
368 236 40 46 0.808
216 58 19 23 0.803
397 86 21 25 0.802
647 114 17 21 0.794
551 214 34 38 0.789
333 73 19 23 0.788
24 84 21 25 0.775
305 55 16 21 0.767
414 25 16 22 0.762
784 156 15 20 0.758
162 81 19 24 0.750
499 21 14 18 0.745
100 83 20 25 0.745
361 62 14 19 0.732
621 112 19 22 0.730
480 88 17 22 0.729
465 13 15 19 0.714
259 47 15 19 0.711
67 91 20 28 0.707
89 2 16 20 0.688
889 67 14 17 0.686
337 113 17 20 0.685
739 135 15 19 0.675
575 104 19 22 0.669
722 22 15 21 0.653
868 115 15 19 0.644
551 142 18 20 0.642
840 163 12 16 0.627
520 162 17 21 0.580
133 12 16 21 0.570
951 75 14 17 0.564
682 24 15 20 0.551
630 179 14 16 0.535
903 168 14 17 0.524
622 -2 13 15 0.497
831 117 15 18 0.484
865 159 12 17 0.449
162 30 15 19 0.421
8 44 16 22 0.420
928 155 14 17 0.395
712 6 13 16 0.329
267 93 22 27 0.236
810 165 10 13 0.174
517 156 31 24 0.165
853 16 12 14 0.165
704 11 22 20 0.142
280 119 18 23 0.130
282 127 16 17 0.121
924 119 13 17 0.111
878 91 12 16 0.105
438 26 12 16 0.105
713 7 15 21 0.094
287 124 13 16 0.094
89 200 15 17 0.089
218 25 13 16 0.083
950 178 12 14 0.077
424 175 15 17 0.077
112 8 13 18 0.075
905 152 34 36 0.071
539 37 16 17 0.055
883 71 16 23 0.050
82 185 18 24 0.047
236 33 12 15 0.046
524 166 17 19 0.045
856 6 14 16 0.043
458 176 16 20 0.043
478 6 12 16 0.040
913 173 16 17 0.040
919 155 16 21 0.039
689 153 15 18 0.037
224 27 18 20 0.035
547 -1 13 16 0.035
468 8 19 18 0.033
1015 273 9 16 0.032
265 66 15 19 0.031
805 160 15 17 0.030
515 160 16 21 0.030
657 -1 11 14 0.029
872 108 15 20 0.028
744 143 13 17 0.027
682 32 14 18 0.027
278 130 14 18 0.025
610 -2 26 13 0.025
746 -2 12 14 0.025
858 1 13 15 0.024
478 1 12 14 0.024
166 185 24 28 0.024
956 73 13 18 0.022
830 15 13 16 0.022
265 82 23 31 0.021
587 0 14 13 0.020
440 110 14 17 0.019
833 14 15 18 0.019
929 166 15 25 0.018
81 180 17 21 0.018
930 148 15 19 0.018
263 77 22 26 0.018
203 11 16 21 0.018
934 179 14 16 0.016
546 -11 13 42 0.016
867 122 15 17 0.016
918 178 15 15 0.016
160 41 16 20 0.016
857 188 13 14 0.016
602 20 15 18 0.016
722 302 25 28 0.015
810 168 11 16 0.015
482 2 12 15 0.015
161 183 21 25 0.015
945 73 13 17 0.014
207 14 19 21 0.014
950 181 14 18 0.014
2 39 15 17 0.014
982 171 12 15 0.013
786 192 14 17 0.013
175 186 19 24 0.013
577 -1 15 14 0.013
626 187 17 19 0.013
463 19 15 20 0.013
708 8 14 18 0.013
820 116 15 18 0.013
486 89 15 20 0.012
454 183 17 21 0.012
541 -2 14 15 0.012
908 86 13 16 0.012
220 22 20 21 0.012
919 120 14 15 0.012
582 102 15 21 0.011
620 -2 36 20 0.011
117 183 15 19 0.011
853 186 13 15 0.010
709 3 13 16 0.010
462 179 16 21 0.010
274 87 18 21 0.010
