58_Hockey_icehockey_puck_58_493
42
471 85 71 92 0.880
112 130 37 45 0.855
655 55 30 42 0.837
251 44 35 47 0.833
109 14 29 41 0.824
905 127 36 43 0.816
238 108 40 49 0.814
227 3 31 28 0.794
611 140 35 45 0.789
599 0 34 36 0.773
719 2 31 31 0.772
318 172 61 70 0.766
0 114 13 49 0.758
775 138 37 46 0.752
483 0 31 33 0.752
349 0 33 27 0.750
809 0 32 37 0.748
440 54 28 41 0.727
1 0 34 34 0.721
159 127 30 37 0.695
749 61 30 39 0.538
937 21 26 30 0.416
875 22 19 25 0.322
308 79 26 31 0.214
304 1 25 26 0.201
825 95 25 32 0.168
1012 133 12 33 0.085
147 57 25 31 0.079
660 281 28 32 0.056
379 88 23 29 0.055
752 81 24 28 0.028
596 0 21 25 0.026
951 127 20 29 0.024
817 92 36 47 0.024
560 114 25 31 0.014
305 12 23 31 0.014
385 71 25 33 0.013
537 2 28 24 0.013
-1 169 10 25 0.012
347 -1 24 21 0.011
285 53 19 24 0.011
160 138 32 40 0.011
