58_Hockey_icehockey_puck_58_221
49
0 697 54 69 0.848
5 455 48 63 0.832
653 460 52 65 0.830
457 522 67 93 0.819
250 333 47 62 0.803
111 457 52 66 0.800
-2 193 33 58 0.798
98 363 52 66 0.795
739 161 35 52 0.788
203 472 52 73 0.785
78 573 53 75 0.776
579 37 42 51 0.765
200 199 41 59 0.743
540 481 42 58 0.713
-2 69 35 55 0.680
57 68 37 53 0.658
831 148 30 44 0.605
898 479 31 53 0.546
117 83 38 57 0.519
364 286 45 54 0.485
58 198 38 52 0.405
313 248 42 47 0.169
481 302 44 49 0.163
481 454 50 66 0.148
135 325 39 58 0.145
284 97 50 66 0.115
485 229 33 39 0.079
62 70 53 64 0.072
222 676 49 53 0.052
4 66 49 64 0.037
592 389 45 54 0.036
36 0 33 31 0.036
491 470 48 71 0.025
844 153 23 35 0.024
837 142 26 39 0.021
71 205 28 40 0.020
428 0 72 28 0.020
48 53 40 63 0.019
510 353 42 60 0.019
137 731 39 56 0.017
488 310 52 80 0.015
586 134 34 46 0.015
88 147 38 60 0.014
61 158 58 72 0.013
383 278 47 54 0.013
472 445 48 56 0.012
291 150 36 45 0.011
98 153 47 64 0.011
827 472 42 58 0.010
