58_Hockey_icehockey_puck_58_680
255
563 245 35 40 0.866
774 343 37 45 0.866
838 207 35 44 0.861
368 318 38 48 0.857
891 366 39 45 0.854
470 321 38 45 0.843
563 328 35 44 0.843
621 250 34 43 0.838
752 216 35 41 0.833
330 236 37 47 0.832
789 125 14 18 0.832
669 353 36 42 0.831
549 194 32 37 0.819
255 340 35 50 0.815
643 143 15 18 0.811
434 227 35 41 0.810
624 139 12 16 0.807
889 135 13 17 0.802
674 60 13 17 0.793
790 51 11 14 0.790
513 113 14 17 0.788
544 148 13 17 0.788
803 151 15 19 0.788
225 199 37 43 0.788
740 119 13 17 0.787
369 105 14 16 0.777
466 111 13 19 0.768
703 120 14 18 0.768
670 4 12 15 0.767
626 58 13 16 0.762
377 132 14 17 0.761
687 189 16 19 0.758
301 140 14 15 0.754
484 153 14 16 0.754
981 27 13 15 0.753
701 151 15 19 0.752
451 17 11 15 0.750
115 80 12 15 0.750
834 127 14 17 0.744
943 225 33 33 0.744
1002 44 14 17 0.743
771 22 12 15 0.740
927 80 13 16 0.740
984 175 13 16 0.740
832 41 13 15 0.735
579 95 13 15 0.733
638 190 16 19 0.732
937 166 12 16 0.727
91 165 40 53 0.725
703 27 11 14 0.723
246 134 15 18 0.722
229 82 14 17 0.711
300 81 13 15 0.708
262 181 23 28 0.702
424 113 13 15 0.694
342 32 11 15 0.688
435 133 13 16 0.683
580 133 12 15 0.683
335 143 13 16 0.677
307 19 13 15 0.667
730 65 12 14 0.661
22 105 10 14 0.657
174 52 12 15 0.654
954 128 14 16 0.654
445 97 13 15 0.650
271 133 12 14 0.650
518 1 11 13 0.638
362 25 11 15 0.638
314 190 19 24 0.627
580 3 13 15 0.624
560 27 11 14 0.609
949 61 12 13 0.607
501 28 12 16 0.604
836 27 12 15 0.603
216 129 11 13 0.593
694 242 33 36 0.586
625 -1 12 12 0.554
49 38 14 16 0.547
106 46 13 17 0.543
417 37 12 14 0.531
145 286 44 55 0.527
319 -2 11 11 0.521
350 135 14 17 0.464
974 139 14 18 0.464
525 47 11 15 0.450
734 193 14 18 0.444
854 -1 13 13 0.444
599 -1 11 12 0.433
403 76 11 13 0.431
589 59 11 14 0.417
925 9 11 14 0.391
917 22 13 16 0.386
394 22 11 14 0.347
887 104 12 15 0.344
406 6 11 13 0.327
921 12 13 17 0.325
730 23 10 13 0.304
470 64 11 14 0.289
21 -1 11 10 0.273
920 16 13 19 0.272
224 -1 11 10 0.271
539 114 13 15 0.269
588 40 11 14 0.266
288 331 30 41 0.254
627 139 19 18 0.239
4 71 11 15 0.239
233 14 11 14 0.238
873 42 12 15 0.225
965 137 22 18 0.214
869 155 13 17 0.183
896 59 12 15 0.182
833 33 14 18 0.178
588 49 12 23 0.175
53 67 12 15 0.168
738 143 12 16 0.166
232 154 13 16 0.160
516 -6 12 37 0.156
213 14 11 14 0.152
633 142 21 17 0.144
307 105 11 14 0.138
721 119 32 18 0.135
303 82 12 24 0.133
848 165 13 18 0.133
500 26 14 29 0.128
863 158 18 17 0.127
392 14 20 22 0.117
465 39 11 13 0.105
703 108 13 71 0.103
225 0 13 19 0.102
726 19 13 15 0.100
666 81 12 14 0.097
943 102 11 13 0.087
50 50 13 18 0.085
401 2 13 13 0.085
1011 13 9 14 0.080
1015 -2 9 12 0.077
414 13 13 51 0.075
393 100 13 15 0.067
463 107 13 17 0.061
560 0 11 9 0.061
354 227 22 26 0.060
722 15 10 14 0.059
504 0 12 13 0.052
391 134 12 15 0.051
343 27 36 16 0.050
866 26 11 13 0.050
234 142 17 20 0.047
664 25 10 12 0.044
214 -5 26 33 0.044
543 125 14 16 0.044
283 156 14 17 0.043
676 107 11 13 0.042
701 78 13 19 0.040
252 161 15 17 0.040
706 52 13 17 0.040
561 60 11 14 0.040
0 39 7 15 0.038
1011 2 11 27 0.037
196 125 10 13 0.037
587 46 12 16 0.037
23 0 11 12 0.036
957 120 13 15 0.035
824 143 12 15 0.034
404 27 12 17 0.034
426 168 12 15 0.033
562 0 13 15 0.031
316 107 12 14 0.031
735 -1 10 9 0.030
732 70 11 13 0.030
669 75 13 18 0.029
226 151 14 18 0.029
915 11 14 21 0.029
944 -2 15 8 0.029
559 52 12 18 0.029
320 193 18 24 0.028
361 21 11 13 0.028
220 129 11 13 0.028
775 148 14 17 0.027
65 63 14 16 0.027
322 -1 12 10 0.027
74 60 11 16 0.027
962 175 15 17 0.026
257 169 21 29 0.026
968 7 11 14 0.025
323 109 12 19 0.024
728 68 12 16 0.024
782 152 10 14 0.024
223 34 10 12 0.024
364 32 13 15 0.023
472 72 14 21 0.023
1016 238 8 19 0.023
809 13 10 14 0.023
932 -2 16 12 0.023
755 142 15 18 0.023
909 0 10 11 0.022
995 107 11 15 0.022
667 84 11 21 0.021
354 71 11 14 0.021
274 333 38 49 0.021
711 55 13 16 0.020
356 64 13 17 0.020
107 132 11 15 0.020
865 32 14 19 0.019
533 120 14 17 0.019
526 68 12 15 0.019
791 178 12 15 0.019
246 65 9 14 0.018
261 190 23 30 0.018
998 0 13 13 0.018
405 78 14 18 0.018
233 19 11 13 0.017
390 19 11 14 0.017
580 140 13 15 0.017
33 70 11 14 0.017
968 1 9 13 0.017
513 -1 30 17 0.016
42 62 15 17 0.016
253 152 15 22 0.016
1008 41 13 17 0.016
869 -2 13 10 0.015
419 32 12 15 0.015
339 162 13 18 0.015
53 44 12 16 0.014
925 101 12 15 0.014
107 42 11 14 0.014
466 70 16 17 0.014
1014 230 10 32 0.014
617 143 13 17 0.014
849 176 16 20 0.014
586 141 12 15 0.014
977 160 14 20 0.014
906 227 14 18 0.013
995 0 11 10 0.013
22 26 10 13 0.013
269 150 15 20 0.013
447 156 12 16 0.013
271 158 18 19 0.013
320 149 15 17 0.013
407 96 12 16 0.013
499 32 12 16 0.012
890 187 14 17 0.012
224 138 14 17 0.012
913 23 13 16 0.012
243 69 15 17 0.011
224 159 16 19 0.011
701 157 14 19 0.011
845 202 33 37 0.011
359 223 21 26 0.011
353 138 16 17 0.011
111 50 15 17 0.011
961 -4 16 18 0.010
961 159 14 25 0.010
467 47 12 21 0.010
685 133 13 16 0.010
1013 37 12 21 0.010
