58_Hockey_icehockey_puck_58_113
34
306 121 51 60 0.836
80 40 29 33 0.802
517 47 54 70 0.794
275 37 24 28 0.691
224 41 19 22 0.688
660 51 24 26 0.683
841 1 23 27 0.658
183 41 20 23 0.580
442 46 18 23 0.490
490 56 15 20 0.468
314 47 21 25 0.418
394 45 22 28 0.251
362 46 20 25 0.243
125 48 20 22 0.234
954 5 24 30 0.202
372 29 18 21 0.171
0 13 17 23 0.135
390 30 23 25 0.118
1012 420 12 21 0.085
429 40 20 25 0.082
430 31 17 20 0.066
412 34 43 40 0.060
967 5 23 25 0.040
0 20 20 24 0.039
382 31 22 25 0.033
242 16 16 21 0.032
97 45 42 27 0.022
128 42 15 17 0.022
988 284 21 24 0.019
5 26 21 27 0.017
1005 73 17 31 0.016
1016 426 8 26 0.015
409 25 32 28 0.012
392 30 36 46 0.011
