19_Couple_Couple_19_743
25
697 412 28 35 0.839
857 298 33 43 0.815
448 307 29 35 0.803
805 303 33 37 0.803
524 279 33 39 0.801
402 304 32 39 0.792
669 392 28 33 0.789
126 316 30 38 0.779
181 475 21 33 0.763
158 311 26 32 0.747
279 414 21 38 0.708
760 213 22 26 0.490
635 323 21 26 0.481
516 468 23 28 0.202
319 213 23 28 0.141
505 471 30 28 0.055
595 300 21 25 0.037
622 297 24 25 0.033
424 316 16 25 0.027
600 313 23 32 0.023
785 382 24 28 0.020
485 456 40 35 0.020
511 479 21 24 0.019
412 313 24 28 0.014
499 294 40 45 0.011
