4_Dancing_Dancing_4_715
28
486 471 37 44 0.874
75 455 38 45 0.853
660 124 42 57 0.852
417 443 30 36 0.837
409 105 44 67 0.803
628 453 30 39 0.785
293 464 34 40 0.772
154 456 24 33 0.320
814 631 11 15 0.055
746 471 13 18 0.054
757 454 14 16 0.039
763 625 11 14 0.029
764 476 11 14 0.025
466 164 8 10 0.025
196 350 9 11 0.023
193 351 12 18 0.019
275 450 40 44 0.018
170 352 13 16 0.018
265 446 32 41 0.017
746 453 26 33 0.017
254 453 34 41 0.017
743 468 26 21 0.017
543 168 6 8 0.015
669 629 12 15 0.014
753 471 19 18 0.014
580 167 6 9 0.013
535 474 12 15 0.013
463 160 11 15 0.011
