4_Dancing_Dancing_4_41
47
600 111 51 66 0.840
22 404 20 25 0.780
130 376 16 21 0.762
150 397 19 26 0.757
96 403 21 25 0.756
229 371 15 18 0.753
39 381 17 23 0.745
548 100 45 79 0.742
57 365 15 19 0.725
257 387 15 19 0.713
197 394 15 19 0.699
176 370 16 20 0.648
103 354 14 18 0.568
142 344 12 16 0.266
308 322 12 16 0.265
26 390 21 24 0.052
192 330 8 10 0.049
178 382 15 23 0.047
407 380 11 14 0.038
400 353 16 18 0.035
391 377 12 15 0.029
393 377 18 15 0.027
96 357 18 19 0.027
393 357 14 18 0.026
106 373 15 19 0.025
371 362 15 17 0.023
195 401 15 17 0.020
397 365 13 31 0.019
406 353 13 15 0.018
376 356 14 17 0.018
374 352 13 29 0.017
312 360 12 18 0.016
387 357 17 21 0.015
201 384 13 15 0.015
180 396 13 17 0.015
368 365 13 17 0.015
397 330 14 17 0.015
533 115 49 69 0.014
312 343 11 17 0.014
310 364 12 18 0.013
307 338 12 19 0.012
139 341 13 16 0.012
383 349 15 21 0.012
257 394 14 18 0.012
391 329 19 64 0.011
64 391 12 15 0.010
-1 401 7 17 0.010
