4_Dancing_Dancing_4_319
51
553 35 33 41 0.880
962 80 39 45 0.873
593 0 35 38 0.866
343 44 31 40 0.866
147 61 32 42 0.854
486 62 33 37 0.853
410 75 29 37 0.852
443 143 29 33 0.846
733 51 33 46 0.840
688 60 28 38 0.835
88 72 46 52 0.831
615 139 52 55 0.825
955 28 28 38 0.823
211 26 23 27 0.805
198 91 27 32 0.788
0 16 26 36 0.788
213 158 36 43 0.777
321 9 24 29 0.773
328 246 32 35 0.763
658 50 24 35 0.758
448 56 29 33 0.735
749 512 66 48 0.670
272 43 22 31 0.665
709 34 30 40 0.644
305 47 29 32 0.644
429 48 21 28 0.575
249 85 30 33 0.561
193 55 26 33 0.542
816 0 34 13 0.512
709 39 46 45 0.134
556 15 21 25 0.085
38 0 22 26 0.069
233 59 21 30 0.069
653 42 22 27 0.066
430 43 18 23 0.064
230 89 21 27 0.059
243 89 23 29 0.057
236 55 20 24 0.031
442 53 24 29 0.027
432 58 23 32 0.025
551 21 30 36 0.019
283 44 23 29 0.019
467 54 39 42 0.018
1001 50 21 31 0.017
756 495 67 55 0.014
23 69 31 33 0.013
44 3 24 29 0.013
287 57 22 28 0.012
266 51 38 45 0.011
201 58 23 26 0.011
28 2 22 26 0.011
