4_Dancing_Dancing_4_57
32
583 203 44 59 0.785
558 135 35 53 0.765
769 167 20 27 0.669
731 158 23 34 0.604
844 161 23 34 0.551
887 163 20 32 0.524
947 198 18 27 0.510
813 164 20 28 0.247
1011 121 13 29 0.216
966 131 19 26 0.204
777 194 22 28 0.095
930 280 25 31 0.087
774 181 21 28 0.077
1003 181 20 37 0.064
974 86 22 32 0.057
824 163 22 28 0.048
862 136 19 28 0.042
829 274 25 27 0.038
938 164 20 30 0.028
960 118 22 30 0.027
788 203 22 29 0.027
976 137 19 24 0.026
994 316 26 31 0.022
924 167 30 31 0.017
708 160 26 40 0.016
866 133 17 23 0.015
895 167 21 27 0.015
917 170 26 31 0.014
856 140 23 32 0.014
782 199 22 27 0.013
718 165 22 28 0.010
855 162 31 37 0.010
