4_Dancing_Dancing_4_156
28
906 21 59 64 0.848
158 14 36 48 0.770
530 52 63 93 0.760
462 125 53 66 0.652
663 7 39 60 0.557
298 35 25 37 0.113
224 18 28 30 0.105
761 4 27 31 0.085
641 -1 59 73 0.082
193 53 35 44 0.070
103 33 23 35 0.057
511 52 60 88 0.053
277 14 24 28 0.039
877 1 32 34 0.038
253 12 49 32 0.031
110 6 23 33 0.023
758 1 38 47 0.022
1008 30 16 46 0.022
236 9 31 33 0.018
505 97 44 75 0.017
246 15 26 32 0.016
295 39 21 27 0.015
304 68 20 31 0.014
224 3 44 49 0.013
302 1 21 68 0.013
305 3 18 19 0.013
671 4 53 55 0.013
304 55 20 29 0.011
