4_Dancing_Dancing_4_489
77
400 128 42 51 0.900
531 62 39 52 0.898
669 102 42 54 0.895
421 61 41 51 0.895
482 107 41 50 0.891
616 78 38 48 0.891
174 240 50 63 0.887
779 241 46 55 0.887
253 136 41 49 0.883
277 242 43 57 0.881
296 69 39 47 0.880
688 32 40 46 0.879
915 140 38 45 0.878
128 120 40 49 0.877
707 286 41 50 0.876
347 85 34 42 0.876
602 214 46 59 0.876
187 78 43 56 0.872
830 111 40 47 0.867
908 47 36 42 0.865
750 111 40 46 0.862
396 244 43 49 0.861
806 23 35 41 0.861
887 105 36 41 0.854
540 235 43 51 0.847
758 44 33 36 0.839
939 13 18 21 0.833
23 19 17 20 0.810
901 3 15 18 0.810
872 25 18 21 0.777
107 25 17 19 0.759
982 21 15 17 0.754
164 23 15 18 0.718
851 6 15 16 0.709
50 21 15 18 0.686
62 35 16 21 0.624
82 22 15 17 0.597
903 56 38 48 0.472
404 101 45 64 0.435
151 11 13 16 0.425
3 3 10 12 0.364
152 13 17 18 0.324
223 22 12 15 0.273
58 34 33 21 0.192
59 27 17 23 0.186
224 4 10 13 0.159
92 0 12 13 0.142
91 37 14 17 0.110
67 3 12 13 0.073
72 3 11 13 0.072
64 2 10 11 0.065
50 5 13 15 0.058
55 5 20 12 0.046
181 50 21 28 0.046
43 2 14 13 0.046
3 9 11 23 0.045
144 0 13 11 0.044
895 51 17 23 0.041
0 75 8 23 0.040
52 3 13 13 0.035
2 18 11 18 0.031
168 40 17 19 0.028
191 46 16 20 0.026
167 37 14 17 0.026
22 1 14 16 0.023
226 22 13 15 0.023
876 20 17 23 0.019
890 2 10 11 0.019
108 38 16 24 0.017
886 4 12 19 0.017
37 1 12 11 0.016
179 58 19 23 0.016
5 -1 16 15 0.015
140 -1 11 10 0.014
892 53 15 17 0.014
943 20 15 19 0.011
112 50 11 16 0.010
