7_Cheering_Cheering_7_29
776
890 215 14 19 0.805
898 350 14 17 0.777
619 177 13 19 0.759
443 170 14 17 0.759
909 126 14 18 0.756
164 145 11 14 0.745
976 336 14 18 0.743
726 165 14 17 0.740
533 138 12 15 0.739
464 359 15 19 0.739
412 199 12 15 0.737
961 299 13 17 0.737
993 223 14 17 0.729
270 107 13 16 0.727
205 93 12 15 0.725
811 366 15 18 0.725
358 244 13 16 0.717
310 110 12 14 0.715
570 217 15 20 0.713
111 128 13 16 0.711
403 293 13 15 0.694
681 177 13 16 0.683
610 360 13 17 0.675
633 367 13 15 0.673
678 117 13 14 0.669
592 124 12 16 0.667
936 115 13 16 0.667
437 127 12 16 0.665
514 278 15 17 0.665
369 296 12 15 0.665
479 306 14 16 0.663
243 45 12 14 0.660
126 266 13 16 0.660
607 238 14 17 0.654
351 339 14 16 0.654
68 278 14 17 0.650
253 231 13 16 0.648
20 152 15 19 0.646
880 246 13 18 0.642
712 293 15 17 0.642
589 96 14 16 0.636
765 267 14 17 0.626
430 442 15 16 0.624
323 275 14 16 0.619
340 130 12 14 0.616
353 88 13 15 0.607
803 277 15 19 0.605
337 168 13 15 0.604
703 316 15 19 0.594
195 271 12 15 0.594
365 359 14 19 0.594
38 169 12 16 0.589
559 181 15 16 0.585
151 112 12 14 0.582
950 252 14 18 0.578
707 102 13 17 0.575
976 193 14 16 0.575
308 87 11 14 0.573
761 125 13 16 0.572
606 82 11 15 0.569
653 466 16 17 0.569
101 369 14 17 0.560
663 56 12 15 0.554
390 201 11 15 0.551
823 268 14 16 0.547
838 340 14 17 0.543
843 97 13 14 0.541
34 263 11 14 0.541
212 242 12 16 0.539
223 143 11 14 0.530
789 212 13 15 0.530
478 333 15 15 0.530
978 119 14 17 0.526
156 268 13 15 0.521
820 96 12 15 0.517
93 294 13 15 0.515
173 109 13 17 0.513
624 116 13 14 0.513
1 114 10 13 0.510
171 76 11 13 0.504
305 206 14 17 0.503
71 88 11 15 0.501
1000 187 12 14 0.495
777 105 13 16 0.490
461 401 14 15 0.490
883 113 11 14 0.477
167 375 14 16 0.477
555 88 11 14 0.476
76 74 10 11 0.473
42 355 13 15 0.469
926 383 12 14 0.469
191 119 12 14 0.466
215 118 12 14 0.464
248 288 13 14 0.458
1002 335 13 16 0.447
825 233 14 18 0.442
246 104 10 13 0.440
802 100 12 14 0.418
17 294 13 15 0.418
307 264 13 15 0.410
938 295 14 16 0.408
678 139 14 18 0.404
919 94 12 14 0.403
724 358 14 17 0.402
687 274 12 16 0.401
96 309 13 15 0.397
508 173 13 16 0.391
352 399 16 18 0.380
118 405 15 18 0.380
278 86 11 14 0.376
1006 87 14 18 0.376
927 220 14 19 0.356
886 91 13 15 0.351
883 370 13 17 0.336
281 253 12 14 0.329
346 432 16 17 0.327
412 352 13 16 0.324
64 335 11 13 0.319
769 324 15 18 0.311
768 494 20 18 0.309
94 302 14 18 0.293
775 309 13 18 0.291
74 404 14 15 0.289
3 343 13 18 0.288
854 212 13 15 0.286
292 394 15 17 0.285
765 281 13 18 0.282
936 467 19 20 0.279
194 402 13 15 0.279
100 214 12 16 0.270
73 128 11 17 0.261
671 135 13 16 0.261
58 81 9 11 0.259
959 117 12 16 0.258
44 94 10 13 0.247
841 317 15 17 0.241
737 137 14 16 0.239
316 256 12 15 0.238
44 305 13 18 0.234
613 415 12 15 0.230
612 448 14 16 0.230
476 173 14 17 0.228
843 444 14 18 0.223
838 97 14 15 0.222
419 305 13 17 0.222
378 91 11 13 0.216
962 297 15 32 0.214
360 345 15 20 0.212
707 95 11 16 0.211
908 101 13 15 0.211
738 323 13 18 0.208
300 328 13 15 0.208
260 430 15 17 0.207
216 69 10 12 0.205
725 119 15 16 0.202
5 117 12 14 0.201
825 296 13 15 0.201
725 450 15 19 0.200
738 106 10 12 0.194
382 116 12 18 0.190
13 97 12 13 0.187
227 471 10 15 0.186
905 85 11 12 0.183
969 91 15 17 0.179
18 123 10 13 0.179
502 79 12 14 0.179
368 468 13 16 0.178
461 471 13 16 0.176
110 77 11 14 0.175
277 134 12 15 0.175
883 93 13 28 0.169
118 241 12 15 0.167
372 331 15 17 0.165
72 74 10 35 0.165
406 326 13 16 0.164
1005 199 15 18 0.163
45 347 14 17 0.161
705 306 16 32 0.157
371 149 15 17 0.157
49 385 14 16 0.157
523 109 12 15 0.152
669 280 16 19 0.150
629 422 14 16 0.149
326 104 11 15 0.144
908 173 15 18 0.142
491 205 16 19 0.139
477 169 12 14 0.139
778 252 12 13 0.136
408 93 12 15 0.136
908 104 13 23 0.135
546 359 13 16 0.135
821 168 14 17 0.135
50 84 11 15 0.134
579 119 13 15 0.134
479 179 15 16 0.134
776 453 15 18 0.134
72 76 12 14 0.133
694 65 12 16 0.133
110 98 11 14 0.132
719 119 16 16 0.131
299 210 18 17 0.129
381 126 13 17 0.128
318 260 15 19 0.128
837 312 16 21 0.127
362 294 47 16 0.125
222 115 11 57 0.123
412 407 15 17 0.123
800 274 33 20 0.122
454 118 11 14 0.121
575 413 14 16 0.121
495 212 13 17 0.120
760 108 13 42 0.119
222 118 12 14 0.119
827 217 15 19 0.119
779 492 17 20 0.119
6 140 11 15 0.118
53 145 11 13 0.118
404 113 13 17 0.110
192 239 12 15 0.110
1007 424 13 16 0.107
410 295 18 29 0.106
762 233 14 19 0.105
196 276 12 15 0.105
451 247 13 15 0.105
905 85 16 25 0.103
158 296 12 18 0.101
193 257 24 32 0.100
208 467 12 14 0.100
757 104 14 17 0.099
280 256 36 17 0.098
0 317 6 17 0.098
101 209 13 34 0.098
119 245 12 16 0.096
984 97 14 15 0.096
226 395 15 17 0.096
799 451 15 18 0.094
448 333 14 18 0.092
810 470 16 19 0.092
382 121 13 17 0.092
523 414 15 17 0.092
664 281 16 18 0.091
549 90 16 23 0.090
768 262 16 18 0.090
583 98 14 17 0.088
179 74 12 14 0.086
685 105 36 21 0.085
154 95 11 13 0.084
857 97 17 17 0.084
239 100 11 13 0.082
252 143 16 16 0.082
413 347 14 18 0.082
389 368 11 15 0.082
451 390 13 15 0.082
7 56 7 11 0.081
289 211 12 15 0.081
930 216 15 20 0.081
561 164 14 21 0.080
1010 205 13 15 0.080
528 360 12 15 0.079
550 106 13 15 0.078
282 443 15 15 0.077
184 77 10 14 0.077
43 464 15 18 0.076
19 267 16 51 0.075
835 118 13 16 0.074
670 147 14 17 0.074
160 293 16 17 0.074
20 93 13 15 0.073
65 439 14 16 0.073
814 96 25 15 0.073
109 90 11 17 0.072
384 402 14 16 0.072
82 142 13 16 0.072
28 93 27 14 0.072
264 92 11 14 0.072
317 275 13 16 0.072
43 299 12 17 0.071
78 408 16 15 0.071
824 215 36 27 0.069
605 242 14 17 0.069
1 332 12 26 0.069
661 468 15 19 0.069
593 79 11 85 0.069
46 143 12 15 0.068
785 493 14 17 0.068
484 183 15 17 0.067
614 428 12 47 0.066
924 434 18 20 0.066
561 160 13 15 0.065
0 199 6 17 0.065
642 120 12 15 0.064
610 417 33 17 0.063
152 323 12 17 0.063
168 116 12 16 0.063
192 156 12 16 0.063
766 327 14 16 0.063
463 403 20 18 0.063
383 362 14 19 0.062
0 462 14 21 0.062
132 89 11 14 0.062
695 74 12 14 0.061
83 151 11 15 0.061
460 389 15 17 0.061
1006 336 12 18 0.061
739 106 29 13 0.059
134 108 12 14 0.059
669 276 27 20 0.059
947 88 17 17 0.059
828 265 17 20 0.059
567 410 18 18 0.058
208 99 13 16 0.058
193 162 10 15 0.058
273 373 14 16 0.057
455 109 13 22 0.057
273 83 12 14 0.057
30 263 12 16 0.056
140 110 13 14 0.056
532 233 16 19 0.056
956 253 14 18 0.055
453 328 15 17 0.054
534 486 14 15 0.054
944 96 14 17 0.054
1004 85 13 15 0.053
460 99 13 14 0.053
60 175 12 14 0.053
945 253 13 18 0.052
789 98 41 16 0.052
284 255 12 15 0.052
176 437 12 15 0.052
815 472 14 18 0.051
467 62 12 14 0.051
725 365 14 18 0.051
351 90 14 19 0.051
585 359 11 14 0.051
528 235 16 20 0.050
993 95 17 18 0.050
127 101 14 14 0.048
249 142 11 15 0.048
580 416 12 16 0.048
586 453 14 16 0.048
475 406 15 17 0.048
787 91 13 15 0.048
18 445 15 18 0.048
400 464 13 16 0.048
443 170 48 19 0.047
536 103 15 16 0.047
338 412 13 17 0.047
693 61 11 14 0.047
211 123 13 15 0.047
627 142 13 15 0.047
564 177 13 17 0.047
889 363 14 18 0.047
405 101 13 17 0.046
226 118 12 15 0.046
315 246 12 23 0.046
257 72 10 12 0.046
631 369 13 19 0.045
926 161 15 19 0.045
47 311 11 18 0.045
68 136 12 15 0.045
842 205 15 19 0.045
541 100 17 18 0.044
376 341 16 19 0.044
413 434 15 18 0.044
110 55 10 67 0.044
742 348 15 20 0.043
953 500 20 12 0.043
765 496 16 14 0.043
904 91 28 17 0.043
644 115 12 16 0.042
100 206 11 16 0.042
19 416 14 18 0.041
64 330 12 14 0.041
247 234 15 16 0.041
367 435 15 18 0.041
224 104 36 23 0.041
942 468 22 37 0.040
863 100 17 18 0.040
393 200 12 14 0.040
278 373 23 19 0.040
34 258 12 15 0.040
543 93 14 16 0.039
620 122 12 16 0.039
660 282 14 17 0.039
73 66 9 84 0.039
112 90 12 24 0.039
520 281 15 17 0.039
415 422 16 19 0.039
453 242 16 19 0.038
623 140 13 15 0.038
830 206 17 19 0.038
208 235 15 21 0.038
101 322 13 21 0.038
267 109 13 15 0.038
607 211 11 14 0.038
391 401 40 21 0.037
452 297 12 17 0.037
274 438 16 15 0.037
188 267 15 16 0.037
520 240 14 18 0.036
368 283 14 17 0.036
720 148 12 14 0.036
728 352 15 18 0.036
476 72 12 15 0.035
640 105 12 16 0.035
22 288 14 17 0.035
163 299 14 16 0.035
443 333 14 17 0.035
895 299 14 19 0.035
665 132 17 20 0.035
74 123 12 17 0.035
70 400 15 17 0.035
390 148 14 18 0.035
670 247 18 18 0.035
555 405 14 17 0.034
893 345 14 16 0.034
540 484 14 16 0.034
38 70 19 56 0.034
804 212 15 15 0.034
340 396 15 17 0.034
887 81 39 34 0.033
497 110 12 13 0.033
677 109 14 18 0.032
0 468 14 23 0.032
859 103 15 17 0.032
305 197 14 19 0.031
174 289 12 14 0.031
276 371 16 18 0.031
980 119 22 22 0.030
755 228 17 19 0.030
158 27 9 11 0.030
293 203 15 20 0.030
417 285 30 60 0.030
508 83 16 14 0.030
456 100 14 16 0.030
470 234 14 16 0.030
58 278 15 18 0.030
691 400 15 26 0.030
706 241 13 18 0.030
366 420 14 18 0.029
676 176 12 16 0.029
412 330 13 16 0.029
153 115 12 14 0.029
311 228 13 18 0.029
650 464 14 16 0.029
913 186 15 17 0.028
313 221 12 62 0.028
407 92 14 28 0.028
325 176 16 18 0.028
388 205 12 14 0.028
925 440 19 22 0.028
932 471 18 20 0.028
467 229 14 17 0.028
451 303 13 17 0.028
454 292 12 17 0.027
185 399 16 18 0.027
101 412 13 14 0.027
526 418 15 18 0.027
851 208 14 18 0.027
464 99 14 15 0.027
611 210 17 17 0.027
250 289 19 16 0.027
940 104 14 20 0.027
561 408 21 17 0.027
562 436 13 16 0.027
613 107 14 16 0.026
916 206 18 22 0.026
746 344 12 18 0.026
124 368 14 40 0.026
902 81 13 13 0.026
21 295 13 15 0.026
63 361 10 14 0.026
958 85 12 13 0.026
928 112 18 18 0.026
392 140 15 19 0.026
385 155 15 16 0.026
825 189 16 20 0.026
333 57 11 14 0.025
661 109 21 58 0.025
77 156 12 14 0.025
247 255 12 61 0.025
940 92 16 16 0.025
390 124 16 20 0.025
674 244 18 19 0.025
84 284 13 17 0.025
130 88 11 21 0.025
796 222 16 23 0.025
247 416 17 18 0.025
286 440 15 17 0.024
798 431 26 72 0.024
927 155 15 18 0.024
39 466 17 20 0.024
520 105 13 16 0.024
455 317 15 24 0.024
213 71 13 19 0.024
862 89 17 17 0.024
458 305 18 17 0.024
405 343 13 17 0.024
17 412 15 17 0.024
646 139 12 16 0.023
553 98 15 21 0.023
614 438 13 22 0.023
583 503 14 9 0.023
571 109 14 19 0.023
56 150 11 14 0.023
174 188 11 13 0.023
380 311 42 54 0.023
356 107 16 22 0.023
953 257 15 19 0.023
952 85 14 14 0.023
234 98 10 13 0.023
42 78 11 13 0.022
465 387 14 18 0.022
1013 260 12 23 0.022
850 440 20 21 0.022
609 243 16 18 0.022
195 317 12 16 0.022
580 454 19 18 0.022
966 94 16 22 0.022
383 377 16 19 0.022
444 80 11 15 0.022
62 442 12 15 0.022
202 444 15 15 0.022
924 501 22 12 0.022
362 121 12 15 0.021
632 89 11 14 0.021
30 149 16 18 0.021
655 53 12 14 0.021
349 346 13 16 0.021
622 104 15 26 0.021
455 213 13 15 0.021
78 313 14 16 0.021
386 357 13 69 0.021
503 75 11 12 0.021
49 134 12 15 0.021
692 161 15 18 0.021
761 283 13 16 0.021
860 213 14 18 0.021
689 495 28 15 0.021
1017 289 8 18 0.020
519 407 33 31 0.020
843 235 15 17 0.020
483 75 14 15 0.020
288 374 17 18 0.020
226 386 18 22 0.020
297 382 15 18 0.020
639 140 16 16 0.020
462 351 14 18 0.020
124 373 12 18 0.020
86 412 16 15 0.020
85 76 13 14 0.020
1014 126 10 23 0.020
623 211 15 18 0.020
17 431 18 25 0.020
695 502 21 11 0.020
876 90 56 17 0.020
416 432 22 20 0.020
70 125 10 13 0.020
107 72 12 13 0.019
47 390 13 17 0.019
684 151 17 18 0.019
655 283 17 22 0.019
919 153 22 32 0.019
45 471 16 18 0.019
547 354 14 16 0.019
283 361 14 17 0.019
1004 426 14 17 0.019
903 168 15 18 0.019
892 295 14 18 0.019
136 179 10 14 0.019
776 461 18 23 0.019
249 501 14 11 0.019
128 62 12 75 0.018
928 291 17 18 0.018
37 356 12 15 0.018
108 479 14 17 0.018
527 143 13 18 0.018
658 103 14 16 0.018
410 438 14 17 0.018
285 455 14 18 0.018
690 424 15 17 0.018
200 503 14 9 0.018
456 120 14 17 0.018
912 501 18 12 0.018
19 424 17 64 0.018
11 95 10 12 0.018
87 95 13 15 0.018
503 218 15 17 0.018
546 318 12 15 0.018
838 118 25 17 0.018
1016 380 9 19 0.018
37 173 12 16 0.018
910 181 15 18 0.017
110 244 13 16 0.017
45 368 15 18 0.017
854 219 16 19 0.017
824 178 16 21 0.017
541 500 17 11 0.017
924 230 14 18 0.017
246 411 15 18 0.017
367 408 16 18 0.017
433 455 15 20 0.017
435 89 15 16 0.017
403 358 13 16 0.017
245 98 11 15 0.017
585 359 16 21 0.017
2 455 19 22 0.017
367 463 14 16 0.017
945 190 15 19 0.017
587 356 10 12 0.017
517 411 17 19 0.016
387 398 15 18 0.016
393 324 31 31 0.016
13 320 12 16 0.016
277 442 15 16 0.016
190 48 8 14 0.016
164 89 39 87 0.016
457 216 14 16 0.016
130 265 14 16 0.016
731 165 15 17 0.016
168 282 15 16 0.016
667 255 15 24 0.016
62 171 13 20 0.016
540 365 17 15 0.016
257 229 14 17 0.016
635 431 17 18 0.016
835 274 15 34 0.016
946 169 13 17 0.016
1008 416 12 18 0.016
1015 238 10 17 0.016
411 98 17 17 0.015
193 168 9 13 0.015
745 353 13 19 0.015
563 454 13 16 0.015
1012 465 14 19 0.015
96 360 15 18 0.015
604 394 12 16 0.015
626 413 16 22 0.015
196 151 12 15 0.015
681 314 16 19 0.015
703 89 27 24 0.015
290 51 9 11 0.015
641 406 15 18 0.015
378 395 17 18 0.015
47 172 26 15 0.015
552 394 13 32 0.015
963 202 15 18 0.015
512 415 19 20 0.015
937 160 16 20 0.015
563 199 18 44 0.015
516 87 13 15 0.015
178 261 12 16 0.015
68 442 18 17 0.015
33 283 13 20 0.015
267 467 14 16 0.015
1000 500 20 11 0.015
822 187 15 18 0.015
408 353 13 17 0.015
711 246 14 18 0.015
499 90 13 44 0.014
368 85 13 14 0.014
659 146 20 22 0.014
352 501 17 11 0.014
694 321 16 16 0.014
413 92 18 15 0.014
352 110 13 19 0.014
792 104 15 21 0.014
330 61 11 15 0.014
21 122 12 14 0.014
442 83 15 20 0.014
848 273 13 21 0.014
883 330 16 17 0.014
346 382 17 19 0.014
315 462 12 17 0.014
189 144 13 21 0.014
10 322 14 20 0.014
448 244 30 20 0.014
1001 492 21 20 0.014
0 496 13 14 0.014
477 80 13 17 0.013
485 203 12 16 0.013
48 262 14 15 0.013
59 437 14 16 0.013
685 238 19 19 0.013
49 262 17 23 0.013
257 132 15 17 0.013
221 383 15 18 0.013
1011 132 13 22 0.013
998 259 14 18 0.013
103 332 13 17 0.013
131 420 15 18 0.013
626 219 14 15 0.013
1013 152 12 22 0.013
20 450 17 21 0.013
664 498 18 12 0.013
193 321 12 15 0.013
806 344 12 17 0.013
735 61 12 15 0.013
789 292 14 16 0.013
710 250 17 26 0.013
1012 243 11 48 0.013
995 106 17 20 0.012
849 266 14 19 0.012
1006 335 15 29 0.012
100 225 11 14 0.012
414 396 15 17 0.012
699 498 22 15 0.012
670 60 15 16 0.012
712 121 12 16 0.012
671 160 13 18 0.012
589 360 27 15 0.012
677 314 16 26 0.012
321 281 14 16 0.012
522 425 18 23 0.012
134 473 15 19 0.012
0 389 8 15 0.012
955 491 18 20 0.012
995 325 15 18 0.012
287 46 12 34 0.012
680 145 15 21 0.012
306 110 11 15 0.012
976 476 14 19 0.012
369 486 16 19 0.012
336 417 13 16 0.012
67 504 15 8 0.012
929 432 19 46 0.011
3 351 13 16 0.011
835 95 21 14 0.011
679 125 14 17 0.011
440 461 13 17 0.011
235 356 14 18 0.011
262 145 14 16 0.011
289 458 15 20 0.011
241 292 11 15 0.011
1016 306 9 18 0.011
678 303 16 24 0.011
186 147 12 15 0.011
1011 452 13 44 0.011
644 124 14 17 0.011
738 362 14 18 0.011
787 126 13 16 0.011
225 403 14 17 0.011
281 500 14 12 0.011
46 132 12 14 0.011
306 401 16 17 0.011
508 78 12 14 0.011
719 413 17 19 0.011
341 146 16 19 0.011
1011 115 12 21 0.011
310 233 16 25 0.011
803 227 16 21 0.011
434 92 15 23 0.011
531 277 14 19 0.011
348 320 18 36 0.010
128 485 16 21 0.010
693 420 15 18 0.010
884 83 14 19 0.010
660 356 15 18 0.010
359 436 17 17 0.010
370 274 13 17 0.010
89 88 14 23 0.010
665 299 16 18 0.010
375 382 16 18 0.010
603 451 16 16 0.010
732 456 17 23 0.010
1007 79 13 16 0.010
555 357 14 17 0.010
587 439 15 18 0.010
428 473 14 17 0.010
128 85 14 35 0.010
90 159 14 15 0.010
684 304 14 22 0.010
192 150 13 14 0.010
745 477 11 15 0.010
547 312 13 18 0.010
480 86 12 16 0.010
