7_Cheering_Cheering_7_536
73
998 241 26 38 0.807
329 306 28 34 0.763
732 282 60 76 0.759
516 334 39 61 0.733
312 221 31 35 0.722
728 226 39 40 0.702
206 224 24 29 0.700
216 263 31 32 0.690
334 260 27 34 0.690
254 312 25 32 0.687
460 271 27 34 0.679
932 294 39 39 0.659
243 232 29 34 0.655
894 244 33 38 0.635
514 260 39 44 0.628
848 279 35 43 0.613
0 342 17 36 0.589
0 231 23 31 0.581
644 260 43 44 0.574
176 254 28 34 0.554
878 258 36 38 0.525
127 320 25 34 0.336
99 242 27 30 0.274
135 231 27 34 0.265
511 277 45 69 0.250
89 358 23 28 0.156
602 247 31 33 0.143
124 311 28 30 0.126
316 227 35 46 0.094
59 236 28 32 0.093
131 334 21 25 0.090
460 266 66 41 0.079
251 239 29 41 0.075
227 235 36 44 0.045
714 285 61 67 0.044
30 245 21 23 0.041
265 259 26 31 0.041
844 251 34 40 0.040
24 236 34 32 0.039
45 227 36 31 0.034
269 251 23 29 0.033
397 247 31 37 0.031
876 266 24 28 0.029
1017 345 7 38 0.027
83 316 21 25 0.025
41 222 26 32 0.024
476 227 28 32 0.024
68 241 23 30 0.024
595 291 32 38 0.022
561 255 28 38 0.021
839 260 37 46 0.021
259 265 28 35 0.020
1012 335 12 53 0.018
697 291 33 46 0.017
539 253 53 50 0.016
1002 355 23 62 0.015
1014 354 13 25 0.015
833 275 41 51 0.015
134 245 28 34 0.014
313 234 24 27 0.013
121 232 39 43 0.013
1000 382 24 46 0.013
623 245 44 45 0.012
503 269 23 28 0.012
905 244 23 28 0.012
596 239 29 34 0.012
603 258 30 34 0.011
1 258 21 36 0.011
214 229 40 44 0.011
501 265 39 42 0.011
258 277 22 27 0.010
4 342 23 36 0.010
1 277 22 34 0.010
