7_Cheering_Cheering_7_334
24
707 290 43 57 0.901
803 143 43 56 0.900
374 238 48 61 0.892
644 374 44 60 0.890
567 176 42 55 0.889
292 304 43 56 0.889
509 339 47 60 0.888
194 280 49 59 0.884
461 122 42 57 0.883
497 243 44 59 0.880
613 255 44 59 0.877
680 173 46 51 0.875
301 201 43 56 0.874
778 283 43 57 0.874
399 351 44 56 0.867
167 134 46 61 0.863
841 6 9 12 0.563
1016 151 9 14 0.460
384 165 23 28 0.285
1017 147 7 13 0.130
751 49 10 11 0.079
630 42 15 17 0.063
721 58 8 9 0.029
886 165 9 12 0.021
