7_Cheering_Cheering_7_462
31
552 128 65 100 0.852
1 545 17 41 0.814
821 366 33 45 0.724
66 553 30 49 0.716
361 593 35 66 0.712
275 359 37 43 0.668
199 367 30 39 0.643
718 335 23 44 0.586
60 421 27 35 0.346
183 392 25 36 0.327
146 373 31 35 0.176
386 375 21 33 0.172
890 505 22 36 0.086
1003 267 21 67 0.083
93 419 25 29 0.082
392 322 29 42 0.068
153 372 40 46 0.038
985 258 39 76 0.032
11 421 22 26 0.030
265 354 34 44 0.026
0 394 9 23 0.020
169 450 36 48 0.017
407 429 42 66 0.015
215 382 28 39 0.015
47 460 22 28 0.013
214 410 29 42 0.013
814 384 24 37 0.013
0 468 6 30 0.012
28 430 18 23 0.012
1011 283 13 52 0.011
146 384 22 26 0.011
