7_Cheering_Cheering_7_469
44
575 341 91 110 0.818
904 652 43 53 0.788
997 590 26 56 0.642
998 943 26 82 0.604
290 709 23 27 0.384
218 812 20 24 0.368
142 826 20 25 0.297
265 801 19 24 0.291
148 775 20 24 0.263
740 681 30 35 0.197
69 707 21 30 0.162
219 769 21 26 0.159
99 841 21 26 0.152
119 883 18 21 0.119
178 812 24 29 0.107
2 684 17 24 0.100
215 775 24 30 0.088
783 710 28 34 0.074
106 837 24 30 0.051
263 766 20 26 0.045
304 756 17 21 0.043
211 801 80 33 0.041
169 818 28 26 0.034
211 786 24 30 0.034
999 952 26 47 0.032
831 669 31 40 0.030
296 755 27 32 0.029
115 810 18 23 0.028
467 726 24 29 0.028
110 857 23 34 0.023
114 835 27 32 0.022
211 815 25 27 0.021
265 829 20 34 0.020
852 677 31 39 0.019
123 814 25 26 0.019
470 738 28 32 0.019
467 715 23 29 0.016
1000 943 23 40 0.016
65 691 22 29 0.016
255 804 23 26 0.015
743 732 34 43 0.013
245 770 25 26 0.013
181 800 23 27 0.012
339 756 19 24 0.010
