7_Cheering_Cheering_7_171
666
611 237 13 18 0.848
349 270 16 21 0.827
425 310 17 23 0.827
384 405 19 25 0.819
96 159 18 21 0.817
292 269 16 23 0.811
475 205 13 18 0.809
161 30 13 18 0.806
57 83 14 19 0.803
201 34 13 16 0.800
658 211 12 16 0.795
441 144 12 16 0.794
437 282 16 21 0.793
462 228 15 19 0.787
651 246 13 18 0.787
929 262 13 16 0.786
629 227 13 17 0.781
511 259 14 19 0.778
275 89 13 18 0.777
329 2 12 15 0.775
1009 267 11 15 0.774
554 294 16 19 0.774
349 237 14 20 0.774
321 241 16 22 0.774
222 61 13 17 0.773
554 218 13 18 0.771
263 184 13 18 0.767
753 209 14 18 0.767
339 318 15 20 0.766
189 0 12 13 0.765
133 171 16 19 0.765
602 260 15 19 0.763
881 294 12 17 0.763
636 205 12 15 0.762
291 75 12 16 0.762
155 150 14 16 0.762
810 181 11 15 0.761
522 207 15 20 0.761
149 114 17 20 0.759
811 163 12 16 0.759
877 171 12 16 0.759
774 164 12 15 0.756
391 252 13 17 0.756
727 285 14 17 0.756
974 297 13 18 0.756
330 54 14 17 0.754
640 299 13 17 0.754
131 143 14 18 0.753
926 234 11 16 0.753
60 60 15 19 0.752
386 65 13 16 0.748
650 76 11 14 0.747
570 132 12 17 0.747
954 241 11 15 0.747
690 248 15 19 0.747
516 105 12 15 0.743
752 258 14 17 0.743
473 181 14 18 0.742
602 220 13 15 0.740
419 147 14 19 0.737
620 295 14 19 0.737
471 26 11 14 0.735
400 155 13 17 0.735
490 67 13 16 0.733
533 242 14 20 0.733
359 52 13 17 0.732
623 69 12 15 0.732
498 158 15 19 0.732
954 327 13 17 0.732
618 87 12 15 0.730
535 188 13 17 0.730
33 161 14 19 0.729
157 205 15 20 0.729
497 215 13 16 0.729
991 307 13 17 0.729
736 84 10 14 0.727
580 250 13 17 0.727
959 278 12 15 0.727
303 0 12 14 0.725
585 159 13 16 0.725
796 197 13 17 0.723
289 39 14 19 0.722
489 125 14 17 0.722
861 226 11 14 0.722
23 388 17 22 0.721
510 129 12 16 0.720
792 169 12 15 0.720
305 218 15 19 0.720
901 325 12 16 0.720
462 129 13 18 0.718
514 32 12 16 0.717
596 45 10 13 0.715
507 186 13 17 0.715
327 80 11 16 0.713
500 237 14 18 0.713
0 82 10 16 0.711
87 90 15 20 0.711
478 81 12 16 0.711
425 109 13 17 0.709
386 122 13 17 0.709
998 244 10 13 0.709
423 63 13 17 0.708
618 155 13 16 0.708
594 181 11 15 0.708
445 77 12 15 0.706
937 217 11 14 0.702
551 262 14 18 0.702
892 366 16 17 0.702
365 10 11 15 0.701
586 297 14 17 0.699
105 68 13 16 0.695
572 47 10 13 0.694
525 66 12 15 0.694
419 17 12 14 0.692
363 29 12 16 0.692
118 4 14 19 0.690
103 117 13 17 0.690
761 118 11 15 0.690
20 78 16 19 0.688
614 186 13 16 0.688
478 47 11 14 0.686
635 107 12 16 0.684
722 108 10 15 0.682
722 307 14 19 0.682
603 84 12 16 0.681
540 168 13 15 0.681
747 236 12 17 0.681
906 250 13 16 0.681
635 331 14 19 0.680
460 102 11 14 0.679
689 92 12 14 0.675
743 137 11 14 0.675
963 261 11 14 0.675
665 142 11 14 0.673
727 157 12 14 0.673
239 43 13 14 0.671
597 135 12 15 0.671
872 196 11 13 0.671
4 11 14 16 0.671
661 87 12 15 0.667
885 225 12 16 0.667
53 17 14 17 0.665
754 316 12 17 0.663
176 10 11 15 0.661
554 245 14 18 0.661
708 253 14 17 0.661
718 134 11 15 0.660
346 96 13 17 0.652
401 108 12 15 0.650
742 120 11 13 0.650
752 175 11 15 0.648
546 101 12 16 0.646
682 80 11 15 0.640
715 233 12 16 0.640
632 181 12 16 0.638
485 101 12 16 0.634
978 267 11 14 0.622
529 42 11 14 0.619
809 132 10 13 0.619
66 141 15 18 0.615
645 50 10 12 0.613
157 93 14 19 0.613
552 124 13 18 0.611
386 332 13 17 0.607
985 370 14 16 0.607
492 34 10 13 0.603
936 329 11 16 0.603
452 212 14 17 0.601
272 306 14 20 0.601
284 380 13 20 0.597
295 16 13 16 0.594
588 69 11 13 0.594
761 105 10 14 0.593
726 191 13 16 0.588
249 25 14 17 0.586
1015 322 10 17 0.580
139 -1 12 13 0.578
668 189 12 15 0.578
942 273 14 19 0.578
668 59 10 13 0.571
453 47 11 14 0.563
696 194 11 14 0.563
855 211 10 14 0.563
855 290 12 17 0.560
385 29 12 15 0.558
652 163 13 15 0.554
270 68 12 15 0.550
645 92 12 16 0.547
756 163 10 14 0.545
853 174 11 15 0.543
331 28 12 14 0.539
240 78 13 17 0.532
155 6 13 17 0.530
607 3 10 12 0.521
820 405 18 25 0.519
222 7 13 19 0.508
700 232 13 16 0.497
559 58 12 14 0.493
722 215 13 15 0.493
414 188 13 15 0.490
884 249 12 15 0.488
469 64 12 15 0.486
784 142 11 15 0.475
697 131 13 18 0.473
699 277 13 17 0.466
992 287 12 15 0.457
417 40 12 13 0.455
687 69 10 12 0.442
1000 355 13 16 0.440
902 215 10 13 0.431
244 61 12 15 0.427
446 57 11 13 0.423
379 199 13 16 0.423
951 363 13 15 0.423
314 89 11 15 0.416
344 215 18 20 0.412
975 246 11 13 0.408
852 322 15 17 0.408
784 190 13 16 0.405
819 147 10 13 0.403
800 147 11 14 0.401
782 312 13 20 0.399
785 126 11 14 0.393
224 0 13 16 0.388
580 211 11 14 0.380
432 95 12 15 0.378
700 116 11 15 0.376
126 57 12 15 0.374
748 280 14 15 0.357
457 220 18 25 0.348
126 220 14 20 0.339
390 314 13 19 0.337
88 426 17 22 0.327
560 127 14 19 0.324
697 123 13 19 0.324
75 422 16 21 0.324
251 0 10 10 0.322
696 237 15 21 0.322
100 92 16 19 0.314
448 25 11 14 0.310
595 115 13 14 0.306
996 266 10 15 0.304
420 285 13 17 0.299
1011 318 12 22 0.295
445 23 11 14 0.289
851 376 15 19 0.288
597 181 14 16 0.286
122 414 16 21 0.284
761 111 11 16 0.282
158 8 13 21 0.280
343 125 13 19 0.279
538 172 12 31 0.274
314 93 12 17 0.266
520 37 14 16 0.264
401 204 13 16 0.252
875 217 11 13 0.249
470 55 13 18 0.241
663 134 12 22 0.239
653 132 9 12 0.231
415 59 13 17 0.228
623 284 14 45 0.223
411 186 12 15 0.214
247 20 13 41 0.212
76 423 29 23 0.208
391 19 12 14 0.208
427 60 17 17 0.208
475 28 20 15 0.205
679 179 13 13 0.202
572 247 22 18 0.201
406 192 14 17 0.199
809 130 12 22 0.198
83 30 13 17 0.194
596 123 12 27 0.193
855 173 14 15 0.186
971 264 17 15 0.184
168 416 17 23 0.182
605 230 14 19 0.179
966 223 9 13 0.178
296 65 11 15 0.171
743 281 14 16 0.169
409 188 14 24 0.168
418 98 12 16 0.164
674 26 8 11 0.164
338 218 15 20 0.161
0 79 29 18 0.159
570 107 12 15 0.158
856 152 12 13 0.158
878 220 12 15 0.157
223 -1 28 13 0.154
570 104 10 13 0.148
678 248 31 19 0.148
577 112 14 16 0.146
927 224 12 30 0.145
439 181 12 14 0.144
365 5 11 39 0.142
475 172 12 60 0.141
673 182 14 17 0.141
569 118 12 37 0.138
462 124 14 18 0.135
546 121 17 18 0.135
663 146 12 17 0.134
638 284 13 68 0.131
627 45 9 11 0.128
423 95 14 15 0.128
390 307 13 16 0.128
698 128 18 24 0.128
683 178 14 14 0.127
688 184 15 20 0.127
858 193 11 15 0.124
594 182 33 19 0.123
860 216 11 24 0.122
551 246 14 45 0.121
392 15 10 12 0.121
753 189 13 49 0.121
379 201 31 16 0.121
643 6 10 12 0.119
696 231 13 16 0.117
974 294 28 27 0.115
240 23 13 53 0.114
336 44 14 17 0.113
158 401 14 22 0.112
25 58 14 19 0.110
438 86 13 17 0.107
622 47 10 71 0.105
860 192 11 64 0.105
633 106 11 14 0.101
418 131 15 56 0.101
613 182 20 22 0.100
727 40 9 11 0.100
728 136 10 77 0.099
970 278 16 50 0.098
589 140 12 67 0.095
434 59 23 14 0.095
139 398 15 20 0.094
846 322 15 19 0.094
842 328 11 15 0.093
153 400 15 19 0.092
667 140 12 14 0.092
513 93 11 68 0.090
664 60 11 14 0.089
429 263 16 86 0.087
665 301 14 20 0.085
823 353 13 19 0.085
531 17 10 14 0.084
854 160 11 28 0.084
773 287 13 16 0.084
62 140 14 18 0.083
980 245 12 15 0.082
331 -22 10 69 0.081
315 243 18 22 0.078
952 209 13 66 0.078
562 200 13 17 0.078
297 248 14 20 0.078
969 230 10 24 0.077
498 191 12 73 0.077
420 99 20 26 0.076
13 136 16 22 0.076
720 234 12 16 0.075
125 407 15 21 0.075
419 13 11 13 0.075
692 227 14 54 0.074
675 114 11 12 0.073
855 198 13 19 0.073
782 430 14 20 0.072
555 210 16 20 0.072
819 368 15 21 0.070
658 110 15 94 0.070
821 355 17 36 0.069
346 249 15 101 0.067
784 305 13 19 0.066
738 368 17 21 0.066
1016 330 9 17 0.066
964 301 34 18 0.066
428 37 11 14 0.065
400 63 14 84 0.065
752 156 12 43 0.065
585 169 15 67 0.064
610 226 16 32 0.063
156 409 31 25 0.062
376 197 13 16 0.062
842 366 17 22 0.062
858 172 31 15 0.062
95 402 12 17 0.061
318 100 11 16 0.059
549 75 12 89 0.058
579 157 13 16 0.058
499 135 13 52 0.058
533 122 11 14 0.057
86 2 11 11 0.057
811 175 12 17 0.056
452 16 10 13 0.055
253 258 11 16 0.055
643 115 11 14 0.053
464 28 14 15 0.053
309 100 14 17 0.053
619 70 12 47 0.052
1 182 8 17 0.052
826 361 16 23 0.052
526 181 14 17 0.052
273 29 11 99 0.051
958 368 15 16 0.051
429 43 13 15 0.050
298 61 11 14 0.049
435 254 12 15 0.049
801 413 17 24 0.049
618 129 12 97 0.049
415 14 12 16 0.048
188 -2 49 22 0.046
268 247 11 16 0.046
908 223 12 21 0.046
925 259 13 17 0.045
329 13 13 106 0.045
362 8 11 79 0.045
160 -21 12 88 0.045
449 20 11 67 0.044
249 82 13 18 0.043
113 431 16 21 0.043
501 124 14 94 0.043
703 53 10 13 0.042
576 361 14 20 0.042
519 163 19 81 0.042
111 438 13 17 0.041
875 147 9 92 0.041
375 95 12 18 0.040
131 61 14 18 0.040
562 44 27 32 0.040
223 365 18 29 0.039
120 406 15 22 0.039
630 203 38 32 0.039
910 382 13 17 0.039
252 252 11 16 0.039
812 138 10 70 0.038
7 141 17 24 0.038
617 420 18 27 0.038
99 106 13 106 0.038
113 156 13 18 0.038
1000 211 10 92 0.037
440 18 10 14 0.037
565 24 22 74 0.037
157 0 11 13 0.037
182 403 22 28 0.036
161 92 14 19 0.035
429 177 13 17 0.035
253 243 11 18 0.035
775 136 12 73 0.035
740 348 15 45 0.035
617 66 12 14 0.034
753 372 15 19 0.034
454 203 17 21 0.034
533 13 10 14 0.034
350 125 14 19 0.033
848 351 13 19 0.033
187 397 20 27 0.033
509 205 14 100 0.033
781 140 10 15 0.032
4 147 13 21 0.032
703 56 13 13 0.032
130 221 14 20 0.032
490 83 12 86 0.031
22 149 17 24 0.031
749 369 15 21 0.030
295 261 16 23 0.030
799 418 14 21 0.030
715 63 11 13 0.030
180 135 13 15 0.030
699 283 13 19 0.030
743 348 15 22 0.030
801 400 17 24 0.029
602 43 11 82 0.029
845 434 16 21 0.029
626 5 8 10 0.028
55 168 13 17 0.028
291 14 10 112 0.028
346 208 17 18 0.028
171 130 12 15 0.027
267 366 14 18 0.027
795 362 15 22 0.027
726 43 9 13 0.027
280 374 15 18 0.027
237 21 13 98 0.027
662 240 13 17 0.027
958 222 11 72 0.027
559 210 19 19 0.027
714 189 11 114 0.027
383 334 12 16 0.027
76 430 16 20 0.027
463 74 11 105 0.026
645 60 13 74 0.026
932 404 13 17 0.026
270 369 18 21 0.026
917 363 12 15 0.026
658 243 15 19 0.026
1018 407 7 17 0.026
0 60 8 17 0.025
404 119 13 16 0.025
848 370 16 22 0.025
663 297 14 19 0.025
642 327 15 20 0.025
849 291 13 19 0.025
370 158 11 16 0.025
59 170 13 17 0.024
424 0 10 117 0.024
907 236 11 15 0.024
494 57 12 19 0.024
721 68 11 106 0.024
485 37 11 116 0.023
668 145 11 14 0.023
564 40 11 16 0.023
733 370 15 20 0.023
647 85 58 24 0.023
741 102 27 53 0.023
831 70 8 11 0.023
747 261 19 106 0.023
327 194 12 15 0.023
445 28 11 94 0.023
253 236 13 45 0.022
664 121 13 14 0.022
253 250 18 27 0.022
552 201 13 111 0.022
771 315 19 22 0.022
913 380 16 18 0.022
630 188 44 62 0.022
137 66 14 19 0.022
779 255 13 16 0.022
248 -5 12 11 0.021
753 123 10 104 0.021
327 187 11 17 0.021
251 -2 13 24 0.021
336 33 14 16 0.021
363 5 12 15 0.020
752 309 13 19 0.020
312 75 15 19 0.020
598 55 27 77 0.020
820 225 13 16 0.020
489 101 13 16 0.020
941 227 12 16 0.019
253 -3 10 10 0.019
360 129 12 16 0.019
768 325 14 17 0.019
733 169 14 17 0.019
855 145 10 115 0.019
369 91 11 15 0.019
495 46 13 22 0.019
740 173 11 16 0.019
416 139 15 18 0.019
115 153 14 19 0.019
807 363 19 24 0.019
482 104 13 17 0.019
346 130 16 18 0.019
793 147 21 98 0.018
329 44 15 19 0.018
182 139 10 14 0.018
774 294 16 25 0.018
290 248 16 19 0.018
819 220 11 16 0.018
785 121 11 14 0.018
350 126 23 28 0.018
350 217 18 21 0.018
720 102 17 89 0.017
102 227 14 21 0.017
337 22 12 15 0.017
774 279 15 20 0.017
3 151 12 24 0.017
798 391 15 21 0.017
844 422 23 32 0.017
299 245 23 22 0.017
854 330 16 18 0.017
750 34 9 11 0.017
604 214 14 17 0.017
996 356 14 16 0.017
272 380 24 27 0.017
102 434 24 21 0.017
883 174 12 109 0.016
497 92 14 113 0.016
577 215 12 14 0.016
824 368 16 20 0.016
265 359 13 18 0.016
7 138 13 19 0.016
103 400 37 36 0.016
643 312 13 18 0.015
131 407 16 23 0.015
101 236 12 17 0.015
779 235 12 16 0.015
808 118 12 114 0.015
18 144 15 21 0.015
793 51 9 10 0.015
478 287 12 15 0.015
814 354 16 21 0.015
374 201 15 19 0.015
540 187 14 18 0.014
649 237 15 19 0.014
439 251 11 16 0.014
604 185 12 133 0.014
737 80 12 22 0.014
375 101 14 17 0.014
493 108 13 17 0.014
775 153 15 16 0.014
866 415 19 22 0.014
115 216 16 22 0.014
878 367 13 16 0.014
229 351 17 38 0.014
780 190 12 15 0.014
836 194 11 21 0.014
176 400 21 24 0.014
881 368 17 19 0.014
259 388 15 21 0.013
455 15 10 13 0.013
599 53 13 15 0.013
821 398 16 22 0.013
363 68 14 18 0.013
497 146 14 116 0.013
839 203 11 23 0.013
338 277 14 19 0.013
160 120 14 17 0.013
637 297 17 35 0.013
155 -5 12 9 0.013
908 356 14 17 0.013
698 57 11 134 0.013
718 91 12 15 0.012
475 177 14 18 0.012
809 108 14 55 0.012
813 371 16 22 0.012
906 211 11 13 0.012
741 179 14 16 0.012
758 375 15 18 0.012
951 368 14 16 0.012
230 320 14 23 0.012
163 198 14 20 0.012
83 3 12 16 0.011
876 357 22 26 0.011
559 32 10 15 0.011
954 362 17 16 0.011
325 109 13 18 0.011
733 345 17 19 0.011
977 201 16 113 0.011
745 72 12 141 0.011
916 383 17 19 0.011
366 428 13 22 0.011
422 -11 9 118 0.011
363 135 12 15 0.011
7 155 17 23 0.011
270 37 12 14 0.011
21 87 15 19 0.011
721 15 9 11 0.011
273 60 15 20 0.011
359 78 15 19 0.011
816 223 12 15 0.011
58 16 13 17 0.011
707 292 15 19 0.011
811 123 15 23 0.011
641 155 37 109 0.011
150 95 15 17 0.011
795 369 14 22 0.010
95 420 18 26 0.010
586 86 12 138 0.010
1016 309 9 19 0.010
768 316 17 42 0.010
929 185 10 134 0.010
2 186 12 27 0.010
780 229 13 18 0.010
541 202 28 105 0.010
553 28 10 13 0.010
587 204 13 17 0.010
863 381 16 58 0.010
83 0 15 15 0.010
648 8 10 132 0.010
