7_Cheering_Cheering_7_426
35
308 1011 63 78 0.817
854 1183 36 47 0.766
563 1325 57 67 0.217
503 1004 36 71 0.102
169 1026 11 12 0.085
396 1040 36 62 0.077
113 1015 9 11 0.052
85 1340 53 53 0.050
156 1027 10 10 0.050
729 1224 31 42 0.044
165 1026 12 14 0.043
35 1023 11 13 0.037
235 1351 110 39 0.037
260 1322 87 58 0.035
883 1104 12 15 0.031
913 1198 14 21 0.030
572 1344 95 50 0.029
2 992 14 23 0.025
602 864 71 49 0.024
317 72 9 10 0.024
10 1008 14 21 0.023
27 1019 13 15 0.022
288 1320 88 71 0.020
5 996 16 29 0.019
159 1026 11 12 0.019
174 59 8 16 0.018
19 1015 24 19 0.018
739 1227 22 32 0.018
3 989 13 16 0.017
663 1152 31 42 0.016
9 994 21 48 0.013
721 1308 28 42 0.013
754 115 8 9 0.012
740 1216 21 29 0.011
772 1132 21 36 0.011
