7_Cheering_Cheering_7_530
54
9 106 20 23 0.834
303 163 13 17 0.788
138 141 14 17 0.780
959 212 12 16 0.768
79 134 12 15 0.767
402 29 33 57 0.760
259 176 10 12 0.729
724 144 20 31 0.728
913 233 8 10 0.675
550 195 9 11 0.667
817 175 14 24 0.632
522 188 11 13 0.573
622 110 19 47 0.448
588 218 8 10 0.433
364 183 9 10 0.399
685 189 10 13 0.378
924 243 9 12 0.372
216 186 10 11 0.293
362 185 8 12 0.266
243 190 8 9 0.258
359 195 7 10 0.160
618 117 17 41 0.109
361 192 8 11 0.095
910 232 9 11 0.064
299 180 11 14 0.057
301 171 11 16 0.049
522 250 9 11 0.049
217 189 9 11 0.033
688 189 12 14 0.031
360 247 7 9 0.029
517 200 10 23 0.025
518 248 9 11 0.024
108 168 10 11 0.023
937 290 7 9 0.021
516 205 9 14 0.020
554 194 9 11 0.020
705 196 9 12 0.020
246 189 9 10 0.020
507 261 7 10 0.019
523 217 12 13 0.017
363 193 8 13 0.017
369 180 9 12 0.016
720 148 16 27 0.015
354 182 10 13 0.015
224 184 15 14 0.014
517 185 11 16 0.013
598 211 13 13 0.013
587 215 11 14 0.012
683 194 9 13 0.011
816 183 13 20 0.011
534 266 10 12 0.011
298 173 11 25 0.011
539 260 11 13 0.011
680 180 13 18 0.011
