7_Cheering_Cheering_7_413
49
927 380 57 71 0.886
618 371 38 47 0.875
484 427 61 90 0.874
340 410 47 65 0.865
729 453 83 103 0.855
428 364 29 37 0.850
842 377 36 45 0.849
544 348 30 40 0.847
154 380 34 53 0.830
734 361 30 38 0.820
43 384 36 37 0.817
68 331 22 26 0.811
749 386 50 60 0.809
382 339 16 21 0.806
320 349 21 26 0.786
166 336 22 28 0.784
270 342 27 35 0.758
249 334 14 18 0.735
202 332 12 16 0.707
39 335 21 26 0.686
1005 371 19 47 0.672
351 284 12 15 0.646
342 335 16 21 0.586
493 391 30 38 0.509
11 347 20 24 0.440
2 340 18 25 0.270
334 339 21 25 0.165
994 374 26 45 0.161
316 337 15 18 0.080
410 349 12 17 0.044
493 392 20 28 0.026
425 348 14 18 0.026
704 434 20 29 0.025
149 361 13 17 0.021
536 338 17 22 0.018
184 340 17 23 0.016
406 347 12 17 0.015
-1 362 11 22 0.015
151 370 16 26 0.015
473 335 10 13 0.014
951 370 53 68 0.013
494 397 36 48 0.013
493 332 11 13 0.012
279 341 22 29 0.012
149 372 25 47 0.012
428 343 15 19 0.011
410 350 18 21 0.011
148 375 17 31 0.011
203 359 17 21 0.011
