7_Cheering_Cheering_7_345
120
553 352 24 31 0.787
581 394 26 28 0.779
451 159 26 37 0.773
1 311 20 31 0.772
352 402 24 30 0.769
602 192 27 36 0.751
229 378 23 30 0.731
795 392 24 35 0.721
253 372 23 27 0.640
264 394 24 31 0.620
758 376 22 30 0.581
945 313 18 26 0.569
680 233 17 31 0.521
857 358 22 29 0.509
878 377 21 27 0.494
330 421 17 34 0.468
91 380 17 21 0.431
684 431 17 21 0.371
468 391 19 33 0.363
337 380 16 27 0.337
810 431 20 31 0.297
860 409 15 24 0.269
27 370 17 23 0.228
158 411 20 27 0.218
613 333 21 34 0.196
43 419 16 21 0.165
751 419 14 26 0.150
442 388 21 30 0.149
290 413 20 28 0.143
238 433 19 29 0.140
523 389 18 27 0.130
48 404 17 22 0.115
164 405 25 28 0.113
137 676 14 16 0.095
194 393 22 26 0.094
24 389 18 22 0.088
918 360 20 28 0.083
0 440 9 41 0.082
52 396 15 19 0.079
261 371 19 23 0.078
45 413 16 20 0.076
178 685 11 13 0.075
753 376 17 72 0.073
680 434 18 23 0.068
0 442 8 24 0.062
865 352 19 20 0.059
908 357 22 23 0.052
23 370 15 21 0.049
753 377 22 45 0.045
247 428 16 25 0.045
461 398 21 27 0.045
254 391 36 49 0.044
0 461 12 35 0.044
-1 457 9 30 0.043
152 414 22 28 0.043
924 356 17 24 0.040
234 441 19 24 0.037
438 267 19 32 0.035
473 391 21 28 0.035
880 386 22 28 0.032
612 322 19 31 0.031
758 371 18 25 0.031
32 376 17 26 0.030
750 401 15 29 0.030
899 358 22 23 0.029
37 393 18 22 0.028
272 401 23 28 0.027
338 372 17 23 0.023
674 237 18 27 0.023
912 65 51 54 0.022
619 334 25 41 0.022
92 380 25 26 0.022
140 399 29 36 0.021
870 400 18 24 0.021
610 340 17 25 0.021
862 406 19 29 0.019
19 379 19 27 0.019
87 384 14 18 0.018
175 691 11 14 0.018
687 424 16 22 0.017
793 388 19 25 0.017
178 689 10 14 0.017
434 182 34 36 0.017
441 381 19 28 0.017
771 379 19 23 0.017
129 387 22 25 0.016
624 315 25 38 0.016
613 316 20 25 0.016
32 379 30 59 0.016
746 424 14 23 0.015
204 411 25 26 0.015
6 306 17 26 0.015
256 400 21 28 0.015
199 388 20 24 0.015
1 392 10 22 0.015
136 482 18 26 0.014
894 360 20 29 0.014
188 402 21 24 0.014
609 330 18 24 0.013
691 430 16 22 0.013
619 314 19 25 0.013
94 377 19 21 0.013
330 386 21 42 0.012
447 395 22 27 0.012
871 349 16 19 0.012
168 400 18 25 0.012
434 196 27 32 0.012
180 394 21 25 0.012
477 384 19 27 0.012
510 375 26 32 0.011
431 391 24 32 0.011
920 354 17 20 0.011
220 379 22 27 0.011
524 357 20 26 0.011
164 659 26 60 0.011
444 367 19 27 0.010
51 390 15 18 0.010
528 381 19 26 0.010
751 393 13 25 0.010
609 321 17 20 0.010
