7_Cheering_Cheering_7_391
39
708 176 17 20 0.824
190 439 65 74 0.740
221 348 20 32 0.609
313 326 14 23 0.563
318 656 96 110 0.539
361 356 19 30 0.505
112 270 26 39 0.371
701 289 14 22 0.171
302 364 18 26 0.166
479 339 12 21 0.155
354 363 18 26 0.136
60 404 43 63 0.118
663 269 14 21 0.065
418 316 14 20 0.053
90 389 33 48 0.029
175 451 59 84 0.028
422 316 10 15 0.028
300 686 76 88 0.026
250 703 137 65 0.026
493 171 15 17 0.026
194 344 15 21 0.023
557 281 11 13 0.023
472 164 10 11 0.020
220 360 18 28 0.020
308 367 15 23 0.018
483 328 12 25 0.018
120 272 19 26 0.017
0 568 13 69 0.017
738 375 30 35 0.014
500 112 12 14 0.014
684 309 16 23 0.014
356 327 13 24 0.013
705 287 13 24 0.013
373 356 17 25 0.013
369 305 10 16 0.012
475 165 13 15 0.012
413 322 15 21 0.012
386 327 9 14 0.011
538 335 15 24 0.011
