7_Cheering_Cheering_7_386
143
212 546 45 53 0.823
766 436 31 38 0.816
764 291 32 43 0.811
789 485 34 57 0.715
286 400 16 20 0.663
555 465 43 55 0.654
220 428 16 20 0.646
803 519 37 60 0.646
355 430 19 24 0.603
300 433 24 26 0.581
306 408 15 18 0.580
256 428 18 23 0.530
413 439 21 25 0.528
327 394 15 18 0.405
385 399 19 23 0.388
432 422 18 24 0.368
254 469 30 39 0.329
462 438 21 26 0.316
132 366 21 30 0.302
798 500 38 67 0.275
219 456 27 32 0.257
663 438 32 38 0.250
443 389 16 20 0.223
353 458 26 30 0.205
470 388 15 18 0.188
189 427 19 23 0.188
410 404 15 19 0.180
228 427 18 21 0.180
422 429 23 28 0.166
582 370 16 19 0.158
956 320 29 36 0.135
158 353 14 18 0.133
305 393 18 62 0.128
187 398 14 18 0.107
360 387 17 21 0.104
334 454 21 26 0.104
59 503 45 62 0.101
396 517 42 48 0.099
42 529 38 54 0.096
309 433 21 25 0.096
523 423 20 23 0.086
175 430 20 26 0.085
416 429 24 38 0.085
393 377 14 16 0.082
560 369 16 22 0.080
262 376 15 17 0.079
408 407 27 23 0.074
719 548 39 57 0.074
235 425 20 23 0.072
243 375 16 19 0.066
70 427 21 24 0.060
361 407 17 20 0.058
561 416 31 32 0.056
264 432 18 22 0.055
223 393 15 18 0.054
640 344 28 32 0.053
369 403 23 23 0.052
162 354 13 14 0.051
214 348 12 15 0.051
505 495 32 43 0.050
0 403 14 37 0.048
222 447 21 25 0.048
534 337 12 15 0.045
872 379 42 51 0.044
1005 444 18 34 0.042
255 374 19 18 0.041
365 357 13 14 0.040
197 425 16 20 0.038
543 392 14 18 0.037
151 466 30 30 0.034
363 382 19 22 0.032
271 432 17 22 0.031
178 425 18 21 0.031
580 416 31 38 0.030
45 512 50 66 0.030
152 358 17 19 0.029
52 397 25 32 0.029
435 385 18 22 0.028
330 461 29 32 0.028
1013 399 12 34 0.027
169 438 29 35 0.027
358 455 48 34 0.027
440 383 17 20 0.027
238 380 16 20 0.026
390 468 30 33 0.026
479 382 16 19 0.026
408 407 40 33 0.026
242 401 18 21 0.025
476 388 16 20 0.025
412 396 16 20 0.023
69 390 19 25 0.022
229 400 17 21 0.022
947 510 43 56 0.022
363 350 15 64 0.022
539 352 13 17 0.021
398 374 14 18 0.020
583 465 36 49 0.020
729 557 39 55 0.020
220 438 21 26 0.020
262 357 34 66 0.020
563 418 20 25 0.020
224 458 30 38 0.019
237 367 23 46 0.018
352 570 73 68 0.017
670 404 34 44 0.017
178 414 17 25 0.017
634 342 25 31 0.017
871 373 31 35 0.017
628 337 21 24 0.016
534 405 16 25 0.016
524 416 30 28 0.016
815 521 39 59 0.016
39 545 33 44 0.015
484 378 15 17 0.015
641 346 41 38 0.015
135 361 18 23 0.015
370 548 55 77 0.015
366 370 15 20 0.014
492 489 39 51 0.014
465 447 20 26 0.014
360 356 15 22 0.014
382 406 21 23 0.014
432 414 18 21 0.013
819 409 30 37 0.013
560 361 16 22 0.013
522 396 41 63 0.013
510 373 16 24 0.013
21 390 20 24 0.012
127 374 21 33 0.012
174 455 23 27 0.012
182 385 14 18 0.012
248 401 16 18 0.012
50 405 18 24 0.012
0 376 26 64 0.012
323 388 15 19 0.011
410 450 22 27 0.011
360 439 25 33 0.011
405 381 16 17 0.011
516 378 13 18 0.011
202 344 14 22 0.010
270 380 33 45 0.010
679 355 30 38 0.010
216 385 16 23 0.010
