7_Cheering_Cheering_7_138
32
338 137 52 61 0.865
56 173 43 56 0.865
832 121 56 75 0.864
471 166 49 67 0.859
602 197 46 56 0.848
493 104 55 63 0.843
785 119 48 69 0.832
866 87 47 61 0.816
1011 114 13 68 0.798
295 130 41 50 0.789
217 136 41 47 0.769
195 123 26 35 0.697
392 135 37 51 0.694
107 152 32 38 0.453
92 116 24 26 0.275
0 341 52 92 0.220
536 94 38 51 0.143
146 180 46 52 0.128
852 106 55 75 0.121
281 144 35 42 0.110
177 149 44 54 0.061
278 154 26 35 0.044
109 150 24 28 0.043
396 135 23 29 0.035
145 222 57 62 0.021
286 129 35 45 0.020
380 143 34 44 0.017
801 124 59 76 0.017
313 131 62 55 0.016
284 145 21 32 0.015
287 132 18 27 0.013
114 132 21 26 0.013
