7_Cheering_Cheering_7_118
52
875 283 110 155 0.884
28 287 98 122 0.882
296 226 100 117 0.860
568 238 94 134 0.858
780 212 97 141 0.847
416 225 97 132 0.831
9 225 38 44 0.598
106 209 19 22 0.444
1000 213 19 25 0.172
1008 175 16 24 0.138
852 121 20 25 0.138
211 203 16 21 0.122
877 191 22 30 0.107
271 318 27 35 0.083
825 143 23 32 0.081
763 157 20 26 0.064
224 340 28 36 0.061
238 160 19 23 0.059
1008 106 16 31 0.055
151 208 17 22 0.054
1005 211 18 42 0.053
285 150 16 20 0.053
957 31 21 27 0.052
817 180 22 24 0.049
924 94 24 30 0.036
0 312 18 66 0.036
791 142 17 24 0.035
1004 175 18 70 0.035
384 168 18 23 0.032
934 178 28 35 0.029
46 209 28 41 0.029
26 226 39 42 0.027
877 204 20 26 0.026
1 224 22 80 0.025
1 279 21 57 0.023
184 210 19 26 0.021
1013 23 11 28 0.020
984 135 21 27 0.020
0 253 7 31 0.019
326 196 17 20 0.018
946 202 24 33 0.018
979 166 23 33 0.017
4 228 27 41 0.016
260 322 34 41 0.015
383 114 18 21 0.014
47 185 19 24 0.013
1009 237 15 52 0.013
185 339 17 21 0.012
883 159 23 30 0.012
48 176 25 64 0.011
162 193 22 24 0.011
150 200 21 24 0.010
