23_Shoppers_Shoppers_23_461
28
649 185 19 24 0.816
742 146 21 28 0.801
687 141 20 24 0.761
337 34 73 138 0.614
603 173 14 20 0.575
447 187 11 14 0.208
430 179 15 17 0.197
437 181 19 19 0.153
527 189 14 17 0.122
551 187 13 16 0.102
771 84 12 14 0.062
434 184 14 17 0.060
532 189 14 17 0.051
523 189 43 16 0.039
598 177 16 21 0.036
537 190 13 17 0.031
919 142 13 18 0.024
180 50 35 85 0.015
468 193 13 15 0.014
523 191 12 16 0.013
818 177 14 19 0.013
450 187 12 14 0.013
604 167 14 18 0.013
484 211 17 19 0.012
796 80 10 13 0.012
376 142 19 35 0.011
444 179 11 16 0.011
601 181 16 21 0.010
