23_Shoppers_Shoppers_23_243
25
45 393 16 19 0.685
102 405 16 19 0.654
558 418 32 36 0.646
230 435 7 9 0.135
184 439 8 10 0.121
800 482 12 14 0.066
42 397 16 18 0.042
356 458 8 11 0.035
304 451 12 18 0.030
223 450 8 11 0.028
350 461 10 13 0.025
153 425 12 14 0.024
148 422 12 13 0.023
290 436 13 16 0.023
345 461 11 15 0.021
230 431 8 20 0.021
18 567 7 8 0.020
701 451 25 31 0.019
212 440 8 10 0.018
17 569 7 9 0.018
183 432 9 13 0.018
343 465 10 13 0.015
745 422 31 38 0.014
729 437 19 24 0.014
478 494 19 21 0.011
