23_Shoppers_Shoppers_23_232
42
482 90 22 29 0.788
769 192 8 9 0.479
157 188 15 19 0.279
626 181 5 6 0.190
643 184 6 7 0.121
830 197 8 9 0.114
826 176 6 7 0.077
637 174 6 7 0.075
827 180 5 7 0.069
645 182 6 7 0.062
838 191 6 8 0.061
829 199 6 8 0.057
640 171 6 8 0.056
644 175 5 20 0.049
933 176 6 7 0.037
640 170 5 7 0.037
770 188 7 11 0.035
830 193 7 16 0.035
773 193 8 9 0.032
830 189 10 23 0.031
693 209 6 7 0.031
698 182 5 14 0.029
697 188 5 9 0.025
701 171 6 7 0.021
692 203 6 16 0.019
694 201 6 20 0.019
696 180 5 24 0.018
521 80 8 10 0.017
505 95 13 19 0.017
697 186 5 8 0.016
978 184 7 8 0.012
777 170 7 8 0.012
623 181 6 8 0.012
981 181 6 7 0.012
492 84 20 29 0.012
887 186 8 11 0.012
772 194 14 8 0.012
780 195 9 9 0.012
833 196 7 11 0.011
875 151 10 11 0.011
979 179 9 12 0.010
512 77 17 24 0.010
