23_Shoppers_Shoppers_23_459
242
253 489 10 12 0.723
277 433 7 9 0.667
104 114 16 18 0.636
325 418 7 9 0.624
305 418 7 9 0.622
775 107 7 9 0.619
781 127 8 11 0.615
255 432 7 8 0.597
377 653 6 8 0.560
700 365 7 10 0.530
8 752 14 16 0.528
665 613 7 8 0.455
700 674 6 7 0.431
727 652 6 8 0.384
674 548 6 8 0.376
134 123 11 14 0.374
799 362 5 7 0.372
469 750 6 7 0.372
801 122 7 9 0.345
887 482 9 11 0.333
49 128 11 17 0.325
623 616 8 10 0.304
689 593 6 6 0.299
221 410 8 9 0.254
376 128 6 8 0.222
362 344 7 7 0.217
129 550 11 13 0.217
338 136 7 9 0.216
36 106 10 14 0.199
308 135 8 10 0.198
153 494 7 9 0.192
626 619 7 9 0.184
77 593 13 15 0.180
724 325 6 7 0.165
468 308 5 8 0.160
15 752 17 15 0.160
762 299 7 8 0.144
621 615 7 9 0.143
689 641 6 9 0.142
553 560 5 7 0.140
673 594 6 8 0.140
761 432 7 9 0.138
165 123 8 11 0.131
49 122 11 16 0.126
449 531 6 9 0.121
753 134 9 10 0.117
459 490 5 7 0.110
552 565 6 8 0.108
789 510 6 8 0.106
305 418 30 9 0.105
358 138 9 9 0.096
625 615 7 8 0.096
554 559 5 17 0.085
702 125 6 8 0.082
683 594 14 7 0.082
552 570 6 7 0.082
88 519 13 16 0.076
813 118 6 9 0.075
446 515 5 8 0.072
819 483 9 12 0.067
672 545 9 12 0.067
447 528 7 10 0.066
761 429 7 9 0.066
761 297 8 15 0.065
491 483 5 6 0.064
666 609 7 14 0.064
621 618 8 9 0.063
469 639 5 7 0.062
705 127 5 8 0.061
660 549 6 8 0.059
275 136 7 10 0.058
450 304 6 10 0.056
652 524 9 12 0.055
255 433 35 10 0.053
339 129 9 15 0.052
222 413 8 9 0.052
796 361 6 8 0.052
372 290 6 8 0.051
820 372 6 8 0.050
749 314 6 8 0.050
757 123 9 10 0.049
171 482 8 10 0.048
671 502 6 9 0.048
601 530 8 11 0.048
2 124 12 19 0.047
446 332 6 8 0.046
735 344 6 9 0.046
699 667 8 17 0.046
552 558 6 7 0.045
82 596 14 14 0.044
459 488 6 6 0.043
75 592 11 14 0.042
501 545 7 8 0.042
778 467 6 9 0.040
13 108 9 11 0.040
884 483 8 11 0.038
681 594 9 8 0.038
836 456 7 11 0.037
493 315 6 8 0.035
346 127 8 8 0.035
599 580 6 9 0.034
458 494 8 8 0.034
700 121 6 8 0.034
144 122 30 13 0.033
238 127 9 12 0.033
711 325 7 9 0.032
496 569 5 7 0.032
33 109 12 16 0.032
101 116 13 16 0.031
563 479 6 7 0.031
812 114 7 9 0.031
255 117 9 11 0.031
308 138 9 11 0.031
456 490 7 14 0.030
322 289 5 6 0.030
653 514 9 23 0.029
373 127 11 11 0.029
277 430 8 10 0.028
601 551 7 10 0.028
671 513 8 12 0.028
472 638 7 8 0.028
131 541 10 13 0.028
490 648 8 8 0.027
110 112 13 16 0.027
361 344 6 8 0.027
501 123 6 8 0.027
780 89 8 77 0.027
500 540 8 16 0.027
457 487 5 7 0.026
253 485 11 12 0.026
890 481 9 12 0.026
445 329 9 17 0.026
319 441 7 9 0.026
835 459 9 12 0.026
189 427 8 10 0.026
450 296 7 20 0.025
675 549 7 8 0.025
428 528 7 10 0.025
54 130 11 15 0.024
612 616 8 10 0.024
204 478 7 10 0.024
395 303 7 12 0.023
660 610 8 11 0.023
202 101 10 15 0.023
447 675 6 8 0.023
341 125 7 8 0.023
770 293 7 8 0.022
437 548 5 8 0.022
319 134 12 9 0.022
206 479 9 10 0.022
385 307 7 8 0.021
306 135 9 16 0.021
249 488 10 14 0.021
603 527 9 25 0.021
469 633 10 22 0.021
743 325 8 8 0.021
656 530 9 28 0.020
511 331 6 8 0.020
653 501 8 16 0.020
40 132 16 17 0.019
392 298 12 22 0.019
444 323 7 14 0.019
607 539 9 12 0.019
495 313 6 8 0.019
666 498 7 8 0.019
436 542 7 19 0.019
237 123 8 12 0.019
467 307 7 12 0.019
467 306 6 27 0.018
237 431 8 10 0.018
607 619 7 9 0.018
15 105 10 13 0.018
744 313 10 24 0.018
749 319 7 12 0.018
810 118 7 10 0.017
774 296 5 7 0.017
125 555 11 15 0.017
275 138 9 11 0.017
654 509 10 42 0.017
555 564 6 9 0.017
735 335 6 20 0.017
690 644 6 8 0.017
805 117 13 22 0.017
492 644 8 14 0.017
799 122 21 9 0.016
670 505 8 25 0.016
251 493 10 13 0.016
648 473 7 13 0.016
500 544 6 7 0.016
495 312 8 11 0.016
470 636 7 14 0.016
768 74 8 10 0.016
850 399 6 9 0.016
387 297 11 25 0.016
318 439 9 14 0.015
72 596 12 13 0.015
479 549 7 8 0.015
445 318 6 24 0.015
652 515 9 10 0.014
219 410 7 10 0.014
667 660 6 8 0.014
668 593 7 25 0.014
178 418 9 10 0.014
203 106 10 12 0.014
137 124 13 15 0.014
480 546 9 21 0.013
344 126 14 7 0.013
297 123 8 10 0.013
515 473 8 8 0.013
920 376 6 8 0.013
85 508 15 20 0.013
493 602 5 6 0.013
38 137 13 15 0.013
774 101 8 12 0.013
677 594 16 7 0.013
670 614 7 8 0.013
664 519 12 16 0.013
478 649 8 7 0.013
601 541 12 23 0.013
550 574 6 8 0.012
449 338 7 15 0.012
684 588 8 9 0.012
511 324 7 19 0.012
512 480 7 8 0.012
389 292 11 27 0.012
488 481 6 7 0.012
388 122 7 9 0.012
685 640 8 9 0.012
905 437 6 9 0.011
506 529 6 8 0.011
238 434 8 9 0.011
691 641 7 15 0.011
373 652 7 9 0.011
724 321 6 8 0.011
836 453 8 10 0.011
696 278 6 8 0.011
407 298 9 15 0.011
555 558 5 7 0.010
34 138 12 16 0.010
505 523 7 17 0.010
191 446 8 9 0.010
319 128 13 20 0.010
