23_Shoppers_Shoppers_23_511
333
56 303 8 10 0.667
291 136 11 14 0.667
385 251 10 12 0.636
530 14 9 12 0.613
615 5 8 9 0.609
243 123 11 13 0.601
345 214 10 11 0.599
747 574 11 12 0.591
450 302 8 11 0.591
650 307 11 13 0.578
294 174 9 12 0.575
419 285 8 11 0.563
503 318 10 14 0.547
233 100 9 11 0.527
716 336 11 13 0.499
325 213 10 12 0.494
199 118 9 11 0.493
15 294 10 12 0.489
853 561 8 10 0.471
98 36 7 10 0.455
749 277 9 12 0.449
131 526 10 10 0.431
64 283 7 9 0.425
483 323 10 12 0.418
709 601 9 11 0.412
484 23 10 11 0.408
220 585 12 14 0.398
12 328 9 10 0.397
476 9 8 10 0.393
75 323 11 12 0.386
162 90 9 12 0.382
465 20 8 10 0.359
916 334 11 13 0.356
272 405 11 12 0.353
247 164 10 12 0.345
561 318 11 14 0.335
852 620 12 16 0.333
371 33 6 7 0.331
162 94 10 13 0.329
125 124 10 12 0.298
845 224 7 9 0.297
753 7 9 10 0.284
675 27 8 10 0.268
140 346 9 10 0.259
825 16 8 10 0.254
560 33 8 9 0.254
622 313 10 13 0.254
48 591 10 12 0.244
756 284 9 12 0.239
284 21 8 8 0.228
860 641 11 14 0.227
362 242 10 11 0.226
732 29 8 11 0.222
181 357 10 12 0.214
497 578 11 11 0.205
481 51 8 9 0.201
95 37 8 10 0.187
900 322 9 11 0.186
655 24 7 9 0.184
932 270 10 13 0.181
854 624 14 21 0.175
292 128 9 41 0.168
337 646 10 13 0.166
817 572 10 13 0.157
191 132 10 12 0.157
759 286 9 12 0.155
894 344 10 12 0.155
695 337 12 16 0.155
717 4 8 10 0.152
330 212 13 13 0.148
606 342 9 12 0.147
48 40 10 10 0.145
960 15 12 15 0.142
469 15 14 10 0.132
238 196 11 13 0.131
842 320 12 14 0.107
738 324 10 13 0.107
475 19 14 16 0.101
201 549 7 10 0.098
831 257 11 13 0.097
560 323 12 13 0.096
847 338 11 13 0.095
492 576 12 12 0.094
337 213 18 12 0.094
787 639 15 18 0.092
14 222 11 14 0.092
826 260 12 13 0.089
562 315 10 11 0.088
846 331 11 16 0.088
355 521 9 11 0.086
755 0 10 21 0.084
326 21 7 10 0.082
83 90 10 13 0.080
786 7 9 10 0.079
830 239 9 11 0.078
181 29 11 11 0.077
17 297 10 12 0.075
268 406 10 13 0.075
213 25 8 10 0.074
742 218 9 10 0.074
626 308 12 13 0.072
340 639 9 12 0.069
163 101 11 13 0.066
137 49 8 10 0.066
171 31 9 10 0.065
326 19 7 8 0.064
559 25 9 21 0.063
695 326 12 16 0.063
173 627 8 10 0.062
154 373 10 13 0.060
655 22 8 8 0.060
799 12 7 9 0.058
450 561 8 10 0.057
162 302 8 9 0.057
297 26 8 9 0.057
126 84 9 12 0.054
4 291 15 13 0.054
588 327 10 13 0.054
643 306 13 13 0.053
376 650 9 9 0.053
467 540 11 14 0.051
845 311 11 50 0.050
442 585 8 12 0.050
218 26 10 9 0.050
761 -2 9 9 0.049
822 261 12 13 0.048
698 332 13 15 0.048
836 256 10 11 0.048
851 625 13 16 0.047
814 225 8 9 0.047
224 27 7 8 0.046
589 333 10 12 0.046
347 475 9 10 0.045
844 586 9 11 0.045
722 336 14 14 0.044
44 40 11 11 0.044
596 536 10 12 0.044
843 325 11 15 0.042
632 355 11 13 0.042
281 231 10 13 0.042
97 70 10 13 0.042
795 5 7 9 0.042
696 321 10 13 0.042
733 197 9 12 0.042
717 330 16 15 0.041
614 2 8 10 0.041
298 20 8 9 0.041
1 289 7 11 0.040
639 301 11 12 0.040
212 26 14 9 0.039
871 340 11 15 0.039
504 577 9 11 0.039
671 368 8 11 0.039
187 29 9 10 0.039
746 626 12 18 0.038
485 573 9 12 0.038
129 92 11 13 0.037
13 598 9 11 0.036
753 574 10 12 0.036
500 639 11 14 0.036
718 -2 8 22 0.035
147 506 8 10 0.035
638 307 12 12 0.034
35 75 12 13 0.034
126 81 9 86 0.033
325 15 9 18 0.033
856 644 13 12 0.032
793 212 8 11 0.032
294 18 13 19 0.032
139 121 10 12 0.031
101 63 11 15 0.031
349 214 9 11 0.031
633 12 7 9 0.030
695 14 10 10 0.030
275 204 11 13 0.030
83 75 12 36 0.029
700 10 13 10 0.029
600 546 10 13 0.029
98 14 9 63 0.029
167 33 8 10 0.029
159 103 11 14 0.028
152 370 10 12 0.028
783 635 14 16 0.028
598 539 10 15 0.027
677 30 9 11 0.027
466 24 8 10 0.027
351 524 8 10 0.027
793 3 11 20 0.027
616 287 17 73 0.027
127 84 10 18 0.027
851 558 9 11 0.027
131 529 9 12 0.027
362 515 11 14 0.026
850 340 14 14 0.026
15 288 11 13 0.026
861 621 11 15 0.026
503 581 9 11 0.026
869 342 28 14 0.026
309 27 9 8 0.026
786 11 8 10 0.026
716 1 9 10 0.025
18 470 8 10 0.025
36 617 9 11 0.025
327 28 8 9 0.024
746 214 9 11 0.024
890 345 10 13 0.024
738 341 10 12 0.024
742 203 10 33 0.024
99 34 8 9 0.023
734 196 11 18 0.023
805 187 7 9 0.023
799 267 9 12 0.023
17 328 9 11 0.023
135 352 9 13 0.023
298 175 10 12 0.023
750 6 9 11 0.023
75 53 9 11 0.023
367 31 7 8 0.022
483 52 8 9 0.022
1 292 8 11 0.022
815 221 8 10 0.022
689 340 11 13 0.022
958 17 9 13 0.022
278 190 12 43 0.022
282 23 11 15 0.022
146 347 8 10 0.021
80 48 11 12 0.021
984 578 10 11 0.021
113 252 7 10 0.021
280 199 15 16 0.021
699 15 9 11 0.021
711 602 11 13 0.020
141 74 37 47 0.020
754 11 8 11 0.020
622 307 28 12 0.020
14 599 10 14 0.020
650 304 13 28 0.020
758 387 8 9 0.019
719 282 7 11 0.019
736 -5 27 45 0.019
428 314 9 11 0.019
188 124 9 13 0.019
359 37 6 8 0.019
705 601 8 10 0.019
722 8 8 11 0.018
744 632 14 17 0.018
331 650 12 9 0.018
71 298 10 12 0.018
358 243 10 12 0.018
628 333 12 12 0.018
785 6 23 15 0.017
160 303 8 11 0.017
843 220 8 10 0.017
327 7 6 38 0.017
603 553 9 11 0.017
307 399 9 12 0.017
95 571 12 17 0.017
463 539 11 28 0.016
762 279 10 14 0.016
784 629 11 12 0.016
285 199 12 14 0.016
616 358 11 13 0.016
582 30 8 11 0.016
455 553 10 12 0.016
823 267 10 12 0.016
250 26 8 10 0.016
17 475 8 9 0.016
724 187 9 11 0.016
132 94 10 14 0.015
183 26 9 11 0.015
900 323 17 15 0.015
619 308 14 28 0.015
98 67 15 15 0.015
709 597 9 10 0.015
54 632 9 11 0.015
269 187 22 41 0.015
80 94 11 13 0.015
127 531 10 11 0.015
126 89 10 33 0.015
597 332 13 21 0.014
22 636 10 17 0.014
132 359 10 11 0.014
6 234 12 15 0.014
71 50 11 12 0.014
503 313 11 14 0.014
854 559 10 10 0.014
228 28 10 10 0.014
303 16 14 24 0.014
779 636 11 13 0.014
89 568 15 16 0.013
165 299 10 11 0.013
740 189 9 57 0.013
506 320 11 14 0.013
735 189 8 12 0.013
719 277 10 14 0.013
248 453 7 9 0.013
701 342 12 13 0.013
250 356 9 10 0.013
365 562 9 10 0.013
143 507 10 13 0.013
201 130 13 13 0.013
242 134 10 13 0.013
817 580 11 18 0.013
338 633 10 11 0.012
33 60 20 44 0.012
618 307 18 12 0.012
139 47 7 9 0.012
133 527 14 20 0.012
288 170 11 13 0.012
133 53 10 10 0.011
349 474 10 11 0.011
90 318 12 12 0.011
366 499 9 11 0.011
177 20 25 30 0.011
721 6 8 9 0.011
324 260 9 11 0.011
801 258 10 13 0.011
703 371 9 10 0.011
340 521 11 11 0.011
752 276 9 11 0.011
837 340 13 18 0.011
442 581 9 12 0.011
572 648 12 11 0.011
730 27 9 11 0.011
244 575 11 12 0.011
81 322 11 13 0.011
570 320 14 13 0.010
73 546 11 12 0.010
351 519 10 11 0.010
21 627 13 37 0.010
572 644 14 14 0.010
367 508 11 12 0.010
336 519 8 10 0.010
