23_Shoppers_Shoppers_23_10
33
63 386 38 49 0.860
469 333 25 33 0.854
278 310 34 45 0.818
638 297 27 35 0.804
1001 336 14 22 0.564
759 325 17 32 0.564
580 315 26 38 0.377
537 304 19 26 0.272
671 300 24 27 0.103
664 305 16 22 0.100
637 104 14 17 0.074
941 36 9 12 0.064
814 38 12 14 0.062
624 110 14 17 0.059
0 370 14 53 0.057
632 106 16 17 0.045
706 301 18 24 0.034
588 304 38 46 0.027
1016 302 7 22 0.023
891 328 15 16 0.022
376 390 8 11 0.021
685 299 36 26 0.021
615 295 17 24 0.019
899 3 13 16 0.017
627 108 18 17 0.016
714 307 15 20 0.015
1013 283 10 63 0.014
1005 341 12 28 0.014
531 344 19 23 0.013
679 303 25 29 0.013
666 306 23 26 0.012
676 295 20 25 0.011
0 383 11 45 0.011
