23_Shoppers_Shoppers_23_91
28
637 119 43 55 0.849
366 229 28 44 0.811
311 266 22 31 0.739
199 205 22 32 0.726
227 309 18 25 0.528
974 238 20 31 0.289
116 267 9 13 0.141
43 260 10 14 0.121
7 254 13 23 0.050
982 235 17 25 0.043
252 296 14 18 0.039
10 261 11 17 0.034
308 242 15 21 0.033
317 240 14 19 0.032
42 265 11 13 0.031
324 235 16 22 0.031
294 244 14 18 0.023
234 300 19 23 0.021
450 255 8 10 0.018
298 243 18 18 0.017
320 271 18 25 0.016
988 228 15 22 0.015
955 212 19 19 0.014
7 242 14 23 0.014
282 248 12 15 0.012
301 238 40 21 0.011
32 261 13 16 0.011
12 235 14 25 0.010
