23_Shoppers_Shoppers_23_43
34
355 237 63 71 0.903
167 234 58 68 0.885
158 399 63 79 0.864
572 147 45 61 0.839
925 201 53 67 0.794
942 122 25 31 0.770
67 148 35 43 0.760
789 135 36 48 0.733
74 214 38 54 0.673
605 125 30 41 0.668
723 343 39 44 0.627
384 138 26 44 0.583
741 186 12 17 0.462
24 148 22 32 0.433
974 123 14 19 0.243
102 153 21 29 0.182
865 147 30 37 0.180
429 396 44 58 0.072
0 479 42 82 0.066
744 188 13 18 0.064
874 152 23 28 0.053
1016 124 8 16 0.048
870 144 21 26 0.039
16 416 77 92 0.038
900 169 50 61 0.027
746 227 17 21 0.024
20 142 35 45 0.023
550 139 19 26 0.022
233 147 23 33 0.017
744 183 18 20 0.015
552 136 24 36 0.015
971 128 18 22 0.014
855 106 14 17 0.012
741 179 12 15 0.011
