23_Shoppers_Shoppers_23_450
41
245 435 18 23 0.748
660 354 20 25 0.706
782 583 20 29 0.345
288 437 16 22 0.195
428 683 20 26 0.165
442 757 18 23 0.147
385 770 16 18 0.133
610 769 16 19 0.100
881 444 17 22 0.062
574 776 19 21 0.047
591 769 37 22 0.044
850 245 13 14 0.044
616 625 15 19 0.040
446 760 22 22 0.039
578 622 11 15 0.037
581 772 28 21 0.029
879 443 14 19 0.029
831 323 10 14 0.029
796 577 22 31 0.026
905 362 12 14 0.025
422 627 14 17 0.024
672 578 18 27 0.023
729 613 20 27 0.022
290 431 18 24 0.021
609 1242 22 26 0.021
317 408 13 19 0.020
380 774 18 22 0.020
346 790 18 21 0.020
677 587 17 27 0.017
855 247 15 14 0.016
304 411 15 36 0.015
857 249 15 18 0.015
606 294 13 16 0.015
617 632 15 20 0.014
753 343 11 14 0.012
680 593 22 30 0.012
853 635 18 23 0.011
848 243 13 27 0.011
538 689 17 23 0.011
655 343 18 33 0.010
573 774 52 20 0.010
