23_Shoppers_Shoppers_23_271
36
499 228 49 67 0.871
601 240 59 63 0.852
18 277 33 38 0.827
266 274 23 28 0.811
166 313 26 25 0.681
923 345 9 10 0.397
866 327 9 10 0.146
972 313 11 14 0.110
373 309 15 23 0.104
52 303 13 19 0.100
788 329 7 9 0.071
163 307 20 23 0.063
839 350 8 11 0.060
971 317 10 12 0.049
856 349 9 10 0.038
866 321 11 31 0.035
945 339 9 11 0.030
872 353 8 8 0.029
369 316 19 21 0.027
846 338 9 11 0.026
964 348 10 12 0.024
293 342 8 9 0.024
971 308 11 36 0.022
838 349 15 12 0.018
975 318 13 13 0.015
313 341 8 10 0.015
974 310 14 15 0.014
844 340 9 13 0.014
963 352 10 12 0.013
1006 285 9 12 0.013
848 347 20 13 0.013
955 350 20 14 0.012
359 336 11 13 0.011
974 307 10 12 0.011
1005 283 14 15 0.010
875 351 8 9 0.010
