23_Shoppers_Shoppers_23_60
61
392 583 15 22 0.786
146 508 22 36 0.742
273 547 12 22 0.605
776 609 10 12 0.524
214 551 16 23 0.482
109 513 16 25 0.461
477 593 12 22 0.333
516 587 11 13 0.312
221 550 18 24 0.304
716 616 8 10 0.299
625 583 14 18 0.287
693 606 10 10 0.249
799 634 7 8 0.210
714 612 10 11 0.157
542 574 11 14 0.134
689 607 10 11 0.097
670 601 10 12 0.092
700 605 11 10 0.071
562 576 14 16 0.071
630 585 14 18 0.065
666 600 14 20 0.057
479 605 10 18 0.055
35 587 15 24 0.048
644 593 13 17 0.047
473 592 12 20 0.044
657 612 11 13 0.041
209 552 15 20 0.039
569 574 13 16 0.035
645 596 19 18 0.033
541 570 10 14 0.030
551 577 16 17 0.029
502 589 11 15 0.028
606 592 19 20 0.027
666 591 33 35 0.026
542 574 16 17 0.026
775 613 9 11 0.025
648 583 13 16 0.022
651 587 11 18 0.021
520 589 12 13 0.020
596 594 12 15 0.019
499 585 12 15 0.019
501 586 18 14 0.019
664 580 24 54 0.019
515 594 11 16 0.018
715 608 10 11 0.017
233 553 13 20 0.017
643 599 14 14 0.017
618 591 14 17 0.016
730 608 9 10 0.016
725 610 14 12 0.015
591 587 13 17 0.015
515 583 11 13 0.015
662 615 10 13 0.014
600 597 15 15 0.014
574 576 15 19 0.014
604 601 12 14 0.013
716 619 10 12 0.012
654 582 9 11 0.012
614 591 27 18 0.012
474 585 12 19 0.011
667 589 11 19 0.010
