59_peopledrivingcar_peopledrivingcar_59_532
71
232 52 22 31 0.801
133 51 21 30 0.781
174 91 20 30 0.742
0 73 23 31 0.740
381 96 16 21 0.702
96 51 22 28 0.699
64 88 24 33 0.694
206 105 21 24 0.688
500 87 17 22 0.646
300 74 19 24 0.633
512 110 16 21 0.611
400 83 17 20 0.490
589 82 17 20 0.486
503 90 18 25 0.260
537 88 16 18 0.200
738 76 21 27 0.200
459 73 17 21 0.180
646 99 16 20 0.164
713 131 13 17 0.163
841 106 9 10 0.160
669 98 14 17 0.152
0 50 15 23 0.124
879 86 11 13 0.080
786 134 13 16 0.078
792 103 11 12 0.070
0 51 9 20 0.050
788 104 14 15 0.043
306 75 18 21 0.043
944 131 9 11 0.038
707 99 13 14 0.037
1001 109 8 8 0.034
554 88 13 17 0.033
816 83 12 15 0.032
711 99 16 15 0.031
722 99 12 16 0.031
374 181 19 24 0.030
698 206 20 23 0.028
546 90 17 17 0.028
419 72 15 19 0.028
354 194 16 20 0.028
489 87 18 22 0.028
713 96 12 68 0.024
782 110 14 16 0.021
297 71 17 21 0.021
581 73 29 24 0.020
982 112 9 8 0.019
579 61 14 18 0.018
730 86 18 21 0.017
291 82 22 28 0.015
291 92 19 23 0.015
451 65 18 25 0.015
531 82 15 19 0.013
0 47 7 18 0.013
81 59 18 25 0.013
817 79 12 15 0.013
859 110 11 11 0.013
842 100 10 13 0.012
706 96 16 25 0.012
986 96 9 10 0.012
464 84 20 20 0.012
379 185 19 24 0.012
580 65 18 25 0.011
726 128 16 16 0.011
704 74 21 66 0.011
626 189 12 15 0.011
536 78 15 17 0.011
411 74 21 21 0.011
473 83 21 21 0.010
767 100 34 19 0.010
544 83 18 20 0.010
741 127 12 16 0.010
