59_peopledrivingcar_peopledrivingcar_59_172
31
651 220 14 17 0.727
845 224 9 12 0.268
866 226 8 10 0.102
427 272 16 18 0.077
896 229 7 9 0.074
351 323 16 21 0.070
917 228 7 9 0.050
879 232 12 12 0.049
875 230 11 11 0.046
890 229 10 11 0.046
860 226 16 10 0.045
833 221 13 16 0.036
864 224 8 9 0.036
432 272 16 18 0.023
650 216 13 15 0.021
655 216 11 13 0.020
347 329 17 20 0.020
956 227 12 15 0.019
437 266 15 17 0.018
840 222 14 16 0.018
458 261 15 18 0.016
885 230 11 12 0.016
424 276 15 18 0.015
831 219 12 13 0.015
425 270 13 17 0.015
863 225 29 18 0.013
1011 220 10 11 0.013
439 264 21 16 0.012
951 230 11 12 0.011
828 220 12 18 0.010
929 228 8 11 0.010
