10_People_Marching_People_Marching_2_173
166
797 513 22 30 0.792
860 515 14 18 0.780
759 498 10 13 0.748
366 497 12 15 0.701
519 502 12 15 0.647
318 488 10 12 0.637
494 504 11 14 0.632
675 535 11 15 0.627
731 504 13 15 0.605
673 504 11 13 0.578
249 493 10 12 0.567
209 484 9 11 0.565
171 490 8 9 0.510
451 496 11 13 0.506
977 491 7 9 0.471
420 498 9 11 0.447
191 485 10 11 0.442
281 496 10 12 0.400
387 495 9 11 0.314
343 491 9 12 0.308
344 488 10 12 0.291
541 496 9 11 0.270
277 494 11 12 0.266
779 514 14 20 0.252
447 496 10 12 0.251
953 508 15 20 0.236
272 493 11 12 0.213
470 503 12 11 0.213
341 496 10 12 0.207
649 499 9 11 0.201
361 495 25 15 0.197
750 543 14 22 0.190
114 488 8 9 0.188
465 502 10 11 0.178
857 499 8 9 0.164
646 498 9 11 0.157
643 497 10 11 0.157
700 516 8 11 0.153
614 507 10 14 0.147
813 498 9 13 0.146
226 478 8 10 0.143
462 500 20 12 0.142
454 497 12 13 0.141
459 497 10 12 0.135
673 496 16 29 0.133
249 490 17 14 0.133
1014 504 9 18 0.128
569 501 11 14 0.127
145 491 8 9 0.118
149 489 12 10 0.118
984 519 16 18 0.113
345 485 10 11 0.111
980 516 15 18 0.110
938 499 12 16 0.108
272 236 8 9 0.108
254 492 25 10 0.104
449 492 25 23 0.098
475 503 10 10 0.096
246 481 22 35 0.095
185 490 9 11 0.092
658 502 27 14 0.091
266 495 15 11 0.091
131 486 8 8 0.090
824 473 11 13 0.089
189 489 10 12 0.086
441 496 9 11 0.086
949 505 15 21 0.085
789 511 22 29 0.085
386 491 9 11 0.081
511 493 11 13 0.077
632 521 9 13 0.077
816 486 11 28 0.074
281 491 10 11 0.074
809 503 14 20 0.073
971 515 26 21 0.068
957 506 14 18 0.067
745 541 15 25 0.065
702 517 8 12 0.064
977 487 8 9 0.062
184 485 11 12 0.054
584 506 13 14 0.054
953 487 22 54 0.052
154 487 8 9 0.052
511 502 18 15 0.052
613 500 16 27 0.051
938 498 9 11 0.048
365 490 15 12 0.047
145 486 9 9 0.045
994 523 11 14 0.045
1014 517 9 20 0.044
130 484 13 14 0.044
255 484 11 11 0.042
856 497 10 14 0.041
168 489 33 10 0.040
572 518 12 13 0.040
412 502 9 11 0.039
696 483 9 10 0.039
234 479 9 22 0.038
697 485 12 14 0.038
568 502 14 18 0.038
179 486 20 15 0.038
822 475 10 18 0.036
294 503 9 12 0.036
565 519 16 15 0.035
171 486 9 10 0.033
127 486 18 9 0.033
224 497 10 13 0.032
228 495 11 12 0.032
422 490 9 11 0.030
655 502 10 11 0.030
648 559 9 12 0.029
508 494 10 12 0.028
288 493 15 22 0.028
575 505 16 23 0.028
134 488 27 11 0.027
695 493 12 22 0.027
139 482 18 23 0.026
635 493 10 11 0.026
971 491 10 11 0.026
997 521 17 17 0.025
540 501 11 13 0.024
996 526 12 15 0.023
728 501 13 16 0.023
813 500 12 18 0.023
294 488 14 20 0.023
373 485 9 11 0.021
561 522 10 14 0.021
436 519 9 12 0.020
638 496 9 12 0.020
283 485 9 11 0.020
696 480 10 24 0.020
544 490 11 16 0.020
609 501 13 17 0.020
309 490 11 13 0.019
512 491 10 11 0.019
283 502 12 12 0.018
375 486 9 11 0.018
636 478 33 61 0.016
340 480 11 13 0.016
306 492 10 12 0.016
136 489 11 15 0.016
1013 526 11 15 0.016
813 472 7 9 0.016
633 516 9 15 0.016
982 504 46 41 0.015
106 483 10 11 0.015
77 485 8 9 0.015
710 488 10 12 0.015
209 488 11 16 0.015
522 493 11 14 0.015
836 242 6 8 0.013
478 492 10 19 0.013
142 497 10 11 0.013
248 482 12 13 0.012
418 492 10 15 0.012
215 497 14 12 0.012
987 526 16 19 0.012
477 497 10 13 0.012
1017 494 7 13 0.011
424 502 10 26 0.011
581 491 47 45 0.011
933 491 9 23 0.011
813 468 9 17 0.011
287 492 27 13 0.011
424 484 8 10 0.011
568 489 11 25 0.010
