10_People_Marching_People_Marching_2_822
27
514 147 73 100 0.883
665 224 88 94 0.874
318 78 80 102 0.868
842 259 16 22 0.778
175 130 31 56 0.755
107 149 16 22 0.741
30 150 19 26 0.733
892 245 18 26 0.504
883 261 14 18 0.335
904 244 15 22 0.331
484 177 10 15 0.283
482 219 7 8 0.251
462 218 6 8 0.243
911 245 11 19 0.124
200 177 10 18 0.056
462 216 13 12 0.042
205 182 9 14 0.041
66 165 10 14 0.035
19 145 22 25 0.028
111 137 12 17 0.026
639 255 16 19 0.021
5 142 10 24 0.020
465 219 29 9 0.020
195 164 14 25 0.019
196 173 12 21 0.011
613 235 13 17 0.011
482 181 10 13 0.011
