10_People_Marching_People_Marching_2_373
746
513 414 38 49 0.895
693 480 46 55 0.877
249 397 41 53 0.873
282 294 36 44 0.873
353 436 48 55 0.867
250 464 40 50 0.866
108 426 41 44 0.864
380 186 29 40 0.864
765 498 41 53 0.862
808 299 36 37 0.861
273 362 40 50 0.854
393 346 37 44 0.852
461 326 37 46 0.852
629 472 40 45 0.850
1002 374 22 37 0.842
259 262 30 37 0.842
224 309 29 42 0.842
884 175 29 33 0.839
71 470 36 48 0.839
969 92 26 31 0.839
770 187 30 37 0.837
619 113 25 29 0.834
21 321 36 41 0.834
756 337 33 38 0.832
672 437 38 44 0.829
911 229 31 35 0.827
871 403 39 48 0.827
367 383 29 42 0.825
144 504 46 52 0.824
153 345 33 38 0.824
169 386 33 40 0.824
264 136 26 35 0.822
698 338 32 40 0.822
568 302 30 39 0.820
979 439 29 35 0.819
758 278 31 34 0.816
313 203 30 41 0.815
955 503 42 51 0.814
840 157 25 29 0.814
346 50 21 25 0.812
695 239 30 35 0.812
55 304 30 39 0.812
336 166 27 33 0.809
981 153 28 32 0.807
165 285 34 50 0.805
184 436 30 45 0.801
863 134 25 30 0.799
943 208 29 30 0.793
693 295 30 33 0.790
575 60 21 26 0.790
632 294 29 38 0.789
967 190 26 30 0.789
49 432 36 40 0.789
757 234 27 32 0.788
355 75 21 27 0.787
54 542 38 37 0.784
792 374 38 43 0.783
991 481 31 39 0.781
186 14 17 22 0.778
984 242 32 36 0.775
122 6 18 21 0.774
91 374 33 43 0.774
320 43 20 24 0.773
994 204 28 31 0.773
695 201 30 33 0.771
412 426 34 50 0.767
853 52 19 23 0.765
815 182 24 30 0.764
268 201 30 32 0.763
553 389 36 43 0.762
291 471 34 42 0.761
839 76 24 28 0.756
316 540 46 34 0.756
381 3 20 23 0.753
622 176 26 33 0.753
765 115 25 28 0.752
847 206 27 29 0.752
769 50 20 21 0.752
929 292 27 33 0.749
847 237 32 35 0.748
521 258 30 34 0.743
405 53 19 22 0.740
270 96 24 33 0.740
656 138 26 30 0.737
994 79 25 30 0.736
796 119 23 28 0.736
182 120 24 32 0.735
102 243 20 26 0.732
547 92 24 29 0.732
285 16 18 24 0.731
875 101 27 30 0.731
119 34 19 23 0.729
913 151 27 33 0.728
242 6 15 19 0.725
498 93 26 35 0.724
304 11 17 22 0.723
158 6 18 22 0.719
334 279 29 35 0.719
919 382 34 43 0.719
51 53 22 27 0.718
136 313 34 40 0.717
826 56 21 25 0.712
808 144 27 30 0.711
639 27 19 22 0.711
728 42 19 23 0.711
613 74 21 27 0.709
728 87 23 29 0.709
627 409 30 41 0.708
699 0 16 17 0.708
396 253 28 33 0.707
657 52 22 25 0.704
37 11 16 22 0.702
478 272 24 28 0.701
711 174 30 34 0.700
928 499 32 42 0.699
926 120 26 29 0.698
478 40 22 27 0.695
775 148 22 27 0.695
669 348 29 33 0.693
563 -2 20 17 0.690
253 164 23 30 0.688
795 19 20 26 0.688
200 98 22 28 0.684
146 43 19 24 0.680
792 67 22 26 0.679
401 298 28 34 0.678
774 88 23 27 0.675
87 188 25 29 0.673
3 8 19 20 0.667
417 99 20 27 0.666
757 27 19 24 0.665
818 89 21 26 0.665
794 271 31 32 0.659
348 325 23 36 0.657
835 476 36 47 0.657
369 43 15 21 0.656
955 285 31 34 0.650
372 107 24 29 0.649
56 224 25 28 0.646
148 102 24 28 0.640
878 272 28 32 0.632
408 24 19 25 0.629
125 383 33 42 0.621
139 132 23 28 0.621
446 286 28 37 0.620
550 47 17 21 0.619
361 11 16 19 0.617
204 261 28 35 0.613
697 26 21 25 0.613
20 80 23 30 0.610
19 375 22 36 0.609
446 42 21 23 0.609
859 294 30 36 0.609
50 258 25 34 0.608
934 73 24 31 0.602
907 266 26 29 0.597
824 510 33 43 0.595
424 51 18 25 0.594
186 63 19 26 0.594
163 69 23 29 0.594
164 188 27 32 0.589
207 229 26 32 0.588
0 200 13 35 0.582
0 44 14 24 0.582
225 541 44 33 0.580
207 201 25 30 0.578
975 551 41 38 0.574
588 373 24 33 0.568
441 556 38 38 0.568
728 4 17 23 0.567
455 13 15 19 0.565
659 17 15 19 0.565
677 136 25 31 0.565
59 351 30 36 0.561
618 34 17 19 0.554
113 52 22 29 0.552
992 130 25 30 0.546
210 65 17 23 0.539
-1 87 20 26 0.536
520 60 19 27 0.530
106 298 24 31 0.515
343 130 19 25 0.513
766 7 19 20 0.508
367 134 26 31 0.505
880 45 19 22 0.499
737 65 18 20 0.497
568 81 17 27 0.493
413 328 27 35 0.491
745 163 23 29 0.489
329 434 29 41 0.489
944 6 15 21 0.486
261 74 23 25 0.478
872 68 23 26 0.475
131 86 23 28 0.468
941 26 14 18 0.455
929 50 17 20 0.449
493 21 17 21 0.447
497 51 19 25 0.447
361 254 24 30 0.439
84 33 17 22 0.427
570 30 17 21 0.427
681 6 15 20 0.418
624 423 31 44 0.409
403 79 23 26 0.388
65 247 25 34 0.387
29 58 18 22 0.374
817 38 18 21 0.368
172 499 31 47 0.367
665 397 29 34 0.345
219 93 20 25 0.343
702 136 18 26 0.331
939 172 25 29 0.331
915 80 17 24 0.329
404 292 31 62 0.324
0 295 20 33 0.323
888 29 17 19 0.318
621 438 33 40 0.316
901 558 30 29 0.311
167 433 40 46 0.305
344 23 18 21 0.299
410 49 22 27 0.297
848 33 16 17 0.293
228 81 20 25 0.286
845 9 16 19 0.284
900 155 42 36 0.284
394 125 20 28 0.282
284 171 21 26 0.277
394 95 18 24 0.273
761 77 21 21 0.270
962 191 45 33 0.268
772 12 17 23 0.264
886 99 23 28 0.261
75 5 20 20 0.245
224 85 20 25 0.242
299 537 41 32 0.239
460 76 19 29 0.236
621 -1 15 15 0.236
453 390 25 36 0.235
903 70 17 22 0.233
225 223 19 25 0.231
20 207 19 25 0.229
308 521 46 47 0.229
622 454 38 46 0.228
734 556 37 31 0.227
780 466 28 34 0.226
234 48 18 24 0.223
44 14 20 23 0.219
213 1 14 17 0.219
823 79 45 28 0.217
237 210 17 24 0.216
269 -4 14 17 0.214
659 0 19 16 0.210
508 7 17 21 0.202
336 102 19 24 0.202
798 125 26 33 0.196
607 328 23 35 0.191
319 157 20 26 0.190
55 436 39 49 0.190
240 102 17 23 0.188
839 228 28 34 0.188
942 11 16 29 0.187
693 137 23 28 0.187
20 -1 16 15 0.186
271 71 23 24 0.184
718 456 33 47 0.184
537 8 17 19 0.183
223 78 19 25 0.183
984 456 37 46 0.183
37 314 42 47 0.180
366 5 38 22 0.175
55 18 17 21 0.166
673 3 24 18 0.166
525 68 21 27 0.163
103 168 19 25 0.160
71 7 18 20 0.155
758 325 42 45 0.155
146 86 27 42 0.155
238 291 19 25 0.152
896 100 17 24 0.152
835 567 41 22 0.150
814 44 17 21 0.148
653 72 20 24 0.147
636 306 44 48 0.147
183 63 41 24 0.146
410 18 16 22 0.146
295 1 18 21 0.145
501 2 16 18 0.145
558 77 33 30 0.143
301 221 17 22 0.141
902 65 20 45 0.139
481 32 22 28 0.139
788 404 31 43 0.137
639 1 13 15 0.136
1013 28 11 22 0.135
624 71 20 26 0.133
1003 136 16 25 0.132
968 449 38 46 0.131
33 55 48 28 0.130
397 425 25 37 0.130
612 16 16 20 0.129
80 190 22 27 0.128
401 127 19 24 0.127
109 381 32 37 0.126
811 146 25 49 0.126
867 49 23 24 0.125
746 3 17 19 0.122
508 27 21 24 0.122
783 70 28 41 0.121
209 210 25 38 0.121
212 98 22 25 0.119
546 84 39 35 0.119
212 26 17 20 0.118
493 3 19 48 0.118
846 15 15 18 0.115
6 290 24 33 0.115
624 447 22 28 0.112
618 -2 16 24 0.110
93 179 23 31 0.110
933 22 17 57 0.109
336 14 18 21 0.109
47 173 24 29 0.109
98 549 36 26 0.108
230 58 18 51 0.108
1015 114 10 22 0.107
761 10 37 24 0.107
840 220 24 28 0.105
517 32 16 21 0.104
634 74 15 22 0.104
313 5 17 20 0.103
671 230 26 31 0.101
115 240 22 32 0.101
303 7 24 20 0.100
72 37 25 26 0.099
226 185 25 41 0.098
800 54 19 25 0.097
63 232 23 27 0.096
476 1 10 14 0.096
932 54 22 31 0.095
279 4 20 29 0.095
688 64 20 26 0.094
51 104 22 32 0.093
532 74 18 23 0.092
664 197 27 39 0.092
505 52 35 65 0.091
834 226 20 27 0.090
355 -1 17 14 0.087
592 362 27 39 0.087
140 2 16 16 0.086
126 73 23 33 0.085
672 563 42 22 0.084
22 56 37 30 0.084
162 180 25 30 0.084
18 57 19 23 0.084
55 356 23 27 0.084
355 33 19 86 0.084
225 180 21 25 0.083
251 373 20 26 0.083
77 -2 21 44 0.081
231 96 28 28 0.079
355 136 22 28 0.079
235 88 20 31 0.078
355 21 20 21 0.078
23 -4 20 20 0.077
340 7 19 20 0.077
276 -1 16 15 0.077
984 325 29 40 0.077
557 249 25 32 0.076
-1 143 12 28 0.073
747 0 13 15 0.072
953 0 13 11 0.070
502 75 22 27 0.070
836 47 31 61 0.069
31 -1 21 14 0.068
839 264 23 26 0.068
99 3 18 19 0.067
206 52 18 24 0.067
121 246 21 31 0.066
558 430 29 37 0.066
862 280 38 44 0.066
583 40 17 22 0.065
26 367 23 28 0.065
0 184 17 24 0.064
764 10 51 30 0.064
226 71 19 25 0.064
272 -1 42 16 0.064
2 257 17 31 0.063
905 88 21 26 0.063
43 178 20 25 0.063
357 294 22 30 0.063
160 251 23 31 0.063
0 149 15 27 0.062
234 297 22 27 0.062
640 71 32 43 0.061
537 305 24 34 0.061
190 212 21 26 0.061
257 354 19 27 0.061
398 319 43 51 0.060
792 2 22 19 0.060
821 17 15 19 0.060
330 286 40 49 0.059
30 155 23 32 0.059
613 -1 16 43 0.058
531 284 25 36 0.058
521 1 14 13 0.058
0 64 9 21 0.058
846 -1 19 15 0.057
649 394 30 36 0.057
178 7 18 22 0.057
606 300 49 53 0.056
805 119 21 26 0.056
1 137 14 62 0.056
2 247 14 33 0.055
877 -2 16 11 0.054
698 -24 18 84 0.054
311 397 23 33 0.054
170 183 24 28 0.054
212 149 20 30 0.054
478 112 21 29 0.052
730 447 29 44 0.052
255 363 29 39 0.052
135 197 23 30 0.052
685 300 27 32 0.052
454 6 28 18 0.051
557 400 40 48 0.051
315 2 17 15 0.051
654 58 22 29 0.050
754 2 20 59 0.050
688 43 20 53 0.050
453 23 21 22 0.049
605 -2 23 15 0.049
106 140 20 24 0.049
200 42 19 24 0.049
545 50 19 24 0.049
64 99 24 31 0.049
43 120 25 32 0.048
1001 492 23 36 0.048
884 53 19 23 0.048
718 64 20 27 0.048
636 90 18 25 0.048
193 264 27 34 0.047
618 -21 14 90 0.047
896 72 19 23 0.047
632 87 18 24 0.046
931 286 41 45 0.046
542 18 21 23 0.045
860 30 14 17 0.045
781 -2 18 14 0.045
411 131 17 23 0.045
908 501 32 44 0.044
345 283 23 29 0.044
297 0 20 15 0.044
605 0 14 12 0.044
252 48 21 26 0.044
708 101 18 24 0.043
193 216 24 30 0.043
90 37 18 22 0.043
622 302 22 28 0.043
618 377 34 64 0.043
96 -2 18 20 0.042
204 190 20 23 0.042
216 264 20 26 0.042
88 0 19 18 0.042
329 99 20 25 0.042
433 93 18 25 0.041
518 2 18 19 0.041
671 552 41 27 0.041
749 154 26 32 0.041
1014 255 11 30 0.041
109 135 20 24 0.040
836 8 19 19 0.040
907 124 31 33 0.040
627 0 51 16 0.039
105 127 23 42 0.039
258 53 19 24 0.039
736 78 21 31 0.039
756 72 20 23 0.038
713 91 21 26 0.038
248 98 18 24 0.038
333 2 31 19 0.038
580 48 20 26 0.038
766 2 17 17 0.038
714 74 20 24 0.038
82 9 15 21 0.037
694 32 20 29 0.037
642 88 22 29 0.037
266 -2 13 13 0.037
227 28 20 26 0.037
425 98 19 26 0.037
916 130 18 22 0.037
484 249 25 25 0.036
60 39 21 25 0.036
738 172 21 28 0.036
444 397 29 45 0.035
560 435 21 25 0.035
779 121 21 26 0.034
182 507 20 32 0.034
411 142 17 31 0.034
552 29 19 24 0.034
373 334 20 28 0.033
418 284 41 44 0.033
335 136 21 24 0.032
739 11 20 20 0.032
153 190 23 28 0.032
335 5 17 23 0.032
112 303 23 29 0.032
683 5 20 23 0.032
148 -3 21 13 0.032
0 131 11 31 0.031
24 214 31 30 0.031
788 0 20 14 0.031
879 255 22 25 0.031
379 329 18 24 0.031
936 2 16 19 0.031
408 127 18 22 0.031
952 69 18 25 0.030
570 378 31 37 0.030
290 382 33 41 0.030
779 140 22 28 0.030
475 29 18 22 0.030
962 24 14 18 0.029
132 135 22 26 0.029
646 176 18 25 0.029
564 248 21 25 0.029
951 287 23 29 0.028
33 133 24 40 0.028
231 16 18 23 0.028
936 -1 11 10 0.028
442 110 18 23 0.027
358 311 22 29 0.027
552 256 23 26 0.027
615 308 17 24 0.026
618 473 31 37 0.026
822 11 15 19 0.026
256 84 20 29 0.026
91 290 26 38 0.026
479 257 23 28 0.026
41 -2 15 10 0.026
480 0 16 22 0.026
334 -1 18 15 0.025
407 134 19 30 0.025
11 211 19 24 0.025
826 12 19 18 0.025
407 14 18 20 0.025
96 167 21 25 0.025
109 293 20 25 0.025
446 267 27 48 0.025
444 -2 16 13 0.025
32 -2 34 17 0.024
775 21 16 23 0.024
501 0 29 14 0.024
275 58 20 25 0.024
497 -19 41 79 0.024
601 0 16 18 0.024
630 395 32 43 0.023
49 99 18 24 0.023
385 97 21 26 0.023
749 88 17 21 0.023
455 252 39 28 0.023
438 0 16 19 0.023
176 4 15 19 0.023
439 3 26 18 0.023
750 -28 28 99 0.022
791 252 24 27 0.022
603 23 18 21 0.022
109 171 18 24 0.022
506 371 31 34 0.022
183 42 19 23 0.022
641 134 18 24 0.021
565 435 33 40 0.021
958 51 20 23 0.021
15 297 20 25 0.021
985 343 37 51 0.021
518 11 18 22 0.021
36 36 18 23 0.021
212 32 21 24 0.021
238 72 17 26 0.021
127 97 19 25 0.021
883 251 16 22 0.021
362 -2 19 16 0.021
973 38 14 19 0.021
832 263 20 26 0.020
302 56 18 22 0.020
476 27 14 17 0.020
903 64 16 20 0.020
174 177 20 25 0.020
3 312 12 25 0.020
651 132 21 30 0.020
95 157 20 25 0.020
637 274 22 26 0.020
53 170 22 27 0.020
108 241 21 26 0.020
600 322 20 26 0.020
160 108 21 25 0.020
390 152 18 22 0.020
590 2 14 16 0.020
946 169 22 25 0.020
440 91 19 25 0.019
21 21 16 20 0.019
768 478 39 55 0.019
36 16 19 27 0.019
0 163 18 29 0.019
972 33 14 18 0.019
71 95 27 32 0.019
560 546 35 30 0.019
770 469 31 36 0.018
938 53 21 24 0.018
413 153 15 26 0.018
180 53 21 27 0.018
726 372 23 36 0.018
236 381 43 47 0.018
516 257 23 29 0.018
158 -4 19 16 0.018
595 36 18 21 0.018
999 53 18 21 0.018
57 212 22 25 0.018
32 148 20 27 0.018
1017 259 7 37 0.017
433 31 16 21 0.017
114 252 22 28 0.017
797 -2 19 13 0.017
344 137 24 26 0.017
844 201 21 28 0.017
392 132 20 34 0.017
201 13 19 22 0.017
23 163 20 28 0.017
799 264 24 28 0.016
85 43 18 23 0.016
71 186 23 29 0.016
77 243 20 26 0.016
10 301 28 31 0.016
958 -3 14 14 0.016
734 406 28 44 0.016
965 21 14 16 0.016
820 30 17 22 0.016
892 539 45 51 0.016
722 182 23 30 0.016
16 259 19 25 0.016
795 417 23 29 0.016
828 2 31 19 0.015
617 58 18 23 0.015
871 -3 16 15 0.015
320 101 20 24 0.015
493 3 44 42 0.015
37 126 21 27 0.015
957 49 34 30 0.015
282 66 19 25 0.015
75 196 21 24 0.015
757 48 17 20 0.015
322 94 20 24 0.015
1 39 14 20 0.015
879 -7 17 17 0.015
197 195 19 21 0.015
37 164 23 30 0.015
631 173 22 29 0.015
902 364 27 35 0.014
702 144 20 26 0.014
1017 11 7 16 0.014
1 138 18 32 0.014
467 80 18 25 0.014
695 48 18 23 0.014
359 284 24 32 0.014
836 553 38 32 0.014
0 515 13 54 0.014
303 18 16 21 0.014
0 531 11 48 0.014
938 182 26 27 0.014
787 419 28 38 0.014
3 308 23 34 0.014
124 241 18 24 0.014
955 298 23 28 0.014
68 1 18 17 0.013
1007 247 19 27 0.013
477 0 30 10 0.013
167 129 19 26 0.013
21 124 19 24 0.013
460 389 20 26 0.013
59 96 21 26 0.013
453 253 23 26 0.013
54 111 24 32 0.013
428 56 18 24 0.013
384 153 22 26 0.013
807 189 21 29 0.013
692 105 20 24 0.013
474 1 29 16 0.013
968 16 18 54 0.012
380 47 18 22 0.012
111 109 21 23 0.012
326 133 16 21 0.012
930 -1 16 12 0.012
11 22 19 20 0.012
289 162 19 25 0.012
222 -3 19 14 0.012
871 128 22 26 0.012
105 153 22 30 0.012
124 166 18 25 0.012
75 46 20 21 0.012
1 126 16 22 0.012
366 165 22 27 0.012
711 117 20 23 0.012
669 194 23 26 0.012
723 301 19 23 0.012
795 50 17 22 0.012
304 541 22 27 0.012
7 130 20 25 0.012
349 118 21 25 0.011
917 190 19 24 0.011
1006 48 16 29 0.011
102 122 30 32 0.011
107 59 21 27 0.011
153 43 19 24 0.011
784 432 31 40 0.011
977 41 14 18 0.011
41 81 16 22 0.011
409 432 24 31 0.011
102 133 22 25 0.011
722 59 18 23 0.011
852 476 32 44 0.011
720 405 34 42 0.011
82 102 22 27 0.011
525 356 28 36 0.011
494 65 17 22 0.011
359 107 21 25 0.011
643 270 23 26 0.010
533 314 28 53 0.010
179 182 20 25 0.010
616 14 15 17 0.010
885 -3 18 12 0.010
1013 152 13 22 0.010
370 321 22 28 0.010
651 125 19 23 0.010
367 258 27 29 0.010
35 -8 17 13 0.010
275 155 22 28 0.010
846 266 23 25 0.010
568 242 35 31 0.010
267 -10 17 16 0.010
988 381 30 46 0.010
263 44 20 23 0.010
164 137 18 24 0.010
903 511 29 36 0.010
461 0 18 14 0.010
536 21 22 23 0.010
677 72 22 27 0.010
727 455 23 29 0.010
143 119 23 28 0.010
650 185 20 24 0.010
