10_People_Marching_People_Marching_2_27
95
705 205 33 37 0.803
363 183 28 34 0.796
914 267 34 44 0.753
832 227 31 37 0.741
860 204 26 33 0.735
575 194 34 40 0.734
485 197 22 24 0.728
212 206 22 25 0.720
433 188 27 35 0.717
538 200 30 35 0.717
915 213 29 38 0.707
646 184 27 34 0.698
610 210 30 35 0.686
789 231 26 31 0.675
264 194 23 29 0.663
306 183 34 36 0.656
206 188 19 22 0.654
39 203 28 38 0.634
651 220 26 31 0.624
18 189 25 31 0.597
988 206 21 38 0.551
519 197 20 26 0.543
130 198 29 33 0.523
0 189 12 28 0.514
159 184 24 30 0.395
762 235 17 25 0.268
205 193 23 28 0.249
894 221 19 27 0.208
883 193 15 18 0.188
125 199 23 28 0.175
886 195 18 26 0.155
538 184 21 24 0.152
125 193 54 35 0.142
304 185 23 27 0.126
707 185 24 25 0.097
421 217 17 20 0.090
772 211 19 25 0.083
883 182 14 18 0.082
885 209 48 45 0.078
343 187 17 25 0.075
260 198 19 25 0.074
73 213 17 25 0.073
423 204 23 30 0.073
886 225 17 24 0.059
969 191 17 27 0.055
638 212 22 27 0.052
122 207 21 27 0.052
480 205 19 23 0.052
572 188 27 35 0.049
964 190 16 24 0.048
349 182 23 29 0.047
870 201 20 27 0.044
470 168 19 23 0.044
782 229 22 28 0.042
167 185 59 26 0.040
818 221 37 43 0.037
973 200 17 27 0.037
933 212 30 34 0.032
323 187 24 29 0.032
820 231 19 26 0.032
982 199 18 26 0.031
29 194 33 41 0.029
539 180 15 17 0.029
200 190 17 22 0.027
66 207 19 27 0.027
341 198 17 23 0.027
521 192 16 20 0.025
815 235 19 25 0.025
278 191 28 30 0.024
901 215 24 30 0.023
417 190 20 25 0.022
303 196 23 26 0.022
160 179 18 21 0.020
965 199 16 22 0.020
272 200 21 28 0.019
65 182 15 22 0.018
173 180 19 27 0.017
0 200 14 35 0.017
568 191 21 31 0.016
904 202 21 25 0.015
641 202 22 32 0.015
881 229 20 27 0.014
264 236 16 21 0.014
907 196 20 23 0.013
115 207 22 26 0.013
613 221 29 34 0.013
17 185 20 26 0.012
775 207 20 24 0.012
333 181 26 33 0.012
860 184 16 18 0.012
121 200 15 24 0.012
983 205 33 49 0.011
478 211 14 18 0.011
941 216 20 25 0.011
768 204 15 20 0.011
