10_People_Marching_People_Marching_2_430
27
632 202 43 52 0.856
416 171 30 38 0.836
768 203 41 47 0.818
914 251 34 43 0.810
286 127 34 40 0.803
163 162 36 40 0.789
213 157 24 28 0.765
60 122 27 32 0.620
535 163 52 63 0.554
90 143 22 27 0.529
304 187 29 36 0.401
267 191 24 28 0.166
362 172 28 33 0.163
593 226 20 30 0.039
239 182 21 28 0.034
336 173 43 39 0.028
54 134 31 36 0.026
47 125 28 36 0.025
374 176 21 25 0.019
72 164 21 26 0.017
357 175 23 28 0.013
69 156 21 27 0.012
838 262 30 37 0.011
72 155 35 41 0.011
72 150 22 26 0.011
373 187 28 34 0.011
109 185 21 24 0.011
