10_People_Marching_People_Marching_10_People_Marching_People_Marching_10_People_Marching_People_Marching_10_162
156
389 307 24 29 0.788
139 273 24 26 0.657
778 90 16 18 0.515
46 310 21 23 0.441
331 270 22 28 0.430
101 290 22 24 0.422
670 295 19 25 0.396
175 268 15 16 0.382
307 270 20 24 0.373
441 295 17 23 0.372
518 275 21 22 0.365
657 40 18 21 0.299
629 49 20 23 0.275
274 293 17 22 0.238
416 227 17 18 0.225
703 287 23 26 0.211
232 286 25 30 0.200
964 204 22 25 0.176
571 79 15 20 0.171
153 267 38 24 0.155
467 267 19 27 0.152
697 278 22 30 0.149
866 126 20 25 0.135
909 21 13 16 0.125
366 270 14 17 0.116
527 279 19 20 0.113
282 219 19 17 0.101
838 323 23 27 0.090
672 137 22 28 0.088
709 293 21 24 0.077
643 308 19 23 0.073
211 264 18 25 0.070
559 236 22 37 0.066
433 283 22 29 0.056
868 81 18 22 0.052
215 267 23 31 0.048
353 271 29 21 0.048
891 48 15 16 0.046
522 129 21 28 0.045
410 111 18 21 0.041
518 283 21 21 0.040
171 262 17 21 0.040
211 261 27 55 0.040
648 298 41 31 0.039
958 189 23 34 0.038
688 257 22 30 0.037
659 83 20 23 0.037
966 213 20 23 0.035
281 292 18 23 0.034
66 302 22 28 0.034
309 272 33 25 0.034
203 266 19 22 0.032
59 314 20 23 0.032
211 259 16 20 0.031
70 316 19 22 0.031
508 278 22 27 0.031
138 282 23 25 0.028
888 86 19 25 0.028
62 294 22 27 0.028
898 98 19 24 0.028
737 241 25 27 0.027
268 284 22 27 0.027
888 49 17 22 0.026
394 224 20 22 0.026
876 78 19 25 0.026
958 94 17 23 0.025
901 103 21 23 0.025
248 281 22 26 0.025
396 226 33 22 0.024
868 135 22 25 0.024
545 96 17 21 0.024
424 276 21 26 0.024
1008 50 16 27 0.024
208 293 17 22 0.024
133 279 22 26 0.024
976 2 24 21 0.024
906 109 17 21 0.023
561 279 20 23 0.023
811 600 24 21 0.022
71 291 23 26 0.022
867 73 35 37 0.021
444 221 12 14 0.020
421 269 19 28 0.020
936 29 19 21 0.019
449 123 18 22 0.019
387 229 17 20 0.019
191 274 17 19 0.019
835 329 21 26 0.019
272 241 13 13 0.019
490 146 19 23 0.018
636 306 21 27 0.018
837 340 18 23 0.018
922 247 28 35 0.018
886 78 16 24 0.018
632 232 22 30 0.017
417 234 17 16 0.017
1009 114 15 32 0.017
907 144 20 24 0.017
949 166 23 35 0.017
332 282 20 22 0.016
834 318 20 25 0.016
191 269 20 19 0.016
653 33 19 26 0.016
567 253 18 25 0.016
687 47 18 21 0.016
495 150 19 23 0.015
497 298 18 22 0.015
1 417 11 28 0.015
635 241 23 27 0.015
47 300 22 28 0.015
798 104 17 20 0.015
512 286 20 23 0.014
497 282 19 24 0.014
660 129 27 34 0.014
882 60 16 21 0.014
176 260 17 20 0.014
425 268 40 33 0.014
773 93 15 18 0.014
405 314 21 24 0.014
122 290 21 25 0.014
839 87 17 20 0.014
618 60 23 29 0.014
754 0 15 14 0.014
571 279 18 22 0.013
528 133 20 27 0.013
853 3 18 19 0.013
806 38 16 22 0.013
241 286 31 29 0.013
804 606 23 18 0.012
387 237 13 17 0.012
530 284 20 19 0.012
297 275 23 25 0.012
627 290 25 28 0.012
561 267 19 26 0.012
606 46 19 28 0.012
943 37 15 20 0.012
559 222 22 37 0.012
40 319 18 22 0.012
602 42 17 23 0.012
832 83 18 22 0.012
398 308 23 27 0.012
227 295 26 29 0.011
40 308 21 23 0.011
111 298 21 25 0.011
505 271 17 23 0.011
732 49 20 26 0.011
338 283 20 21 0.011
860 121 19 25 0.011
636 296 22 26 0.011
752 279 20 27 0.011
45 322 20 20 0.011
725 67 17 23 0.010
1008 156 15 45 0.010
392 235 17 19 0.010
570 267 20 25 0.010
666 87 18 19 0.010
