10_People_Marching_People_Marching_10_People_Marching_People_Marching_10_People_Marching_People_Marching_10_619
114
431 460 15 17 0.754
667 444 13 16 0.662
354 457 8 11 0.586
415 445 8 11 0.532
554 446 16 19 0.488
502 442 10 11 0.479
589 437 14 17 0.466
521 448 14 16 0.462
193 465 12 18 0.460
257 459 12 14 0.442
306 460 8 12 0.427
232 468 11 15 0.355
400 468 9 10 0.341
437 434 8 10 0.337
162 481 14 17 0.331
53 481 13 18 0.259
61 476 11 18 0.252
91 480 14 16 0.239
329 459 7 9 0.238
290 456 12 14 0.233
96 477 14 17 0.194
213 458 12 16 0.170
461 447 10 13 0.164
229 461 12 15 0.157
358 442 8 9 0.152
296 458 18 15 0.146
699 430 13 16 0.144
635 427 12 14 0.132
498 447 10 13 0.118
503 446 34 15 0.110
584 439 15 17 0.096
447 445 15 13 0.096
373 446 8 10 0.096
356 446 8 30 0.095
496 456 10 13 0.093
50 484 12 16 0.093
204 460 15 18 0.092
457 436 12 31 0.092
222 453 12 16 0.078
558 445 21 18 0.073
259 463 12 14 0.073
613 443 13 14 0.071
52 487 12 15 0.070
463 451 10 12 0.069
226 453 12 15 0.066
225 465 15 16 0.065
600 439 16 16 0.065
88 483 11 15 0.064
458 433 8 27 0.062
576 442 16 17 0.062
679 415 13 17 0.058
458 434 8 9 0.057
532 449 15 17 0.053
169 482 11 16 0.053
157 481 14 16 0.050
208 457 13 16 0.049
395 446 11 13 0.046
599 432 12 15 0.045
454 432 10 12 0.044
539 452 14 15 0.044
458 435 9 12 0.044
784 417 12 14 0.043
516 450 14 15 0.041
434 449 16 28 0.040
51 475 15 19 0.039
268 455 12 14 0.039
106 482 11 16 0.036
439 446 16 19 0.036
415 411 13 75 0.035
192 462 31 16 0.032
677 410 15 36 0.031
265 472 11 14 0.031
409 429 8 10 0.031
592 432 13 16 0.029
67 366 7 9 0.029
391 458 14 11 0.029
694 425 16 18 0.029
456 445 14 17 0.028
653 441 14 16 0.027
632 426 13 22 0.026
394 388 9 10 0.026
155 474 15 19 0.026
65 365 8 14 0.024
589 442 21 16 0.023
292 463 12 12 0.023
445 430 17 27 0.022
192 458 12 16 0.022
668 437 16 22 0.019
626 440 16 15 0.018
707 431 13 17 0.018
397 433 11 26 0.017
93 469 13 16 0.017
85 476 15 17 0.016
447 450 11 14 0.016
600 421 43 50 0.016
552 438 13 15 0.016
681 410 13 16 0.014
702 436 13 17 0.014
643 445 20 14 0.014
569 437 20 16 0.013
618 424 12 16 0.013
641 441 17 21 0.013
410 424 10 35 0.013
720 419 15 18 0.013
779 418 13 16 0.012
109 364 7 9 0.012
163 466 14 16 0.012
597 437 43 20 0.012
372 452 11 11 0.011
160 465 11 15 0.011
468 455 11 14 0.011
618 443 27 14 0.010
67 361 14 14 0.010
737 417 15 19 0.010
