10_People_Marching_People_Marching_2_395
51
578 181 32 40 0.826
218 160 33 44 0.815
742 215 26 30 0.774
829 212 25 31 0.757
466 181 29 34 0.719
956 177 31 39 0.685
666 217 19 25 0.672
299 342 16 21 0.643
4 228 23 29 0.606
320 228 18 23 0.566
154 172 26 38 0.474
63 229 22 24 0.466
336 235 20 26 0.439
516 206 19 22 0.396
930 147 21 29 0.393
95 187 25 35 0.335
391 214 22 26 0.272
415 216 23 27 0.267
526 291 8 11 0.227
93 170 24 33 0.138
120 192 21 24 0.125
406 216 25 27 0.096
422 218 19 22 0.075
136 182 46 34 0.069
158 169 19 26 0.068
95 199 19 26 0.047
523 293 9 12 0.042
114 188 54 30 0.041
104 190 37 29 0.036
339 229 22 27 0.035
409 221 25 30 0.034
151 185 25 28 0.032
1 228 17 23 0.030
391 210 17 21 0.025
662 226 16 22 0.025
34 197 20 27 0.023
900 224 23 26 0.020
472 205 19 24 0.019
468 195 24 29 0.019
298 348 15 18 0.018
93 171 18 21 0.017
130 201 19 23 0.016
31 206 17 20 0.016
910 230 16 20 0.014
157 192 23 26 0.013
349 228 18 25 0.013
669 213 23 26 0.013
896 217 22 24 0.012
131 190 24 25 0.012
38 194 15 22 0.012
518 215 25 22 0.012
