10_People_Marching_People_Marching_2_277
94
48 186 48 66 0.805
415 172 35 43 0.765
621 188 31 36 0.751
329 177 21 28 0.746
839 186 23 27 0.733
972 190 20 22 0.720
366 182 29 34 0.709
503 192 24 29 0.693
258 170 20 25 0.686
912 184 21 25 0.684
669 190 23 30 0.671
229 173 18 21 0.648
758 192 21 28 0.634
870 194 15 18 0.625
818 191 17 21 0.510
1011 184 12 19 0.503
558 179 10 12 0.486
939 185 15 18 0.414
795 194 14 18 0.410
468 180 15 21 0.382
733 192 15 17 0.345
715 189 11 14 0.288
496 174 12 15 0.270
598 181 19 24 0.266
863 192 21 23 0.254
310 182 9 12 0.244
820 184 22 26 0.213
546 177 20 14 0.170
602 188 19 24 0.133
541 173 12 17 0.132
25 168 7 9 0.131
792 192 44 20 0.105
935 182 15 19 0.104
962 174 11 14 0.095
591 183 15 20 0.088
714 190 37 17 0.077
541 170 10 14 0.069
578 209 12 14 0.069
567 154 7 8 0.068
811 189 17 21 0.068
996 190 13 16 0.068
576 206 11 14 0.064
309 180 14 19 0.063
492 198 16 22 0.063
892 191 15 18 0.061
709 188 11 15 0.061
126 95 10 11 0.059
706 180 10 13 0.054
606 190 21 30 0.053
960 175 17 19 0.052
586 184 11 17 0.052
575 159 8 9 0.051
461 185 14 20 0.048
411 171 22 28 0.047
295 177 15 14 0.045
995 176 12 14 0.045
292 178 12 14 0.042
947 182 15 16 0.040
589 188 13 19 0.039
495 175 20 31 0.038
788 193 16 21 0.037
570 199 10 13 0.036
309 174 12 18 0.035
495 196 22 26 0.033
885 189 15 17 0.033
469 160 44 60 0.032
564 154 8 9 0.030
571 152 9 19 0.030
127 131 7 8 0.030
555 180 18 26 0.025
533 173 14 19 0.024
353 183 22 28 0.024
566 155 11 9 0.024
224 176 17 19 0.023
806 199 14 16 0.023
713 180 11 19 0.022
193 170 10 11 0.022
588 180 16 17 0.018
293 172 13 19 0.016
486 178 15 24 0.016
697 183 15 20 0.015
590 173 25 22 0.015
23 170 10 11 0.015
705 176 10 13 0.014
126 133 9 12 0.014
703 183 11 16 0.013
575 172 11 21 0.013
356 186 30 28 0.012
310 176 20 19 0.012
574 200 17 25 0.012
604 176 16 21 0.012
456 180 16 25 0.012
492 203 19 24 0.010
126 143 12 13 0.010
