10_People_Marching_People_Marching_2_668
72
857 316 22 25 0.850
407 308 47 50 0.839
297 352 33 39 0.831
192 298 37 46 0.820
370 333 20 24 0.802
541 293 29 36 0.798
99 263 32 42 0.793
769 317 26 28 0.793
657 312 32 36 0.792
604 307 21 26 0.756
921 336 16 19 0.756
512 317 19 21 0.711
462 320 23 30 0.698
957 329 14 18 0.646
985 334 13 14 0.605
44 301 7 8 0.425
902 348 13 14 0.359
582 312 13 17 0.138
901 342 14 16 0.101
1005 341 11 15 0.100
644 331 14 19 0.086
957 322 14 16 0.078
1001 344 11 13 0.075
827 341 14 13 0.075
992 340 19 16 0.064
587 320 16 17 0.064
1012 345 9 14 0.061
824 344 9 13 0.058
897 339 12 13 0.055
1 284 7 9 0.054
987 331 18 19 0.049
515 303 17 20 0.049
816 341 14 15 0.046
581 318 14 17 0.046
884 313 11 16 0.042
1018 312 6 12 0.042
508 314 16 21 0.036
473 306 19 30 0.034
806 342 16 16 0.030
753 314 13 17 0.029
836 340 12 13 0.028
832 334 12 18 0.028
650 317 23 29 0.027
884 333 15 15 0.027
806 335 14 17 0.024
1007 331 9 17 0.022
881 324 14 19 0.022
969 352 12 14 0.022
286 307 10 10 0.022
728 348 9 12 0.021
986 326 12 13 0.020
945 314 16 15 0.019
596 314 21 22 0.019
942 312 8 13 0.018
887 311 9 13 0.017
264 314 8 12 0.017
503 317 17 19 0.017
38 300 8 12 0.017
497 300 23 19 0.016
579 309 19 25 0.014
260 313 10 12 0.014
726 341 12 15 0.013
877 311 20 21 0.012
2 281 7 19 0.012
283 305 11 12 0.011
270 311 11 12 0.011
823 317 11 13 0.011
799 337 16 19 0.011
503 303 12 16 0.011
513 298 11 16 0.010
264 312 14 16 0.010
987 343 15 15 0.010
