10_People_Marching_People_Marching_2_678
84
351 277 25 30 0.833
887 292 19 26 0.828
722 272 26 31 0.828
305 291 22 27 0.826
449 297 23 27 0.821
622 296 20 22 0.807
842 304 22 27 0.798
901 208 12 15 0.798
514 303 20 25 0.794
786 304 22 27 0.785
946 210 11 12 0.777
217 297 22 27 0.767
254 289 26 30 0.764
115 336 14 18 0.654
64 254 12 15 0.648
21 317 13 19 0.627
758 319 18 23 0.554
111 299 13 16 0.529
203 296 12 17 0.462
39 319 13 19 0.399
164 310 13 17 0.368
564 328 13 16 0.365
380 307 16 20 0.293
68 365 12 18 0.159
84 335 14 18 0.152
974 267 18 22 0.141
59 322 10 18 0.134
1001 248 11 15 0.123
191 296 27 21 0.109
1015 226 9 17 0.108
174 339 14 18 0.102
927 275 13 16 0.100
1015 274 8 13 0.085
107 297 12 16 0.078
103 345 13 19 0.072
982 233 10 14 0.057
567 334 10 13 0.053
155 333 12 17 0.051
164 337 24 19 0.050
800 308 17 22 0.045
80 339 14 23 0.043
2 331 10 18 0.042
1014 188 8 13 0.040
172 314 16 50 0.039
72 355 16 21 0.035
16 319 15 19 0.035
759 311 16 21 0.034
563 322 14 16 0.033
589 316 11 14 0.033
600 346 9 10 0.033
188 316 14 16 0.032
191 310 14 21 0.030
876 242 7 9 0.027
102 352 12 18 0.026
118 302 11 15 0.025
1003 241 11 21 0.025
576 337 10 11 0.021
592 318 12 14 0.021
251 291 20 25 0.020
505 309 16 20 0.020
1014 276 10 18 0.019
1013 367 10 13 0.019
419 323 13 17 0.017
91 350 18 19 0.017
62 367 13 18 0.016
976 264 15 17 0.015
679 417 9 11 0.015
71 348 13 18 0.015
1004 234 21 70 0.014
259 284 22 27 0.014
985 259 15 18 0.014
431 285 17 19 0.014
965 242 11 13 0.013
572 319 18 21 0.013
588 324 14 14 0.013
660 320 12 16 0.013
953 210 15 13 0.013
598 339 10 18 0.013
960 209 12 13 0.013
668 326 13 22 0.012
673 341 9 12 0.011
971 273 20 26 0.011
844 183 11 13 0.011
303 273 19 22 0.010
