10_People_Marching_People_Marching_10_People_Marching_People_Marching_10_People_Marching_People_Marching_10_933
51
111 198 37 51 0.794
539 156 26 35 0.771
983 142 21 28 0.607
519 180 18 24 0.530
232 10 18 21 0.308
520 173 23 28 0.176
714 37 13 20 0.127
673 9 13 18 0.077
808 51 11 15 0.075
948 24 8 10 0.070
752 30 12 16 0.070
973 1 9 11 0.069
735 10 12 15 0.051
315 69 17 26 0.048
787 44 13 17 0.044
992 142 17 29 0.039
955 2 10 9 0.036
957 61 10 12 0.034
792 13 11 13 0.033
599 4 9 12 0.033
108 6 14 18 0.029
731 9 16 25 0.028
960 3 12 11 0.027
279 52 23 30 0.026
748 180 18 26 0.026
1020 14 4 18 0.025
951 14 8 20 0.023
795 10 10 14 0.023
755 6 10 14 0.022
2 7 14 20 0.021
468 49 8 12 0.020
1019 4 6 24 0.020
964 3 16 10 0.020
1017 4 7 14 0.018
976 2 11 9 0.017
756 5 12 12 0.016
672 14 11 16 0.016
787 11 17 19 0.016
747 28 39 25 0.016
616 27 7 9 0.015
812 49 19 17 0.015
764 1 11 13 0.014
752 35 13 16 0.013
791 42 13 17 0.012
462 43 14 17 0.012
824 48 13 16 0.011
1018 -8 7 52 0.011
739 11 14 17 0.011
954 3 24 9 0.011
1004 140 15 26 0.010
718 40 17 20 0.010
