10_People_Marching_People_Marching_10_People_Marching_People_Marching_10_240
191
240 305 65 81 0.882
911 435 112 116 0.859
412 321 107 131 0.857
379 254 25 33 0.844
222 267 33 47 0.840
289 268 37 51 0.836
611 233 49 62 0.834
418 236 41 53 0.823
130 210 27 36 0.819
0 237 33 38 0.813
263 213 17 22 0.790
329 231 26 37 0.776
217 226 25 28 0.774
196 199 17 21 0.756
493 215 16 22 0.752
794 308 38 49 0.751
553 225 20 26 0.748
691 262 23 32 0.734
836 264 29 35 0.713
715 244 24 33 0.689
742 217 14 17 0.682
890 218 16 19 0.660
850 214 15 17 0.628
999 214 16 20 0.615
223 206 16 19 0.609
171 201 18 25 0.601
459 241 23 38 0.580
387 190 12 14 0.554
683 226 16 20 0.552
1011 225 14 23 0.541
479 189 10 13 0.535
540 211 15 19 0.532
520 246 23 32 0.523
107 196 14 16 0.504
741 239 15 20 0.499
139 190 12 14 0.488
834 208 13 16 0.485
722 204 11 14 0.478
797 219 13 16 0.475
341 217 12 16 0.473
766 204 11 13 0.440
233 191 11 13 0.414
828 270 31 35 0.383
623 206 13 17 0.374
540 220 18 23 0.364
1004 217 18 24 0.342
162 190 13 14 0.339
837 209 16 18 0.324
588 194 11 13 0.312
461 203 10 11 0.310
377 216 13 17 0.301
932 267 46 49 0.301
873 179 12 14 0.290
219 215 21 30 0.282
743 212 13 42 0.274
223 185 10 12 0.258
261 181 9 10 0.256
299 209 12 15 0.254
497 198 11 14 0.251
796 203 12 14 0.244
200 182 11 13 0.233
259 187 10 12 0.214
304 199 13 13 0.213
221 195 18 40 0.205
787 205 13 12 0.195
462 204 12 16 0.186
713 224 13 15 0.179
980 339 44 63 0.173
296 185 9 11 0.171
663 190 8 11 0.168
302 201 13 16 0.154
723 242 22 28 0.152
37 233 21 27 0.143
680 230 18 22 0.130
791 206 15 15 0.128
260 182 10 14 0.120
393 188 12 15 0.118
692 208 9 11 0.114
238 180 10 12 0.108
968 244 34 44 0.105
339 213 26 20 0.103
890 237 17 20 0.101
298 187 12 23 0.100
779 230 14 18 0.094
107 191 12 15 0.089
166 195 20 27 0.086
343 192 10 12 0.085
798 204 13 18 0.085
467 208 10 14 0.084
162 186 12 13 0.083
782 204 11 12 0.075
596 230 13 19 0.075
12 192 19 23 0.069
325 167 9 11 0.068
368 193 10 12 0.067
799 199 13 14 0.063
456 231 20 25 0.062
535 214 14 17 0.062
312 197 9 13 0.062
296 186 12 17 0.062
635 221 16 20 0.061
300 213 13 15 0.056
595 225 21 28 0.055
739 231 15 21 0.054
733 195 11 15 0.053
736 196 10 11 0.053
359 181 8 10 0.053
470 213 11 15 0.051
510 201 10 13 0.051
825 277 22 27 0.051
457 200 11 15 0.050
104 200 16 20 0.050
231 151 10 94 0.049
366 217 27 23 0.049
605 220 15 18 0.047
765 208 12 14 0.047
144 178 46 47 0.044
664 187 8 11 0.043
452 234 25 39 0.042
526 242 19 28 0.042
302 181 12 12 0.041
762 256 16 24 0.040
199 180 9 11 0.039
350 206 10 13 0.038
714 196 9 13 0.038
895 247 31 26 0.037
191 186 46 51 0.037
631 209 14 17 0.035
1003 295 20 40 0.034
281 191 12 18 0.034
442 239 37 49 0.032
345 188 11 12 0.031
308 179 10 10 0.031
829 208 15 16 0.030
340 189 10 11 0.030
692 200 16 23 0.029
280 201 15 16 0.027
536 227 18 24 0.027
785 225 15 17 0.026
276 191 13 16 0.026
735 193 9 11 0.025
299 155 10 94 0.025
458 170 34 64 0.025
369 190 11 12 0.024
458 221 17 20 0.023
904 247 18 22 0.023
950 259 52 47 0.023
714 179 9 12 0.023
597 225 12 17 0.022
7 193 15 22 0.022
676 229 14 19 0.021
713 176 9 22 0.021
493 208 16 20 0.020
826 245 17 20 0.020
498 192 12 12 0.020
827 214 19 37 0.020
224 182 8 10 0.019
755 203 13 13 0.019
529 235 17 22 0.019
319 169 16 13 0.019
139 186 11 13 0.019
620 201 12 16 0.019
887 216 18 36 0.018
379 220 14 16 0.018
620 204 20 25 0.018
900 250 56 49 0.017
301 154 18 93 0.017
295 213 13 19 0.016
604 225 18 24 0.016
670 201 12 15 0.016
743 200 25 26 0.015
400 191 10 14 0.015
911 263 53 48 0.015
1007 297 18 25 0.014
1002 209 13 17 0.013
363 299 20 35 0.013
642 173 8 11 0.013
1000 262 23 68 0.013
887 215 15 18 0.013
977 250 24 27 0.012
820 218 16 17 0.012
447 206 9 13 0.011
399 240 19 24 0.011
693 206 18 13 0.011
699 202 14 21 0.011
196 183 12 15 0.011
342 158 16 81 0.011
900 215 13 18 0.011
979 261 22 28 0.010
919 202 11 13 0.010
-1 198 11 22 0.010
