10_People_Marching_People_Marching_10_People_Marching_People_Marching_10_499
44
539 27 25 24 0.704
492 275 24 26 0.674
739 89 24 23 0.634
561 291 23 23 0.598
640 77 22 23 0.596
789 7 32 36 0.577
366 163 21 25 0.527
445 275 24 27 0.498
379 249 24 25 0.414
604 71 19 20 0.316
548 333 21 20 0.119
580 370 25 22 0.116
604 72 58 24 0.112
371 209 20 20 0.104
368 212 18 22 0.065
445 285 20 21 0.063
633 71 20 25 0.061
620 68 21 22 0.053
608 67 22 23 0.053
355 145 23 26 0.050
551 340 15 16 0.049
971 1 35 34 0.045
360 153 23 26 0.034
784 7 22 26 0.030
826 113 44 31 0.029
776 1 39 33 0.027
797 17 23 28 0.025
498 271 22 25 0.024
775 2 24 26 0.021
940 103 25 31 0.020
452 270 25 24 0.020
533 29 20 23 0.018
597 74 17 21 0.017
441 271 21 24 0.017
592 67 20 22 0.014
556 286 21 23 0.013
388 249 21 24 0.013
585 146 17 18 0.013
367 231 15 18 0.012
551 328 21 20 0.011
742 98 22 22 0.011
613 63 17 18 0.010
736 77 27 30 0.010
536 33 23 23 0.010
