10_People_Marching_People_Marching_2_898
96
676 589 55 64 0.852
510 708 48 58 0.810
265 809 42 49 0.783
796 651 32 34 0.474
244 682 15 19 0.435
174 654 15 20 0.260
445 702 13 17 0.218
283 666 13 19 0.172
326 725 13 17 0.131
385 690 14 18 0.126
375 655 14 15 0.110
565 558 11 14 0.105
295 716 13 16 0.093
342 779 19 24 0.090
588 632 14 18 0.082
325 714 16 32 0.076
282 654 14 26 0.072
285 645 12 16 0.065
411 696 12 15 0.056
325 648 14 18 0.053
210 633 12 14 0.048
362 725 14 17 0.047
330 713 14 19 0.046
585 577 12 14 0.045
448 638 14 17 0.045
445 706 14 21 0.043
944 673 20 25 0.040
863 577 22 29 0.037
258 647 14 18 0.036
501 590 12 15 0.034
338 681 14 16 0.034
552 661 17 21 0.034
296 676 17 23 0.034
803 551 20 24 0.032
384 666 14 17 0.032
415 686 14 16 0.031
353 689 14 15 0.031
408 699 11 15 0.030
529 581 12 15 0.030
607 570 10 13 0.027
248 689 16 20 0.027
321 727 14 17 0.026
303 686 16 18 0.026
385 625 12 16 0.026
381 681 15 18 0.026
880 656 26 29 0.025
381 768 28 31 0.025
552 586 13 15 0.025
597 572 14 15 0.024
386 698 15 17 0.024
359 690 13 18 0.023
328 693 15 19 0.023
434 640 16 17 0.023
169 644 16 24 0.022
426 641 12 14 0.022
544 652 15 19 0.022
332 684 15 19 0.021
553 737 30 36 0.021
875 650 20 26 0.020
277 690 14 18 0.019
365 721 14 17 0.019
245 677 14 18 0.018
586 580 12 17 0.018
558 617 16 17 0.018
526 634 16 17 0.016
281 691 15 19 0.016
285 673 23 77 0.015
339 674 14 18 0.015
523 636 14 17 0.015
533 638 19 16 0.015
605 566 11 26 0.014
555 620 14 17 0.014
408 657 11 15 0.014
295 667 17 99 0.014
501 586 17 17 0.013
186 629 36 40 0.013
360 718 15 22 0.013
345 771 13 18 0.013
430 684 15 16 0.013
543 659 19 26 0.013
424 638 16 28 0.013
410 683 18 24 0.013
897 642 21 27 0.013
463 743 13 16 0.012
551 657 15 18 0.012
237 705 14 19 0.012
872 656 18 24 0.012
385 607 11 13 0.012
168 657 17 21 0.011
509 607 13 17 0.011
412 583 9 12 0.011
322 611 15 18 0.011
204 711 13 18 0.010
894 637 19 23 0.010
415 659 17 64 0.010
453 634 15 20 0.010
