10_People_Marching_People_Marching_2_404
66
603 229 27 36 0.761
271 265 21 25 0.727
198 231 25 32 0.723
157 297 14 17 0.702
339 280 14 17 0.673
39 263 22 26 0.672
930 244 23 28 0.633
389 298 13 16 0.591
1008 267 16 30 0.473
840 283 16 18 0.319
782 296 13 14 0.305
413 304 10 12 0.202
732 285 11 14 0.165
759 282 12 15 0.162
818 264 16 18 0.132
102 278 15 19 0.130
67 271 15 18 0.116
491 304 12 12 0.111
414 307 10 12 0.104
827 265 17 19 0.092
317 274 13 16 0.090
759 288 12 13 0.090
839 277 17 19 0.088
814 267 15 17 0.074
388 291 13 17 0.069
784 277 13 14 0.069
742 280 32 22 0.051
785 283 12 16 0.043
488 306 11 11 0.037
494 306 13 11 0.036
34 265 17 23 0.036
439 310 10 13 0.036
790 272 13 16 0.035
918 239 23 28 0.034
369 297 10 13 0.034
1008 284 15 21 0.029
845 281 16 20 0.028
337 285 13 15 0.028
498 308 10 11 0.026
72 274 13 14 0.025
312 279 14 15 0.025
126 309 9 12 0.025
37 255 21 28 0.024
97 278 14 17 0.024
480 301 12 14 0.024
436 304 12 14 0.023
373 288 13 16 0.022
741 294 12 13 0.021
764 276 14 16 0.020
161 230 13 18 0.020
0 301 10 15 0.017
816 274 14 16 0.017
497 302 11 12 0.016
162 224 16 19 0.015
956 227 19 26 0.014
385 283 18 15 0.014
792 268 13 16 0.014
997 266 20 29 0.014
146 295 13 17 0.013
64 265 16 21 0.012
142 291 12 17 0.011
264 265 17 24 0.011
506 310 8 11 0.011
382 281 11 12 0.011
867 260 17 26 0.011
722 283 15 20 0.011
