10_People_Marching_People_Marching_2_40
277
667 203 40 55 0.846
715 268 54 66 0.846
47 132 38 48 0.832
712 83 14 20 0.830
944 245 44 56 0.829
229 92 22 26 0.822
267 117 26 33 0.814
684 245 42 53 0.812
586 272 42 51 0.812
89 457 81 103 0.810
401 156 29 37 0.808
161 216 41 52 0.801
522 526 87 96 0.798
474 106 20 28 0.788
356 127 27 33 0.788
100 137 25 34 0.776
93 89 24 27 0.771
421 101 21 26 0.769
496 145 29 35 0.769
709 359 40 62 0.765
589 128 24 33 0.759
831 236 55 72 0.758
818 144 21 34 0.750
138 80 21 26 0.745
988 335 37 73 0.732
681 98 17 21 0.729
515 86 19 25 0.727
852 51 14 19 0.727
410 45 13 16 0.722
748 110 19 25 0.714
770 208 34 34 0.713
742 63 12 16 0.708
314 145 29 37 0.702
796 66 12 16 0.699
562 65 17 18 0.690
715 52 14 16 0.686
381 87 20 25 0.685
768 87 18 20 0.677
253 84 20 22 0.669
572 44 14 17 0.654
699 41 14 16 0.646
224 199 32 37 0.640
758 48 11 15 0.634
466 44 13 16 0.611
511 48 14 17 0.594
188 39 10 12 0.593
822 54 11 14 0.571
58 38 9 13 0.552
790 119 22 27 0.550
914 471 55 83 0.545
666 101 16 19 0.535
52 348 55 61 0.534
518 43 13 17 0.524
167 57 14 17 0.517
112 26 9 9 0.513
154 44 10 14 0.510
99 8 8 9 0.506
936 162 17 27 0.487
0 326 39 148 0.486
140 40 10 12 0.482
883 100 15 24 0.479
95 40 10 13 0.444
667 45 11 16 0.427
907 115 16 22 0.414
666 147 26 37 0.391
794 113 22 27 0.388
16 3 9 10 0.378
193 78 18 23 0.376
282 56 16 19 0.349
855 104 21 26 0.349
952 199 30 41 0.347
879 79 14 21 0.337
831 200 35 48 0.331
490 58 12 15 0.314
663 110 16 22 0.301
655 53 13 20 0.291
581 70 10 14 0.275
0 18 6 11 0.266
570 67 18 18 0.261
142 40 13 14 0.246
152 28 9 10 0.223
99 39 14 15 0.223
439 85 15 20 0.222
463 48 13 15 0.220
758 91 24 28 0.215
11 31 10 13 0.211
803 111 19 28 0.210
881 88 16 42 0.209
810 32 11 14 0.199
663 48 12 17 0.197
806 54 15 14 0.192
873 140 22 32 0.192
199 102 17 22 0.170
558 49 10 13 0.169
103 41 14 16 0.160
488 53 12 16 0.159
679 39 10 12 0.155
420 39 10 13 0.152
139 40 24 15 0.146
59 41 9 13 0.140
877 93 16 26 0.139
864 99 37 27 0.131
574 57 15 26 0.130
64 62 10 13 0.129
126 377 60 76 0.126
111 23 11 19 0.125
56 31 10 13 0.124
19 4 9 10 0.119
740 112 50 29 0.116
660 116 17 21 0.114
366 59 14 18 0.112
428 93 20 25 0.109
821 224 47 70 0.108
756 205 31 35 0.100
459 48 11 15 0.096
492 64 14 18 0.096
499 73 12 17 0.090
751 49 19 19 0.088
313 146 22 27 0.088
195 89 19 26 0.087
356 102 20 23 0.085
880 85 16 26 0.083
457 72 13 16 0.082
620 51 19 18 0.079
9 54 12 20 0.077
436 80 15 18 0.077
620 44 11 20 0.073
945 205 24 36 0.072
781 206 31 33 0.071
484 42 10 13 0.070
627 53 17 16 0.068
637 53 18 19 0.068
323 86 18 22 0.064
593 211 30 38 0.064
662 142 22 34 0.064
84 34 21 32 0.062
460 5 8 9 0.061
620 40 10 15 0.058
719 48 13 16 0.057
619 53 12 16 0.053
792 67 13 17 0.053
16 -23 8 71 0.052
542 98 20 26 0.052
637 475 66 67 0.052
677 153 20 27 0.051
729 38 11 14 0.051
522 62 12 15 0.051
957 197 20 28 0.049
809 17 10 71 0.048
665 39 10 13 0.048
663 155 26 39 0.045
803 101 17 25 0.042
99 -21 8 87 0.041
615 12 9 11 0.041
63 36 10 58 0.040
813 27 11 14 0.037
218 44 9 11 0.036
58 83 17 22 0.036
939 152 22 30 0.036
113 22 8 9 0.036
748 66 15 18 0.035
255 89 21 25 0.035
459 4 10 15 0.035
1008 180 16 53 0.034
14 2 8 10 0.033
815 240 36 59 0.033
0 69 10 34 0.033
247 38 12 17 0.033
576 104 21 24 0.032
378 153 22 27 0.031
105 33 16 16 0.030
504 72 14 18 0.028
883 80 17 20 0.028
0 320 29 105 0.028
838 73 14 18 0.028
57 28 8 11 0.027
32 36 9 12 0.027
686 67 15 18 0.027
842 67 16 20 0.027
251 38 12 15 0.026
715 116 15 18 0.026
805 34 11 14 0.026
320 37 10 13 0.026
959 190 19 23 0.026
457 57 13 15 0.026
786 124 20 26 0.025
9 1 11 81 0.025
281 68 20 24 0.025
715 21 11 107 0.024
197 58 13 16 0.024
280 50 12 15 0.024
578 45 11 16 0.024
832 77 17 20 0.022
723 36 17 14 0.022
239 202 26 33 0.022
686 58 15 22 0.021
851 71 14 20 0.021
4 50 16 29 0.021
283 50 14 18 0.021
666 116 15 20 0.020
245 32 12 16 0.020
562 104 37 29 0.020
758 43 13 16 0.020
484 36 11 14 0.019
29 38 11 13 0.019
374 55 15 18 0.019
842 74 18 19 0.019
867 151 19 28 0.019
930 158 16 25 0.019
214 46 12 13 0.018
756 102 21 25 0.018
922 50 11 18 0.018
277 54 17 19 0.018
557 47 9 12 0.018
853 75 16 20 0.018
596 256 45 57 0.018
681 59 15 18 0.018
322 79 14 18 0.018
809 80 26 26 0.018
316 91 22 27 0.018
607 106 12 17 0.018
565 44 13 15 0.017
0 122 13 43 0.017
223 44 11 15 0.017
473 48 16 20 0.016
958 173 25 36 0.016
827 204 23 30 0.016
1008 174 16 34 0.016
325 8 11 15 0.016
322 35 13 20 0.016
487 223 41 50 0.015
365 133 24 29 0.015
814 151 19 28 0.015
908 90 14 19 0.015
795 75 14 18 0.014
799 97 15 23 0.014
803 49 12 19 0.014
433 83 14 18 0.014
232 434 91 106 0.014
750 195 27 38 0.014
715 148 24 32 0.014
885 76 13 17 0.014
598 107 20 30 0.014
839 408 58 48 0.014
227 210 22 25 0.014
761 137 21 26 0.014
720 141 21 24 0.014
157 37 13 13 0.014
185 76 20 24 0.014
242 28 12 15 0.013
352 106 19 24 0.013
16 -30 15 83 0.013
331 151 21 28 0.013
561 101 19 24 0.013
101 50 14 15 0.013
769 160 32 38 0.013
332 39 11 13 0.013
616 8 11 40 0.013
512 44 18 24 0.013
417 65 16 17 0.012
820 147 48 33 0.012
84 36 13 16 0.011
578 72 14 17 0.011
360 54 14 18 0.011
97 -16 25 88 0.011
61 55 15 34 0.011
774 47 11 15 0.011
407 68 15 16 0.011
616 62 12 16 0.011
128 105 17 22 0.011
115 396 75 98 0.011
239 33 22 24 0.010
351 96 18 22 0.010
1012 194 12 49 0.010
793 64 18 23 0.010
934 150 16 25 0.010
943 174 18 24 0.010
