10_People_Marching_People_Marching_2_823
27
364 197 186 258 0.889
234 417 22 29 0.576
948 490 24 36 0.572
800 448 26 37 0.427
992 462 15 17 0.410
949 477 22 32 0.140
960 458 17 23 0.117
648 445 22 27 0.089
143 448 9 12 0.061
195 454 28 37 0.043
815 478 18 25 0.041
645 451 17 22 0.036
742 509 27 45 0.033
810 460 24 52 0.029
639 456 21 24 0.025
953 462 16 23 0.025
223 410 25 32 0.022
969 458 14 16 0.022
1011 467 13 16 0.021
662 464 22 27 0.021
647 457 35 28 0.018
689 457 14 19 0.016
878 465 12 15 0.015
1013 455 10 17 0.014
809 508 24 32 0.011
660 454 26 25 0.011
211 409 23 26 0.010
