10_People_Marching_People_Marching_2_591
424
211 187 18 23 0.843
754 194 26 34 0.824
276 189 17 22 0.810
595 184 21 27 0.809
459 185 18 26 0.791
849 183 31 36 0.789
670 190 23 31 0.788
38 175 20 26 0.765
82 178 20 23 0.759
526 1273 19 26 0.752
154 185 18 23 0.734
333 189 17 21 0.733
609 1279 20 26 0.729
46 1105 15 19 0.708
567 1303 19 23 0.682
512 1181 20 27 0.658
537 1224 18 24 0.656
890 158 52 57 0.643
425 1219 20 23 0.642
576 1252 18 26 0.624
367 203 16 19 0.595
843 1244 20 26 0.594
414 185 19 24 0.582
506 1121 17 21 0.580
360 1141 15 19 0.573
41 1187 16 20 0.550
647 1285 16 21 0.547
75 1126 14 18 0.525
282 1254 17 21 0.525
362 1215 18 23 0.521
621 1227 16 20 0.510
773 1265 17 26 0.497
161 1061 15 18 0.497
498 1227 16 21 0.486
104 1170 17 21 0.477
807 1302 16 23 0.444
46 1214 15 19 0.436
127 1154 17 20 0.429
451 1274 16 22 0.425
489 1268 15 22 0.416
875 1341 15 23 0.410
555 1357 20 22 0.405
694 1268 19 24 0.401
206 1149 16 23 0.395
413 1133 15 19 0.384
321 1138 16 19 0.378
290 1175 17 20 0.361
414 1285 19 26 0.355
351 1254 18 22 0.335
640 1348 18 23 0.333
73 1157 16 20 0.329
666 1241 16 21 0.312
219 1249 17 22 0.301
508 1351 17 24 0.282
467 1313 19 26 0.280
736 1265 15 22 0.277
506 202 17 24 0.270
526 1331 17 23 0.266
279 1170 16 19 0.261
319 1293 18 22 0.261
251 1218 16 21 0.246
934 1165 13 18 0.239
569 1192 17 19 0.234
449 1143 14 20 0.233
242 1168 16 18 0.233
459 1197 16 20 0.231
212 1135 16 20 0.230
697 1327 18 25 0.228
162 1216 17 20 0.220
6 1110 13 18 0.216
148 1196 16 20 0.213
582 1192 15 20 0.210
335 1177 15 18 0.208
326 1232 14 19 0.204
420 1265 17 23 0.195
982 1199 14 18 0.179
893 1306 16 21 0.179
510 209 18 21 0.176
147 1126 15 19 0.175
909 1350 15 22 0.170
281 1094 16 19 0.164
390 189 16 20 0.163
805 1295 15 46 0.158
41 1184 16 40 0.155
874 1183 14 19 0.153
220 1242 17 22 0.148
563 1351 19 25 0.148
385 1172 15 17 0.144
386 1276 23 25 0.135
88 1088 17 21 0.131
313 1142 21 21 0.129
251 1225 16 21 0.129
267 1462 30 17 0.126
163 1066 17 22 0.126
756 1237 17 24 0.124
509 1341 29 28 0.124
909 702 9 10 0.119
352 1209 17 22 0.119
799 1338 14 24 0.114
813 1163 14 18 0.110
102 1177 18 23 0.110
302 1149 16 22 0.107
3 1184 15 20 0.106
83 1089 16 19 0.103
745 1188 17 21 0.101
488 1233 16 90 0.097
721 1267 22 24 0.097
101 1089 18 18 0.094
888 1301 17 24 0.094
478 1261 20 61 0.094
765 1246 16 22 0.092
288 1147 18 69 0.092
93 1087 21 24 0.091
393 1169 15 19 0.090
444 186 20 26 0.089
905 1105 12 18 0.085
114 1391 18 24 0.085
921 701 11 11 0.082
161 1160 15 20 0.082
203 1239 18 24 0.082
208 1245 18 22 0.082
760 1237 20 44 0.078
876 711 11 12 0.076
396 1277 27 27 0.075
813 1156 16 37 0.073
555 1190 24 21 0.073
161 1179 15 78 0.072
897 1408 18 25 0.072
819 1298 17 23 0.070
612 1141 15 19 0.069
174 1236 19 22 0.069
350 1114 26 76 0.068
255 1134 13 18 0.068
155 1215 17 21 0.068
538 202 16 18 0.068
78 1205 16 20 0.068
399 1221 17 21 0.067
156 1380 22 28 0.067
695 1231 15 121 0.066
874 712 9 11 0.065
247 1126 15 17 0.065
574 1191 20 21 0.065
873 1344 43 24 0.065
775 1258 15 25 0.064
105 1127 21 21 0.063
762 1268 21 28 0.063
879 711 10 10 0.063
863 1190 15 19 0.063
649 1208 15 21 0.061
492 1224 16 21 0.060
607 1363 16 23 0.060
286 1096 17 20 0.059
443 1277 19 24 0.059
179 1139 17 20 0.058
754 1132 14 18 0.058
750 1230 16 27 0.058
249 1128 19 20 0.058
148 186 18 24 0.057
-1 1186 12 19 0.057
445 1247 29 85 0.057
437 188 15 22 0.057
716 1117 15 17 0.057
198 1214 17 21 0.057
834 1205 16 24 0.056
160 1101 17 22 0.056
501 1353 19 25 0.055
626 1100 12 16 0.055
224 1202 16 21 0.055
835 718 10 12 0.053
367 1214 20 24 0.052
96 1114 19 21 0.052
907 1133 15 20 0.052
491 1335 39 49 0.050
759 1128 15 21 0.050
431 1266 19 24 0.050
909 1080 15 19 0.049
504 210 17 22 0.047
457 1203 15 21 0.047
561 1297 17 103 0.047
928 1052 13 18 0.047
938 1089 12 16 0.046
907 1087 14 34 0.046
6 1116 13 22 0.046
54 1157 21 21 0.045
359 1161 16 138 0.045
680 1108 13 18 0.045
9 1097 14 20 0.043
219 1224 19 57 0.043
89 1106 19 32 0.042
882 155 33 41 0.042
848 1203 19 20 0.042
248 1190 18 21 0.041
273 1443 25 30 0.041
212 1103 16 87 0.041
374 1273 21 24 0.041
653 1214 13 21 0.041
838 1208 18 25 0.041
946 1313 15 22 0.041
654 1122 15 20 0.040
581 1256 17 25 0.040
325 1244 20 22 0.039
559 1361 50 24 0.039
628 1319 18 23 0.038
803 1345 15 22 0.037
472 1155 14 19 0.037
830 711 12 20 0.037
166 1107 15 19 0.037
768 1113 17 19 0.037
912 697 20 18 0.036
246 1117 17 21 0.036
115 1130 18 22 0.035
500 197 16 22 0.035
176 1071 18 20 0.035
769 1084 14 19 0.034
232 1270 22 23 0.034
608 1353 18 27 0.034
757 1242 19 25 0.034
301 1115 33 71 0.034
997 1344 16 21 0.034
263 1129 14 18 0.034
-3 1172 12 28 0.034
769 1379 17 21 0.034
879 1181 13 17 0.033
816 710 10 14 0.032
652 1114 15 20 0.032
262 1200 16 19 0.032
210 1140 17 24 0.031
762 1114 18 20 0.031
355 196 24 23 0.031
729 1319 18 23 0.031
662 1312 17 24 0.031
151 1096 16 21 0.030
900 1107 14 18 0.030
743 1124 20 25 0.030
218 1190 17 21 0.030
396 190 16 21 0.030
672 986 15 16 0.029
960 699 11 11 0.029
976 1208 15 19 0.029
561 1360 22 24 0.029
411 172 19 23 0.028
167 1155 18 26 0.028
399 1173 16 17 0.028
873 1288 18 25 0.028
131 187 19 23 0.027
812 1141 13 18 0.027
553 1144 15 19 0.027
792 1234 13 20 0.027
900 1411 23 26 0.027
990 692 10 12 0.027
908 1083 21 22 0.027
228 1265 19 25 0.027
537 1190 16 22 0.027
519 211 17 21 0.027
378 1178 17 20 0.027
243 1269 18 21 0.027
539 1193 19 26 0.027
381 1269 20 23 0.027
7 1101 13 19 0.027
441 168 19 25 0.026
830 1210 16 23 0.026
868 1186 18 20 0.026
937 1441 21 23 0.026
111 1134 22 37 0.025
533 1119 18 20 0.025
689 962 14 17 0.025
912 1238 16 22 0.025
249 1267 16 19 0.024
472 1183 17 29 0.024
494 1276 14 22 0.024
988 1176 15 19 0.024
663 1132 16 19 0.024
419 1295 19 25 0.024
895 1417 18 24 0.024
244 1152 16 28 0.023
309 659 15 16 0.023
179 1077 17 22 0.023
933 1126 14 18 0.023
753 1293 14 24 0.023
885 168 34 41 0.023
784 684 12 13 0.023
852 1110 13 17 0.023
457 1107 16 99 0.023
403 189 22 22 0.023
474 1160 15 28 0.022
335 196 16 20 0.022
609 1108 15 76 0.022
111 1091 18 24 0.022
169 1203 19 24 0.022
748 1300 18 22 0.022
917 1063 18 30 0.022
920 1267 16 22 0.022
719 1316 20 25 0.021
150 1180 18 31 0.021
906 1340 16 25 0.021
726 1311 18 55 0.021
882 1081 14 16 0.021
422 1261 22 23 0.020
731 1360 19 23 0.020
725 1357 19 28 0.020
657 1129 17 23 0.020
898 1131 14 19 0.020
487 1226 22 29 0.020
975 191 21 23 0.019
533 1273 19 25 0.019
912 1137 17 19 0.019
10 1177 15 20 0.019
258 1218 17 22 0.019
179 187 20 21 0.019
730 1111 17 30 0.018
341 1199 16 24 0.018
281 1088 14 18 0.018
662 1106 23 31 0.018
425 1307 17 23 0.018
769 1369 27 31 0.018
543 199 16 20 0.018
906 1405 15 23 0.018
185 1073 13 18 0.018
227 1090 13 18 0.018
813 1145 15 19 0.018
906 1051 13 104 0.018
670 989 12 16 0.018
618 1100 15 16 0.018
672 1249 20 25 0.017
12 1132 17 20 0.017
907 700 33 11 0.017
418 196 18 22 0.017
594 1126 16 21 0.017
933 1046 12 18 0.017
717 1346 20 27 0.017
296 1134 17 23 0.017
511 1245 20 25 0.017
832 1295 15 23 0.017
351 1138 17 21 0.017
110 1396 21 25 0.016
114 1108 18 25 0.016
572 1352 18 24 0.016
760 1066 12 15 0.016
177 1242 19 22 0.016
640 1310 22 33 0.016
848 239 21 28 0.016
509 1114 21 21 0.016
557 1140 16 21 0.016
543 200 19 29 0.015
8 1186 16 29 0.015
777 1382 16 22 0.015
431 1222 20 21 0.015
993 191 25 25 0.015
380 207 17 18 0.015
630 1097 13 17 0.015
833 1101 14 19 0.015
278 1254 18 30 0.015
237 1083 16 54 0.014
71 1082 19 21 0.014
934 1118 15 23 0.014
915 1270 16 21 0.014
109 1177 18 24 0.014
945 1295 14 25 0.014
958 1103 15 16 0.014
836 1106 14 16 0.014
574 1127 15 23 0.014
1006 191 20 25 0.014
297 1104 17 23 0.014
917 1250 18 40 0.014
382 1302 21 24 0.014
601 1105 18 20 0.013
945 1290 16 58 0.013
992 1333 20 32 0.013
316 1211 22 36 0.013
331 176 17 26 0.012
984 1088 12 17 0.012
249 1180 19 37 0.012
840 1106 21 19 0.012
810 1167 15 19 0.012
758 1066 17 21 0.012
322 1250 18 23 0.012
913 1131 25 22 0.012
99 1185 21 37 0.012
586 1205 21 34 0.012
583 1357 25 25 0.012
742 1274 18 38 0.012
540 1107 18 26 0.012
395 1203 18 34 0.012
218 1162 25 162 0.012
35 1071 50 96 0.012
53 1036 20 166 0.012
375 1148 16 21 0.012
43 1164 17 30 0.012
235 1276 17 22 0.012
373 1281 20 28 0.012
548 1129 16 36 0.012
287 274 14 16 0.012
818 1077 15 19 0.011
1016 1205 12 27 0.011
920 1228 13 77 0.011
596 1106 16 32 0.011
212 1182 16 22 0.011
377 1308 18 23 0.011
938 1204 13 18 0.011
37 1103 16 19 0.011
670 1305 20 25 0.011
23 1206 31 36 0.011
1007 28 15 26 0.011
384 178 17 21 0.011
214 1210 22 41 0.011
782 1221 17 22 0.011
841 1207 25 20 0.011
535 1334 19 24 0.011
984 1336 18 23 0.011
790 1218 15 30 0.011
295 186 30 20 0.011
296 656 19 17 0.011
297 1098 17 21 0.011
744 1222 18 24 0.011
126 1252 16 22 0.010
570 1297 20 25 0.010
868 1282 16 24 0.010
706 1126 15 20 0.010
963 1215 17 19 0.010
681 1293 19 27 0.010
321 1224 20 23 0.010
71 1180 21 35 0.010
605 1320 20 31 0.010
176 183 19 22 0.010
