10_People_Marching_People_Marching_2_2
119
951 466 37 63 0.827
760 422 30 41 0.793
665 481 28 50 0.749
1003 420 21 30 0.741
489 483 22 41 0.737
660 434 17 32 0.691
961 392 14 24 0.648
904 405 15 26 0.613
657 397 18 26 0.578
629 384 11 14 0.571
791 387 11 16 0.569
826 349 10 14 0.528
513 523 26 49 0.463
234 408 10 13 0.401
975 350 7 9 0.376
701 370 10 11 0.306
993 356 11 15 0.301
520 417 11 17 0.293
813 397 11 17 0.291
570 422 10 20 0.286
40 387 10 19 0.241
313 394 7 10 0.228
908 352 10 14 0.201
638 377 9 11 0.171
619 359 8 10 0.158
913 507 17 35 0.156
656 383 17 49 0.154
632 380 11 14 0.143
433 405 9 12 0.124
163 430 11 16 0.124
299 395 8 13 0.113
339 389 8 10 0.113
590 358 7 8 0.110
523 357 6 8 0.107
541 374 7 8 0.099
678 364 8 10 0.092
982 353 11 12 0.087
299 398 9 14 0.084
218 397 7 8 0.067
252 386 8 10 0.064
302 410 9 12 0.060
116 402 10 13 0.059
812 386 11 16 0.058
100 395 8 13 0.052
646 417 14 21 0.052
315 389 8 11 0.052
1009 151 7 9 0.047
876 347 8 11 0.042
100 397 11 13 0.041
941 358 10 12 0.041
695 357 8 10 0.040
556 389 10 15 0.039
719 396 11 16 0.038
309 382 10 37 0.037
644 413 12 18 0.036
941 352 12 24 0.035
343 456 17 27 0.033
518 395 10 15 0.033
695 355 7 9 0.033
106 401 9 12 0.032
514 386 8 12 0.031
991 361 14 20 0.030
246 387 9 13 0.029
44 389 10 19 0.028
455 463 14 24 0.027
980 354 21 12 0.027
254 383 8 10 0.027
160 426 12 18 0.026
757 389 12 17 0.026
363 377 8 10 0.025
254 388 9 12 0.025
721 392 10 15 0.025
294 394 10 13 0.025
104 399 25 14 0.024
119 401 10 13 0.024
901 402 13 21 0.023
1008 148 7 9 0.023
311 373 13 53 0.023
787 385 11 17 0.023
514 407 55 43 0.022
230 406 9 14 0.022
975 345 7 10 0.022
257 389 10 11 0.022
521 358 6 7 0.021
250 383 8 11 0.020
478 371 6 7 0.020
381 373 9 16 0.019
187 419 10 15 0.018
567 360 8 9 0.017
677 362 11 18 0.017
656 389 13 18 0.016
911 353 14 15 0.016
539 371 7 13 0.016
916 497 23 41 0.015
636 357 9 18 0.015
638 358 8 8 0.014
304 414 10 12 0.014
200 386 8 11 0.013
939 360 11 15 0.013
541 367 14 34 0.013
970 373 10 15 0.013
357 391 9 9 0.013
1017 135 6 9 0.013
572 428 14 20 0.013
476 397 9 13 0.013
268 392 10 17 0.012
512 528 22 31 0.012
9 392 10 12 0.012
328 376 9 10 0.012
676 367 8 10 0.011
86 403 11 17 0.011
170 430 13 18 0.011
521 422 12 16 0.011
514 372 7 24 0.011
974 350 12 15 0.010
157 431 14 16 0.010
381 377 7 9 0.010
419 361 8 9 0.010
989 375 14 20 0.010
