10_People_Marching_People_Marching_10_People_Marching_People_Marching_10_People_Marching_People_Marching_10_674
401
842 286 11 13 0.799
833 398 13 15 0.771
516 254 8 10 0.748
822 275 9 11 0.688
979 317 10 13 0.663
511 357 12 14 0.656
796 316 9 12 0.654
298 262 8 10 0.642
463 345 11 13 0.642
18 369 10 15 0.638
867 288 10 13 0.634
317 268 8 9 0.619
208 312 11 13 0.617
866 312 10 11 0.609
393 342 11 13 0.609
881 341 10 12 0.594
9 280 10 12 0.584
695 267 10 11 0.581
273 459 18 24 0.575
640 341 11 14 0.570
527 340 9 11 0.569
672 273 9 10 0.567
918 311 10 13 0.566
726 358 12 14 0.565
679 383 12 14 0.558
598 339 11 13 0.556
44 444 12 17 0.541
962 315 11 13 0.539
1000 331 9 11 0.532
144 411 12 18 0.528
260 301 11 13 0.521
895 307 9 12 0.508
576 364 11 13 0.508
775 288 9 11 0.486
22 243 10 12 0.473
233 273 9 11 0.468
171 397 13 17 0.466
107 333 9 11 0.462
397 257 9 9 0.457
594 272 8 10 0.453
432 262 7 9 0.447
508 289 9 10 0.425
635 270 9 10 0.395
194 348 11 13 0.392
411 382 12 13 0.391
611 263 8 10 0.382
117 287 9 11 0.380
102 295 9 12 0.361
166 228 8 7 0.359
917 307 10 13 0.359
562 282 7 9 0.357
383 258 9 10 0.335
370 269 9 12 0.306
349 294 9 12 0.306
788 292 10 12 0.306
786 293 9 13 0.297
331 333 9 12 0.288
71 287 9 11 0.286
205 257 9 9 0.279
339 314 9 12 0.268
949 298 11 14 0.261
192 207 8 11 0.254
416 258 9 10 0.249
970 371 11 13 0.234
145 291 9 12 0.223
78 379 11 15 0.219
202 257 10 10 0.217
752 366 11 14 0.213
101 276 9 9 0.208
448 323 9 10 0.198
489 305 10 12 0.196
418 257 12 10 0.194
754 369 11 14 0.178
382 363 9 12 0.172
250 256 9 10 0.170
90 393 12 18 0.167
317 265 10 17 0.161
557 367 10 13 0.159
803 583 18 22 0.158
227 253 8 9 0.157
937 376 12 13 0.157
994 325 11 12 0.155
491 306 10 17 0.154
257 290 12 30 0.147
442 342 10 13 0.146
461 251 8 8 0.138
587 302 8 10 0.138
185 351 9 12 0.136
793 287 10 12 0.134
736 285 9 12 0.133
131 274 8 10 0.133
848 358 11 13 0.132
376 258 14 10 0.129
172 277 8 10 0.127
756 317 10 11 0.126
796 293 8 50 0.126
969 297 10 11 0.126
83 382 15 17 0.126
431 330 9 12 0.124
966 314 18 16 0.123
270 315 11 14 0.122
782 289 11 11 0.119
796 335 11 13 0.118
88 398 12 17 0.118
627 302 9 13 0.117
603 264 17 10 0.117
772 277 11 37 0.116
198 256 11 13 0.115
629 269 16 11 0.114
738 284 10 12 0.108
367 258 9 9 0.108
2 418 8 13 0.106
864 287 10 13 0.103
193 260 9 11 0.100
863 345 9 12 0.100
84 425 12 17 0.100
674 270 35 11 0.099
481 260 7 10 0.098
576 369 11 13 0.098
595 331 10 14 0.097
846 222 11 13 0.095
491 315 9 11 0.094
644 340 11 15 0.094
197 461 12 16 0.094
533 289 7 8 0.092
971 296 10 27 0.090
892 307 43 14 0.089
52 253 7 10 0.089
632 386 11 13 0.087
282 500 13 18 0.087
89 377 12 38 0.086
963 296 14 13 0.085
847 350 11 24 0.085
653 329 10 13 0.084
617 364 12 14 0.082
746 360 11 13 0.081
311 492 12 21 0.080
428 332 9 11 0.078
126 417 10 15 0.078
777 287 19 17 0.078
346 483 11 15 0.077
418 258 21 11 0.073
798 331 10 13 0.071
373 350 10 12 0.069
113 253 9 11 0.069
69 267 10 46 0.068
282 285 8 9 0.068
54 250 10 10 0.066
64 246 8 10 0.066
145 275 9 38 0.065
322 332 13 17 0.063
615 360 13 13 0.062
93 390 10 17 0.062
85 406 12 36 0.060
243 256 10 26 0.060
224 313 9 11 0.060
249 315 10 12 0.060
680 377 11 14 0.059
418 353 9 11 0.058
22 319 8 11 0.057
276 311 11 13 0.056
171 245 9 11 0.056
166 227 10 27 0.055
128 416 13 16 0.055
295 261 8 11 0.055
305 273 9 12 0.054
332 303 10 63 0.054
655 326 8 12 0.053
876 333 12 15 0.053
376 352 10 12 0.053
386 337 12 14 0.052
143 404 16 20 0.052
252 278 8 11 0.052
513 254 8 10 0.050
345 327 10 11 0.050
853 348 12 19 0.050
252 311 11 14 0.049
452 329 9 11 0.049
346 294 9 10 0.049
385 330 12 47 0.048
610 266 31 11 0.048
1016 322 9 13 0.048
349 300 9 12 0.047
340 343 10 13 0.047
562 341 10 12 0.047
844 525 18 22 0.046
476 362 10 14 0.046
300 283 9 11 0.045
55 287 9 10 0.045
296 493 26 22 0.045
213 324 11 12 0.045
853 394 10 14 0.045
0 257 6 12 0.044
628 379 13 18 0.043
282 356 11 14 0.043
757 376 11 14 0.043
832 334 9 11 0.042
118 396 11 17 0.042
98 285 31 21 0.042
867 294 10 39 0.042
89 251 9 13 0.042
152 279 9 11 0.041
940 370 11 13 0.041
19 277 10 12 0.040
376 258 41 11 0.040
342 278 14 63 0.039
378 322 8 11 0.039
976 310 10 19 0.039
80 271 9 12 0.038
191 264 9 11 0.038
254 309 14 15 0.037
379 326 9 12 0.037
497 341 9 11 0.037
249 254 8 19 0.037
592 318 9 22 0.037
729 375 10 13 0.037
132 407 15 21 0.036
90 271 24 55 0.036
166 227 7 18 0.036
617 375 12 15 0.036
797 289 9 12 0.035
218 311 11 13 0.035
804 591 16 22 0.035
188 197 14 38 0.034
484 302 11 16 0.034
317 338 10 13 0.034
714 380 15 13 0.034
0 528 7 15 0.034
408 311 10 12 0.033
590 266 8 51 0.033
725 363 12 15 0.033
505 275 11 34 0.033
538 350 11 13 0.032
144 418 12 16 0.032
774 339 11 13 0.031
659 354 11 13 0.031
718 383 10 12 0.030
160 237 9 11 0.029
602 345 13 13 0.029
407 314 10 13 0.029
968 375 12 13 0.029
774 288 14 14 0.029
396 256 42 12 0.029
74 274 10 24 0.029
656 329 9 12 0.029
720 347 10 12 0.028
757 307 9 24 0.028
287 304 8 11 0.028
94 381 11 16 0.028
535 290 7 8 0.028
130 386 10 14 0.027
441 301 15 70 0.027
87 247 9 12 0.027
472 354 12 17 0.027
175 399 12 17 0.026
488 299 9 13 0.026
775 293 10 13 0.026
0 255 9 23 0.025
350 288 9 12 0.025
216 326 9 12 0.025
351 327 9 11 0.025
1 347 10 20 0.025
277 303 14 19 0.025
346 345 9 12 0.024
592 327 9 11 0.024
856 396 10 13 0.024
248 313 29 14 0.024
422 313 19 47 0.024
276 295 10 12 0.024
97 299 12 13 0.024
135 278 17 23 0.023
272 451 14 19 0.023
49 279 9 11 0.023
496 340 13 14 0.023
341 328 16 13 0.023
253 257 10 11 0.023
585 397 12 16 0.022
843 355 11 14 0.022
183 289 10 12 0.022
947 295 10 13 0.022
620 360 11 13 0.022
466 251 25 20 0.022
154 277 9 10 0.022
516 348 15 25 0.022
204 312 11 13 0.021
569 317 9 12 0.021
317 331 10 14 0.021
487 276 27 61 0.021
658 341 9 14 0.021
485 322 10 12 0.021
867 249 9 109 0.021
369 274 10 18 0.021
547 333 10 11 0.020
451 331 13 13 0.020
556 311 8 10 0.020
563 370 10 12 0.020
479 316 10 16 0.019
86 259 12 22 0.019
781 335 12 14 0.019
628 263 10 11 0.019
48 438 12 18 0.019
712 328 8 11 0.019
84 384 15 28 0.018
321 324 10 12 0.018
18 363 10 16 0.018
282 252 11 14 0.018
806 338 15 15 0.018
863 326 11 17 0.018
570 274 9 10 0.018
-1 304 7 13 0.018
565 343 13 19 0.018
21 408 11 14 0.018
227 251 32 40 0.018
747 369 15 21 0.018
844 518 18 20 0.017
578 267 11 15 0.017
947 300 9 13 0.017
370 351 10 13 0.017
349 529 15 20 0.017
140 402 11 14 0.016
379 281 9 14 0.016
286 493 17 22 0.016
476 320 12 21 0.016
87 369 13 16 0.016
88 380 15 19 0.016
848 348 21 24 0.016
854 365 13 14 0.016
369 284 10 12 0.016
585 295 9 12 0.016
549 328 13 16 0.016
1004 508 14 20 0.015
563 344 11 14 0.015
186 284 12 17 0.015
578 267 8 10 0.015
893 310 12 18 0.015
877 325 11 20 0.015
228 259 12 22 0.015
560 327 12 25 0.015
163 398 13 17 0.015
50 288 9 12 0.015
179 276 21 32 0.015
843 219 10 13 0.015
774 335 26 19 0.014
108 243 15 33 0.014
476 361 15 21 0.014
530 364 12 17 0.014
365 233 43 64 0.014
110 289 17 15 0.014
759 368 10 14 0.014
22 269 9 17 0.014
1013 313 10 18 0.014
659 339 10 28 0.014
817 343 11 16 0.014
72 240 13 17 0.014
673 363 12 16 0.014
848 349 12 14 0.013
5 417 12 14 0.013
459 246 33 29 0.013
407 309 9 10 0.013
625 316 9 11 0.013
421 321 11 20 0.013
336 485 15 21 0.013
602 377 13 15 0.013
227 311 9 12 0.013
797 508 20 16 0.013
279 495 14 19 0.013
644 305 12 12 0.013
410 299 9 32 0.013
981 314 11 14 0.013
190 278 10 19 0.013
444 344 10 12 0.013
697 568 14 27 0.012
522 365 16 19 0.012
313 482 12 20 0.012
100 329 10 13 0.012
708 383 13 13 0.012
553 315 11 21 0.012
18 320 10 11 0.012
712 338 10 16 0.012
471 365 12 15 0.012
226 252 7 8 0.012
68 243 10 11 0.012
684 388 13 19 0.012
352 260 8 9 0.012
92 401 12 17 0.012
183 246 16 22 0.011
109 335 11 12 0.011
336 346 12 13 0.011
407 383 13 15 0.011
52 251 10 21 0.011
677 388 11 13 0.011
752 289 11 17 0.011
109 427 14 17 0.011
621 338 22 85 0.011
52 397 10 14 0.011
308 501 13 18 0.010
757 554 19 23 0.010
410 335 15 25 0.010
684 282 9 10 0.010
17 240 14 25 0.010
563 315 15 17 0.010
