10_People_Marching_People_Marching_2_236
63
462 160 28 39 0.677
916 125 11 16 0.640
36 123 12 15 0.626
0 124 10 14 0.615
604 112 15 18 0.565
553 127 12 15 0.563
874 130 11 15 0.536
975 124 11 15 0.527
708 124 16 19 0.520
472 116 15 19 0.514
809 135 14 18 0.400
138 117 15 18 0.395
979 192 13 18 0.377
832 98 12 13 0.303
992 308 18 23 0.251
973 262 14 16 0.180
830 120 14 15 0.174
581 124 13 15 0.155
703 120 15 17 0.133
281 235 16 21 0.117
826 121 12 15 0.112
832 110 13 26 0.110
623 121 14 15 0.100
911 190 11 14 0.092
136 114 13 17 0.088
616 116 19 19 0.064
30 125 12 15 0.054
589 119 28 16 0.054
833 73 10 82 0.051
942 191 13 19 0.047
719 125 16 19 0.042
310 214 10 12 0.038
549 126 11 15 0.033
793 103 13 16 0.030
802 123 12 15 0.030
904 188 13 17 0.027
910 187 44 19 0.026
1018 87 7 16 0.025
131 116 15 17 0.025
501 109 15 17 0.024
141 116 21 19 0.023
698 117 13 15 0.022
558 128 14 15 0.021
579 121 13 15 0.021
801 134 15 19 0.020
281 229 15 17 0.019
791 101 12 15 0.019
463 170 19 29 0.018
508 109 13 16 0.017
609 110 19 20 0.017
724 125 18 19 0.016
863 131 16 17 0.016
1016 83 8 17 0.016
585 121 13 15 0.015
289 223 17 23 0.014
148 109 17 19 0.014
792 108 14 20 0.013
831 125 15 16 0.013
478 119 20 25 0.013
802 116 13 19 0.012
980 202 14 21 0.012
290 233 17 23 0.011
807 143 15 19 0.010
