10_People_Marching_People_Marching_10_People_Marching_People_Marching_10_69
1599
402 525 17 22 0.838
49 594 22 26 0.838
302 605 18 23 0.837
359 630 21 27 0.837
930 576 21 27 0.836
732 415 15 21 0.835
959 630 22 29 0.834
715 537 22 31 0.834
652 458 18 22 0.832
512 565 18 23 0.832
607 552 20 26 0.830
696 484 18 23 0.828
392 597 19 22 0.826
950 476 17 22 0.823
880 577 21 27 0.823
746 574 21 26 0.823
226 486 16 20 0.822
181 447 17 23 0.821
536 467 17 22 0.819
683 419 14 18 0.819
424 490 17 22 0.819
232 550 18 21 0.819
163 557 20 26 0.816
600 658 21 26 0.814
841 477 17 23 0.813
840 615 21 26 0.810
689 659 22 27 0.809
457 467 13 19 0.809
5 612 21 26 0.809
178 653 20 25 0.809
868 542 19 24 0.805
441 475 16 20 0.805
767 444 16 21 0.804
0 660 19 26 0.803
628 372 14 18 0.803
469 502 17 20 0.803
87 511 19 23 0.802
483 310 13 17 0.800
886 482 18 21 0.800
99 566 18 25 0.800
461 215 10 14 0.800
222 519 17 20 0.799
561 372 15 18 0.798
651 345 14 18 0.797
119 618 19 25 0.797
491 544 18 24 0.796
744 390 13 20 0.795
794 543 19 24 0.795
539 377 14 19 0.794
169 489 17 23 0.794
727 501 19 23 0.792
875 648 23 31 0.791
820 369 14 17 0.791
630 495 17 23 0.790
161 514 16 21 0.787
155 414 15 19 0.784
467 300 11 16 0.784
381 352 14 18 0.783
933 447 17 20 0.783
780 502 15 20 0.783
563 534 18 25 0.783
428 315 13 15 0.781
437 294 12 15 0.780
299 423 14 19 0.780
358 535 17 23 0.777
679 251 11 15 0.777
319 549 16 21 0.777
309 501 16 21 0.775
688 327 14 16 0.774
237 356 15 20 0.774
503 435 15 20 0.773
819 163 10 12 0.771
150 147 10 12 0.768
271 567 19 21 0.768
295 457 18 22 0.767
368 497 16 22 0.767
404 575 18 22 0.767
258 637 18 22 0.765
476 561 16 22 0.763
977 602 21 24 0.763
107 251 12 17 0.762
998 595 16 23 0.762
583 626 19 24 0.762
601 311 11 14 0.761
250 406 15 20 0.760
754 616 21 27 0.760
97 196 11 14 0.758
284 663 20 22 0.757
358 457 17 20 0.756
209 607 19 25 0.755
882 444 19 24 0.753
541 540 17 21 0.753
739 328 12 15 0.752
822 575 19 25 0.751
130 477 16 19 0.750
979 336 13 17 0.748
110 219 12 16 0.745
709 305 12 16 0.745
817 528 16 20 0.745
217 659 18 25 0.745
762 651 19 22 0.745
143 229 12 15 0.743
587 447 15 20 0.742
425 451 16 19 0.740
492 142 9 12 0.739
395 503 18 22 0.737
639 313 12 14 0.735
995 526 19 23 0.735
533 610 18 25 0.734
92 244 12 15 0.733
298 200 10 13 0.730
716 358 15 20 0.725
549 578 18 24 0.725
622 280 12 15 0.723
759 506 17 21 0.723
559 319 12 16 0.722
705 338 14 18 0.720
725 474 16 19 0.720
438 619 19 21 0.719
292 109 10 13 0.718
448 271 11 14 0.718
792 378 13 17 0.718
587 97 8 11 0.717
427 170 10 13 0.717
721 386 13 16 0.717
132 180 11 14 0.715
196 216 11 13 0.715
380 410 14 17 0.715
518 166 11 13 0.711
320 193 10 14 0.711
580 254 11 14 0.711
644 583 18 22 0.707
200 190 10 12 0.706
137 194 12 15 0.706
134 662 23 23 0.703
203 90 9 11 0.702
546 112 9 12 0.702
660 307 12 16 0.701
312 149 8 11 0.699
130 156 10 13 0.697
681 190 10 15 0.697
712 182 10 13 0.697
577 494 15 20 0.697
566 266 12 15 0.695
429 661 19 22 0.694
721 445 14 22 0.694
294 175 9 14 0.692
639 194 10 13 0.692
511 239 11 15 0.692
876 395 14 18 0.691
580 113 9 11 0.690
180 163 11 15 0.690
785 406 15 19 0.690
887 632 22 25 0.690
112 107 9 13 0.688
687 392 12 15 0.688
715 215 10 13 0.686
448 373 15 17 0.686
646 107 9 13 0.684
600 510 17 19 0.684
242 156 9 12 0.682
165 210 11 13 0.681
115 332 14 17 0.677
908 470 13 19 0.677
806 399 13 19 0.675
292 135 9 12 0.673
504 635 17 20 0.672
1001 204 12 14 0.671
629 329 12 15 0.667
450 325 13 17 0.666
272 196 10 13 0.665
567 299 10 14 0.665
691 273 12 16 0.663
473 159 10 12 0.661
1011 186 11 13 0.661
587 233 10 13 0.661
497 158 9 12 0.660
566 459 14 17 0.656
164 179 11 15 0.654
595 332 12 15 0.654
120 144 10 12 0.652
528 206 11 13 0.652
466 409 15 19 0.652
690 153 9 12 0.650
721 70 8 11 0.646
629 420 13 19 0.646
282 185 9 13 0.644
485 268 11 14 0.643
406 163 10 12 0.642
781 106 9 11 0.640
704 163 10 13 0.636
503 496 17 20 0.634
429 79 9 11 0.632
554 81 9 11 0.632
690 178 10 11 0.632
218 196 10 13 0.632
616 267 11 13 0.630
53 558 17 21 0.628
408 193 10 13 0.626
534 194 11 13 0.626
680 215 10 13 0.626
195 423 15 17 0.626
301 481 17 21 0.626
522 113 10 12 0.622
661 263 11 14 0.617
658 230 10 13 0.613
750 94 9 12 0.611
683 229 10 13 0.611
367 56 8 11 0.609
375 180 10 13 0.609
385 196 9 12 0.607
659 291 11 14 0.607
885 324 13 16 0.607
364 169 8 11 0.605
611 210 13 14 0.605
714 234 10 13 0.605
73 191 11 13 0.603
195 2 7 9 0.601
436 129 10 12 0.601
346 70 9 11 0.599
402 72 8 10 0.599
157 83 9 11 0.599
295 159 9 12 0.599
703 108 8 12 0.597
645 132 8 12 0.597
786 144 9 12 0.597
140 67 8 11 0.594
951 306 13 15 0.594
919 548 19 22 0.593
243 118 9 12 0.591
647 37 8 11 0.588
775 358 13 16 0.588
406 98 9 11 0.586
74 270 11 14 0.580
327 184 9 13 0.578
609 360 14 16 0.578
182 72 9 11 0.575
699 123 9 11 0.575
234 141 10 11 0.575
491 189 11 13 0.575
64 313 15 17 0.575
446 4 7 8 0.573
598 285 10 12 0.573
137 113 9 11 0.569
633 247 10 13 0.569
440 251 10 14 0.567
145 94 10 13 0.565
894 132 9 11 0.563
185 100 9 13 0.560
274 90 9 12 0.560
107 283 12 16 0.558
467 189 10 13 0.556
602 192 10 14 0.556
496 222 11 14 0.556
552 349 11 14 0.556
104 319 13 14 0.554
695 637 18 23 0.554
369 96 8 10 0.552
653 547 16 21 0.552
126 82 11 13 0.550
307 169 10 13 0.550
581 349 13 17 0.550
218 4 8 11 0.547
914 171 11 16 0.547
436 225 9 13 0.547
455 246 10 14 0.547
287 81 8 10 0.545
873 107 9 12 0.545
268 131 9 11 0.545
339 374 14 16 0.545
436 96 9 12 0.543
84 442 13 17 0.543
583 139 9 12 0.541
228 189 10 12 0.541
624 225 11 14 0.541
688 51 9 10 0.539
713 52 8 10 0.539
291 61 9 12 0.539
424 343 12 16 0.539
759 119 9 12 0.536
592 170 10 13 0.536
519 285 11 14 0.536
470 267 12 14 0.535
734 310 12 15 0.535
603 243 11 13 0.532
818 441 16 21 0.532
602 82 8 12 0.530
269 415 14 19 0.530
325 164 10 13 0.524
672 155 9 12 0.521
350 208 10 12 0.521
223 108 11 14 0.517
327 468 15 18 0.517
507 668 20 20 0.515
420 121 9 12 0.515
613 140 8 13 0.515
377 383 14 16 0.513
855 149 10 13 0.510
503 387 12 17 0.510
624 175 10 14 0.506
74 229 11 13 0.506
741 76 9 11 0.504
245 612 16 19 0.504
553 426 13 17 0.500
454 102 8 11 0.499
637 146 9 11 0.499
771 151 11 12 0.499
462 274 12 17 0.499
219 113 11 14 0.497
577 327 13 16 0.497
326 359 12 16 0.497
382 71 9 12 0.493
332 614 19 24 0.492
729 51 9 11 0.490
473 133 9 11 0.490
816 343 13 14 0.490
346 52 9 12 0.488
134 131 10 12 0.488
582 186 10 12 0.486
432 534 14 18 0.482
458 181 10 14 0.479
150 57 9 11 0.477
319 62 9 11 0.477
498 54 8 10 0.471
763 81 9 11 0.468
502 206 9 13 0.466
369 422 13 14 0.466
368 41 8 12 0.460
266 182 9 12 0.460
529 158 9 12 0.457
592 208 10 13 0.457
312 93 8 12 0.455
619 126 8 12 0.455
378 147 9 12 0.455
415 144 9 11 0.455
115 191 10 12 0.455
368 125 9 12 0.451
737 140 10 13 0.447
543 216 9 13 0.447
99 147 10 13 0.444
224 175 10 12 0.444
536 449 12 15 0.444
346 124 9 12 0.442
120 595 16 20 0.442
338 30 8 12 0.440
335 129 9 11 0.440
449 193 10 13 0.440
240 54 7 10 0.438
261 52 7 11 0.438
594 155 10 14 0.438
280 153 9 12 0.436
560 160 9 12 0.436
382 385 15 17 0.436
94 68 8 10 0.433
376 4 7 9 0.431
507 282 12 14 0.429
267 112 10 11 0.427
205 134 10 13 0.425
286 404 13 17 0.423
1018 327 7 18 0.421
360 440 14 17 0.421
512 82 8 11 0.418
99 125 9 14 0.416
640 15 8 10 0.414
857 360 13 17 0.414
880 532 17 22 0.414
217 63 9 13 0.412
190 131 10 13 0.412
607 116 9 12 0.410
866 135 9 12 0.410
323 50 9 11 0.408
462 116 9 12 0.408
373 18 8 10 0.405
650 68 8 10 0.405
763 384 14 16 0.405
14 574 19 25 0.404
638 54 7 10 0.403
405 408 12 14 0.397
264 87 9 11 0.395
566 127 9 10 0.393
227 45 8 11 0.391
158 114 11 12 0.391
175 135 10 14 0.391
210 163 9 12 0.391
499 77 9 11 0.388
234 88 9 11 0.388
512 145 9 12 0.388
1013 304 10 15 0.388
408 673 16 16 0.388
124 36 8 10 0.384
244 182 11 14 0.384
67 371 14 16 0.384
335 381 13 16 0.384
308 123 10 12 0.382
186 236 10 13 0.382
392 215 10 13 0.379
444 188 10 13 0.378
645 332 12 15 0.378
262 148 9 12 0.376
300 533 15 19 0.375
699 28 7 9 0.370
122 237 12 16 0.370
314 81 8 11 0.368
506 266 11 13 0.368
821 668 21 22 0.366
632 44 8 9 0.365
344 163 10 15 0.365
281 28 8 11 0.364
458 160 8 13 0.359
458 30 8 10 0.357
648 183 11 13 0.353
547 632 18 22 0.353
579 290 11 14 0.351
192 32 8 11 0.349
709 84 9 12 0.349
474 144 9 12 0.349
95 643 20 23 0.349
284 45 8 11 0.347
178 51 8 11 0.347
165 228 10 13 0.347
571 594 17 22 0.347
182 10 8 10 0.341
199 113 10 12 0.341
1000 566 20 22 0.341
232 27 9 11 0.337
500 124 9 12 0.337
436 44 8 10 0.335
847 419 16 19 0.335
759 107 9 15 0.333
693 302 10 14 0.331
579 339 12 23 0.329
397 113 9 13 0.322
1003 197 13 15 0.318
239 8 8 11 0.316
395 122 9 12 0.316
105 466 15 18 0.313
267 12 7 11 0.312
445 79 10 12 0.312
543 137 10 12 0.308
336 85 9 12 0.306
346 102 9 11 0.306
508 10 7 10 0.304
160 182 14 15 0.304
82 653 20 24 0.303
701 596 17 21 0.302
507 192 11 12 0.299
164 500 18 30 0.299
472 103 8 13 0.297
118 198 10 15 0.297
533 211 14 14 0.297
395 45 8 12 0.293
243 69 9 11 0.293
906 353 13 19 0.293
374 175 11 13 0.291
315 61 11 12 0.289
178 46 7 13 0.286
763 336 10 14 0.286
274 60 8 11 0.284
273 168 10 12 0.284
478 363 12 16 0.284
316 31 8 11 0.282
425 62 9 11 0.282
670 529 13 17 0.282
97 483 16 20 0.281
250 21 9 12 0.280
665 20 7 10 0.279
384 49 9 12 0.279
625 357 11 15 0.279
508 383 12 18 0.279
773 149 13 13 0.278
89 87 10 12 0.273
376 111 8 11 0.273
174 626 16 18 0.273
315 669 19 19 0.267
659 53 8 11 0.266
592 25 7 10 0.264
391 94 10 11 0.264
629 244 12 17 0.264
652 274 11 15 0.264
764 576 16 21 0.264
148 227 16 15 0.263
381 191 11 15 0.261
107 173 10 13 0.259
819 89 9 12 0.257
677 4 7 9 0.256
118 352 12 15 0.256
659 287 12 28 0.254
408 56 9 11 0.251
649 87 9 11 0.251
60 201 10 14 0.249
724 270 9 15 0.249
256 1 8 10 0.247
466 47 9 11 0.247
443 116 10 13 0.247
231 227 10 13 0.244
254 411 28 19 0.241
355 107 9 12 0.241
894 521 15 20 0.238
753 210 10 13 0.237
361 6 8 10 0.234
424 23 8 11 0.234
363 353 11 16 0.234
433 367 12 15 0.234
396 2 9 10 0.233
592 132 10 12 0.233
546 135 12 11 0.233
213 31 8 11 0.230
575 180 11 13 0.230
653 184 11 12 0.230
414 2 9 10 0.228
279 407 15 18 0.228
509 283 17 14 0.227
331 101 12 12 0.225
163 150 12 20 0.225
596 204 12 15 0.225
122 400 11 15 0.225
209 232 11 13 0.223
650 553 17 32 0.223
935 159 9 12 0.222
682 247 14 17 0.222
349 1 9 10 0.219
410 53 9 13 0.217
522 144 11 13 0.216
526 149 9 23 0.216
805 571 16 22 0.216
441 109 9 20 0.214
391 17 8 10 0.213
260 38 9 11 0.213
546 600 15 20 0.211
210 15 8 16 0.208
478 84 8 16 0.208
61 247 9 11 0.208
869 165 10 13 0.207
452 49 8 11 0.205
512 122 10 14 0.205
650 280 11 14 0.205
727 99 8 11 0.204
270 168 10 24 0.204
215 400 11 13 0.202
325 99 11 12 0.201
1006 191 13 19 0.201
547 536 38 23 0.200
659 142 10 12 0.199
570 178 10 13 0.199
658 185 10 12 0.199
645 285 11 14 0.198
939 409 15 20 0.198
398 29 9 20 0.195
434 62 9 12 0.195
543 141 9 17 0.195
612 27 7 9 0.192
620 76 8 11 0.192
570 22 6 9 0.191
670 66 8 12 0.191
598 93 10 14 0.191
600 85 10 14 0.190
202 137 11 14 0.188
390 471 13 17 0.187
98 35 8 11 0.187
387 48 11 12 0.187
607 402 11 15 0.187
509 223 10 14 0.186
833 333 12 16 0.184
484 350 13 17 0.184
755 175 10 12 0.184
520 51 8 10 0.183
538 62 8 10 0.183
564 143 11 17 0.182
689 238 13 14 0.182
300 472 17 25 0.179
196 51 9 23 0.179
441 443 13 17 0.179
311 31 11 11 0.176
261 150 16 13 0.176
160 156 12 14 0.172
607 243 11 14 0.171
683 382 13 16 0.171
330 129 12 12 0.170
489 241 11 14 0.170
142 45 9 14 0.168
738 121 9 11 0.168
597 277 11 30 0.166
758 380 15 18 0.165
387 86 9 18 0.164
581 137 17 14 0.163
420 484 33 23 0.162
298 172 12 15 0.161
772 354 12 25 0.160
582 7 8 12 0.160
620 6 7 10 0.160
93 132 11 13 0.160
497 385 18 28 0.159
236 72 10 13 0.158
89 137 9 12 0.157
513 431 15 20 0.155
700 208 10 13 0.154
593 296 10 14 0.154
706 284 12 14 0.153
437 20 8 15 0.152
438 63 10 16 0.150
537 612 21 26 0.150
758 504 40 20 0.149
298 3 9 10 0.148
773 65 8 9 0.148
314 79 8 25 0.148
574 257 13 17 0.148
847 363 15 18 0.148
249 18 10 23 0.147
550 175 11 12 0.147
437 367 15 17 0.146
99 421 13 19 0.146
651 5 7 9 0.145
172 41 13 18 0.145
621 73 8 12 0.145
594 373 12 16 0.145
1019 414 6 20 0.144
148 135 11 26 0.143
844 367 11 13 0.143
473 132 8 21 0.142
260 41 7 24 0.142
570 586 17 23 0.141
345 169 10 13 0.140
214 627 19 48 0.140
62 198 15 14 0.140
485 248 12 54 0.139
623 62 8 10 0.139
748 83 9 27 0.139
606 185 11 14 0.139
476 474 13 18 0.139
707 594 17 24 0.139
152 187 10 13 0.137
431 39 15 21 0.136
74 180 11 35 0.135
100 144 9 24 0.135
419 409 12 17 0.135
688 332 25 17 0.135
273 54 9 28 0.134
347 100 9 24 0.134
505 261 15 22 0.134
479 355 14 18 0.134
310 121 9 21 0.133
110 209 14 29 0.133
112 551 12 14 0.133
879 552 20 61 0.131
402 17 10 13 0.131
148 32 10 16 0.131
658 213 10 46 0.131
458 76 9 13 0.129
499 101 10 13 0.129
217 350 11 15 0.129
199 141 10 13 0.128
227 80 12 15 0.128
566 172 10 19 0.128
633 325 14 19 0.127
266 520 15 21 0.127
330 152 10 16 0.126
306 393 11 15 0.126
579 5 10 16 0.125
454 181 12 17 0.124
435 215 10 23 0.123
425 309 12 58 0.123
400 69 9 29 0.122
297 40 13 16 0.121
506 78 11 18 0.120
304 196 13 16 0.120
634 54 11 13 0.119
493 249 11 14 0.119
679 392 13 16 0.119
498 108 9 11 0.119
339 1 9 9 0.119
381 144 11 12 0.119
214 401 16 19 0.118
661 84 9 11 0.118
137 178 14 15 0.118
485 237 10 13 0.118
467 40 8 29 0.117
134 186 15 25 0.117
490 125 15 13 0.115
407 188 11 14 0.114
695 247 11 13 0.114
288 338 13 16 0.114
164 119 10 23 0.113
880 411 12 16 0.113
143 60 11 14 0.112
715 198 8 63 0.112
110 202 12 54 0.112
613 119 15 22 0.111
344 157 11 12 0.111
282 113 10 13 0.110
638 150 10 13 0.110
491 172 10 17 0.110
697 211 12 15 0.110
436 32 7 28 0.110
460 68 10 21 0.110
611 156 10 19 0.110
585 229 11 22 0.109
712 51 15 12 0.109
907 144 13 14 0.109
164 154 14 21 0.109
925 544 20 22 0.109
111 88 10 48 0.109
600 290 10 51 0.108
323 1 9 10 0.108
417 424 14 18 0.108
547 173 10 12 0.107
481 66 9 22 0.106
663 530 15 27 0.105
145 127 10 14 0.105
143 118 11 26 0.104
227 229 12 13 0.104
903 385 11 14 0.104
274 608 15 16 0.104
468 473 16 66 0.104
397 116 8 21 0.104
536 257 11 13 0.104
222 191 12 15 0.103
769 413 12 15 0.103
237 2 10 14 0.102
491 56 11 13 0.102
106 290 10 58 0.102
525 253 10 14 0.101
60 248 11 26 0.101
546 151 9 13 0.100
223 103 11 14 0.100
366 133 9 16 0.100
431 128 13 18 0.100
99 320 15 17 0.100
724 258 11 41 0.100
56 267 10 13 0.100
604 188 10 15 0.099
154 0 8 10 0.099
356 93 10 11 0.098
362 141 10 12 0.098
825 148 10 13 0.098
47 347 17 18 0.098
95 117 10 13 0.097
931 156 12 18 0.097
498 209 11 14 0.097
693 271 15 23 0.097
1006 308 11 14 0.097
518 46 9 24 0.096
514 87 10 21 0.096
595 319 12 39 0.096
191 20 9 28 0.096
532 90 12 21 0.096
324 43 11 22 0.095
486 235 11 19 0.095
824 446 14 18 0.095
422 18 11 27 0.094
741 82 8 11 0.094
548 107 9 26 0.094
580 207 13 14 0.094
117 510 14 20 0.094
397 33 8 11 0.094
822 144 11 15 0.094
260 2 10 14 0.093
394 2 7 9 0.093
495 102 11 20 0.092
721 350 12 18 0.092
679 469 14 15 0.092
195 207 12 25 0.091
702 4 8 9 0.091
197 41 9 26 0.091
688 195 11 16 0.091
742 212 10 14 0.090
284 203 10 12 0.090
622 264 12 45 0.089
178 70 9 15 0.089
199 71 16 13 0.089
506 264 11 29 0.089
936 334 14 17 0.089
960 545 15 22 0.089
690 153 13 19 0.088
31 340 14 17 0.088
886 470 17 54 0.088
404 348 14 17 0.087
195 612 38 25 0.087
464 271 14 17 0.087
245 0 13 11 0.087
204 38 12 22 0.086
519 433 13 16 0.086
440 21 7 9 0.086
546 146 12 23 0.085
204 584 18 21 0.085
174 134 26 12 0.085
778 309 11 15 0.085
180 72 16 10 0.084
609 147 11 13 0.084
176 229 16 16 0.084
54 524 16 20 0.083
142 180 12 14 0.083
447 -14 8 46 0.083
145 6 7 19 0.082
335 448 14 17 0.082
518 94 10 11 0.081
669 10 10 14 0.081
302 27 11 26 0.080
716 286 14 15 0.080
168 11 7 29 0.080
528 92 9 11 0.080
329 546 16 22 0.080
484 550 32 29 0.080
477 86 14 11 0.080
657 49 9 29 0.079
565 124 10 30 0.079
337 168 13 21 0.079
714 447 15 22 0.079
1008 563 15 20 0.079
1006 570 18 18 0.079
1016 169 7 12 0.078
266 459 14 17 0.078
790 367 13 42 0.078
522 91 16 17 0.078
124 326 16 18 0.078
278 536 13 16 0.078
276 27 16 16 0.077
131 130 25 11 0.077
491 26 9 11 0.077
571 274 13 15 0.077
534 92 9 12 0.076
627 329 28 15 0.076
882 126 10 12 0.076
73 657 23 24 0.075
269 81 15 27 0.075
595 226 11 13 0.075
380 48 22 10 0.075
123 67 11 23 0.073
397 150 10 14 0.073
328 99 18 12 0.073
651 2 9 23 0.073
204 359 11 14 0.073
720 372 13 41 0.072
585 50 8 11 0.072
211 56 15 23 0.072
73 421 16 19 0.072
714 219 10 29 0.072
125 70 9 13 0.072
134 34 13 28 0.072
870 107 10 13 0.072
957 202 16 15 0.072
230 409 14 18 0.072
231 85 9 12 0.071
473 92 8 25 0.071
517 257 12 17 0.071
133 325 10 16 0.071
238 457 15 19 0.071
70 645 18 23 0.071
165 3 9 10 0.070
169 211 12 14 0.070
58 267 14 15 0.070
579 321 12 16 0.070
861 315 11 14 0.070
180 384 14 19 0.070
396 498 21 44 0.070
93 84 9 12 0.070
312 111 10 23 0.069
291 336 11 14 0.069
487 4 9 9 0.069
319 96 20 15 0.069
681 224 13 21 0.068
51 669 17 19 0.068
325 16 11 14 0.068
453 178 11 15 0.068
166 363 11 16 0.068
773 484 13 16 0.068
103 558 18 23 0.068
598 356 16 44 0.068
69 325 14 16 0.068
129 393 14 19 0.068
729 392 15 84 0.067
260 643 21 24 0.067
143 38 7 26 0.067
508 232 13 26 0.066
62 241 12 15 0.066
208 355 13 15 0.066
586 358 11 24 0.066
219 405 14 17 0.066
743 203 12 21 0.066
288 346 11 15 0.066
406 436 13 17 0.066
528 199 13 24 0.066
955 441 12 17 0.065
921 641 15 18 0.065
100 470 16 34 0.065
760 175 9 11 0.065
674 61 10 11 0.065
168 88 10 12 0.064
56 262 11 14 0.064
140 47 9 12 0.064
212 350 25 18 0.063
932 185 11 13 0.063
315 121 20 21 0.063
581 194 10 25 0.063
232 460 17 19 0.063
140 56 18 16 0.062
330 373 14 20 0.062
482 1 6 9 0.062
365 32 10 24 0.062
723 119 10 12 0.062
549 241 12 15 0.062
454 409 14 17 0.062
109 471 18 20 0.062
494 136 12 32 0.062
419 339 15 23 0.061
549 350 12 16 0.061
104 486 16 19 0.061
522 255 13 69 0.061
625 310 12 13 0.061
437 249 29 13 0.061
667 61 14 14 0.060
374 0 8 22 0.060
611 385 13 17 0.060
324 422 12 16 0.060
492 165 11 20 0.060
706 126 10 83 0.059
638 37 9 30 0.059
134 65 12 21 0.059
591 284 12 14 0.059
270 184 11 31 0.058
186 65 15 25 0.058
478 78 15 22 0.058
409 418 15 25 0.058
327 350 13 18 0.058
181 128 12 16 0.058
657 258 12 15 0.058
568 20 12 11 0.057
408 180 11 31 0.057
931 139 14 48 0.057
606 26 14 10 0.057
685 122 10 14 0.057
755 213 9 12 0.057
690 224 12 95 0.057
260 40 13 27 0.057
363 348 11 15 0.057
523 434 17 22 0.057
697 304 28 22 0.056
342 72 12 29 0.056
722 287 9 15 0.056
774 312 15 16 0.056
989 379 12 15 0.056
151 228 26 14 0.056
284 0 10 10 0.056
322 8 14 29 0.056
534 61 9 12 0.056
167 5 10 24 0.055
765 65 10 25 0.055
859 172 11 14 0.055
723 113 10 12 0.055
797 318 12 16 0.054
213 10 7 30 0.054
237 392 10 14 0.054
857 108 11 88 0.054
376 145 10 25 0.053
633 308 38 19 0.053
305 0 11 14 0.052
304 40 10 28 0.052
378 109 17 19 0.052
394 345 13 17 0.052
148 12 9 27 0.052
434 210 10 14 0.052
404 8 8 28 0.052
961 397 14 19 0.051
568 15 8 23 0.051
298 9 11 27 0.051
94 81 13 18 0.051
940 139 9 12 0.050
616 375 15 19 0.050
169 52 13 21 0.050
547 296 15 16 0.050
548 356 13 24 0.050
675 393 11 15 0.050
611 452 12 17 0.050
71 170 10 13 0.049
248 194 11 17 0.049
975 456 13 17 0.049
958 513 14 17 0.049
377 178 11 22 0.049
47 523 19 21 0.049
715 586 53 27 0.049
403 161 12 21 0.049
125 86 10 15 0.049
256 460 18 18 0.048
754 378 11 16 0.048
782 150 13 12 0.048
565 220 12 17 0.048
134 390 12 18 0.048
742 481 13 19 0.048
648 1 9 10 0.047
676 53 15 21 0.047
917 152 13 13 0.047
537 138 8 107 0.047
162 232 15 15 0.047
690 73 12 13 0.047
955 201 13 14 0.047
171 360 15 43 0.046
211 0 13 27 0.046
165 23 14 29 0.046
664 54 18 27 0.046
447 220 10 94 0.046
481 125 31 10 0.046
310 97 30 10 0.046
475 119 12 26 0.046
683 129 10 17 0.046
531 237 11 14 0.046
841 422 15 19 0.046
571 71 8 12 0.045
298 -4 9 29 0.045
903 140 13 15 0.045
533 234 11 14 0.045
951 666 21 22 0.045
527 48 18 26 0.045
854 178 10 12 0.045
303 20 7 38 0.044
434 291 12 15 0.044
489 351 12 15 0.044
513 27 9 17 0.044
717 54 13 31 0.044
741 115 11 12 0.044
74 351 12 16 0.044
736 478 17 18 0.044
184 132 29 16 0.044
660 235 10 65 0.044
25 513 12 16 0.043
94 42 7 78 0.043
608 0 8 9 0.043
312 388 12 16 0.043
364 524 15 22 0.043
390 16 21 12 0.043
403 28 16 26 0.043
522 289 11 14 0.043
545 295 10 20 0.043
1017 501 8 20 0.043
241 112 8 92 0.043
626 165 11 19 0.042
84 148 10 13 0.042
112 541 15 22 0.042
305 390 14 35 0.042
326 337 14 17 0.042
485 54 19 20 0.041
190 -5 11 22 0.041
387 162 11 14 0.041
52 383 14 19 0.041
228 73 25 11 0.041
77 34 7 10 0.041
487 46 12 20 0.041
651 161 13 13 0.041
958 371 13 16 0.041
688 108 9 17 0.041
900 363 13 56 0.041
441 14 9 22 0.041
606 59 10 12 0.041
87 124 9 12 0.041
763 310 15 70 0.040
699 221 8 14 0.040
95 593 14 19 0.040
147 0 11 14 0.040
70 211 11 16 0.040
127 282 12 16 0.040
506 -7 9 45 0.040
93 150 11 14 0.040
439 194 8 104 0.039
681 172 9 61 0.039
226 401 15 25 0.039
332 321 18 101 0.039
125 396 22 19 0.039
467 19 9 13 0.039
668 20 11 23 0.039
849 180 12 12 0.039
518 94 26 12 0.039
824 159 11 14 0.039
250 199 14 14 0.039
622 215 12 18 0.039
564 266 9 98 0.038
620 332 11 14 0.038
691 236 15 18 0.038
623 62 14 28 0.038
411 81 10 19 0.038
202 362 12 15 0.038
751 382 13 17 0.038
499 100 12 32 0.038
176 386 14 18 0.038
575 436 17 20 0.038
333 0 12 30 0.037
766 64 9 11 0.037
114 294 12 15 0.037
373 139 12 85 0.037
1011 172 9 13 0.037
996 203 12 14 0.037
636 245 11 14 0.037
806 366 14 74 0.037
153 38 18 20 0.037
481 90 13 25 0.037
626 73 13 21 0.036
928 180 12 16 0.036
350 213 10 13 0.036
1001 394 12 17 0.036
311 125 31 11 0.036
304 162 17 24 0.036
674 1 9 10 0.036
404 48 10 30 0.036
126 8 8 10 0.036
800 317 14 15 0.036
841 356 12 17 0.036
396 464 31 91 0.036
293 99 8 42 0.035
530 191 13 14 0.035
543 290 11 16 0.035
589 366 14 21 0.035
816 137 11 14 0.035
496 283 11 15 0.035
393 9 17 28 0.035
154 27 15 28 0.035
816 143 11 15 0.035
501 320 13 16 0.035
405 217 10 14 0.034
819 436 13 19 0.034
723 1 7 9 0.034
705 70 12 27 0.034
536 86 10 17 0.034
248 457 34 21 0.034
518 126 12 96 0.034
183 4 9 31 0.034
69 166 11 14 0.034
464 416 15 17 0.034
351 -5 12 29 0.033
208 241 11 13 0.033
698 265 11 16 0.033
971 324 45 38 0.033
964 202 13 14 0.033
307 338 13 18 0.033
496 481 17 18 0.033
87 480 14 18 0.033
678 102 10 12 0.032
813 111 9 12 0.032
907 347 12 17 0.032
1014 397 10 46 0.032
673 397 11 16 0.032
1009 404 9 20 0.032
151 453 11 16 0.032
585 184 9 111 0.032
129 316 12 25 0.032
526 193 15 14 0.032
114 280 14 18 0.032
573 430 14 19 0.032
603 243 24 13 0.031
441 1 8 11 0.031
691 105 10 12 0.031
929 120 8 11 0.031
75 291 12 15 0.031
509 344 11 18 0.031
650 304 12 80 0.031
334 126 19 14 0.031
962 451 20 19 0.031
123 62 10 13 0.031
614 403 14 19 0.031
79 423 15 39 0.031
416 -3 16 20 0.031
507 9 10 30 0.031
639 137 11 109 0.030
346 12 14 27 0.030
999 343 11 14 0.030
624 130 11 102 0.030
960 358 12 34 0.030
615 452 15 23 0.030
515 259 24 13 0.030
568 227 9 110 0.030
893 330 12 15 0.030
684 467 14 17 0.030
42 511 11 16 0.030
512 188 10 106 0.030
854 166 20 25 0.030
748 35 7 108 0.030
290 16 23 16 0.030
485 52 9 44 0.030
672 61 14 25 0.030
492 17 8 24 0.030
764 323 12 24 0.029
299 366 12 16 0.029
848 449 11 16 0.029
321 333 18 49 0.029
775 65 10 12 0.029
391 382 15 18 0.029
56 396 16 20 0.029
16 563 14 20 0.029
18 581 17 21 0.029
622 78 20 11 0.029
483 0 7 22 0.029
263 116 13 22 0.029
579 215 16 25 0.029
89 212 16 85 0.029
665 87 13 13 0.029
713 242 11 20 0.029
462 159 8 106 0.029
62 224 10 13 0.028
554 419 13 18 0.028
154 13 17 27 0.028
450 364 14 18 0.028
376 516 14 19 0.028
983 376 21 19 0.028
473 134 10 54 0.028
733 10 9 104 0.028
738 82 7 112 0.028
86 68 10 12 0.028
673 81 9 13 0.028
476 249 12 19 0.028
508 335 12 19 0.028
54 348 19 18 0.028
483 62 16 30 0.028
198 37 21 27 0.028
87 61 10 12 0.027
673 525 13 18 0.027
911 574 16 21 0.027
614 99 11 16 0.027
757 169 10 14 0.027
72 286 12 16 0.027
478 347 12 16 0.027
981 455 15 19 0.027
323 591 17 21 0.027
600 146 21 18 0.027
604 359 15 16 0.027
937 159 11 14 0.027
773 303 14 17 0.027
68 415 17 22 0.027
548 258 16 15 0.026
200 580 14 19 0.026
574 220 20 14 0.026
111 546 15 25 0.026
133 2 8 11 0.026
215 355 12 15 0.026
338 2 7 55 0.026
564 2 8 10 0.026
608 107 14 27 0.026
586 4 9 11 0.025
939 328 14 17 0.025
428 401 16 18 0.025
307 12 11 31 0.025
570 208 11 23 0.025
128 51 13 27 0.025
483 80 8 38 0.025
754 373 12 14 0.025
816 446 15 20 0.025
337 578 16 21 0.025
247 555 13 17 0.025
466 18 8 10 0.024
242 90 13 24 0.024
342 587 18 22 0.024
136 141 10 96 0.024
581 129 11 29 0.024
764 102 17 107 0.024
683 152 7 109 0.024
89 172 22 62 0.024
487 -1 12 26 0.024
570 10 17 27 0.024
475 53 16 29 0.024
935 166 11 25 0.024
649 445 17 18 0.024
220 458 16 19 0.024
365 126 9 29 0.024
616 258 34 59 0.024
513 1 9 10 0.024
328 190 14 21 0.024
119 208 13 15 0.024
300 40 23 25 0.024
565 243 14 17 0.024
659 451 19 22 0.024
913 109 11 115 0.024
676 16 11 21 0.023
606 20 14 25 0.023
581 50 9 23 0.023
957 143 10 13 0.023
682 280 10 13 0.023
838 352 12 16 0.023
743 359 12 16 0.023
208 492 13 19 0.023
493 150 10 80 0.023
581 386 13 17 0.023
819 664 47 24 0.023
78 32 8 9 0.023
959 146 11 14 0.023
761 316 13 15 0.023
767 416 10 15 0.023
206 195 26 80 0.023
701 64 7 110 0.023
239 1 26 10 0.023
784 107 9 12 0.023
254 167 16 27 0.023
493 312 16 18 0.023
68 640 16 21 0.023
673 453 15 24 0.023
170 71 21 13 0.022
273 197 11 21 0.022
545 364 14 17 0.022
626 460 16 24 0.022
188 188 10 14 0.022
367 116 11 23 0.022
342 461 17 21 0.022
194 173 12 108 0.022
675 192 13 13 0.022
278 113 11 16 0.022
870 119 13 27 0.022
497 388 13 17 0.022
275 558 20 23 0.022
577 591 16 23 0.022
108 154 12 109 0.022
130 119 11 82 0.022
136 395 13 18 0.021
856 665 14 17 0.021
1013 164 9 15 0.021
328 419 13 18 0.021
673 106 14 108 0.021
491 122 11 45 0.021
315 675 18 20 0.021
253 65 14 26 0.021
625 422 13 18 0.021
220 166 12 72 0.021
703 609 17 23 0.021
414 0 25 9 0.021
252 -5 19 30 0.021
101 28 9 15 0.021
741 191 12 15 0.021
717 451 16 21 0.021
469 11 8 25 0.021
682 193 21 15 0.021
88 92 9 12 0.021
564 102 13 21 0.021
135 466 16 20 0.021
953 626 22 26 0.020
704 140 11 14 0.020
619 401 12 19 0.020
234 391 13 70 0.020
1003 336 21 19 0.020
505 192 21 17 0.020
188 433 18 24 0.020
503 0 10 19 0.020
282 332 15 19 0.020
465 214 12 111 0.020
402 213 11 16 0.020
434 433 14 18 0.020
824 325 16 23 0.020
455 158 10 12 0.020
253 203 12 13 0.019
336 605 18 25 0.019
516 223 11 14 0.019
702 320 57 39 0.019
331 13 17 31 0.019
340 583 17 19 0.019
745 478 13 18 0.019
177 16 15 46 0.019
561 100 9 16 0.019
378 212 10 14 0.019
112 253 13 16 0.019
935 341 13 17 0.019
669 527 18 26 0.019
302 -3 15 31 0.019
290 458 17 21 0.019
507 6 7 9 0.019
541 311 12 16 0.019
736 192 12 13 0.019
663 4 15 32 0.019
64 333 15 19 0.018
558 454 17 22 0.018
483 -9 5 38 0.018
675 23 10 22 0.018
846 546 15 19 0.018
473 118 10 50 0.018
408 90 9 14 0.018
771 94 11 18 0.018
478 448 11 15 0.018
561 228 14 27 0.018
508 349 12 54 0.018
940 181 13 18 0.018
586 51 13 14 0.018
455 150 11 21 0.018
1016 296 8 14 0.018
674 106 10 12 0.018
213 176 17 59 0.018
136 103 12 68 0.018
774 322 12 16 0.018
711 161 12 19 0.018
850 150 13 14 0.018
732 190 11 13 0.018
507 312 16 20 0.018
344 112 11 31 0.017
121 117 19 82 0.017
55 354 16 20 0.017
480 450 12 15 0.017
353 374 12 16 0.017
463 -16 8 113 0.017
688 278 37 84 0.017
97 465 17 19 0.017
266 -2 13 17 0.017
88 244 12 16 0.017
793 373 13 17 0.017
272 454 17 21 0.017
65 446 14 19 0.017
641 265 17 107 0.017
937 431 29 28 0.017
59 238 12 51 0.017
680 188 10 112 0.017
765 564 20 35 0.017
302 -2 20 16 0.017
249 202 10 13 0.017
117 254 13 17 0.017
883 433 17 21 0.017
156 14 14 53 0.017
595 101 8 115 0.017
852 316 12 15 0.017
436 83 9 116 0.017
398 -10 10 50 0.017
968 203 15 14 0.016
542 430 15 18 0.016
625 454 15 18 0.016
531 155 21 107 0.016
572 269 15 26 0.016
547 8 8 10 0.016
380 128 10 117 0.016
110 289 13 24 0.016
78 35 9 11 0.016
491 360 14 21 0.016
637 26 11 53 0.016
346 175 11 15 0.016
59 379 18 26 0.016
481 249 11 22 0.016
780 309 27 24 0.016
682 329 13 17 0.016
725 106 8 25 0.016
664 86 9 13 0.016
497 158 9 107 0.016
836 324 14 20 0.016
97 663 18 20 0.016
433 422 30 104 0.016
172 367 14 18 0.016
795 515 15 21 0.016
368 410 15 17 0.016
441 240 17 92 0.016
371 406 18 20 0.016
83 488 16 21 0.016
558 2 9 11 0.016
172 376 18 28 0.016
961 348 12 87 0.015
318 181 11 19 0.015
563 201 12 18 0.015
169 283 11 23 0.015
308 342 13 22 0.015
742 465 14 24 0.015
763 146 16 17 0.015
872 354 13 17 0.015
271 216 11 13 0.015
186 48 10 116 0.015
385 -1 17 30 0.015
73 333 15 28 0.015
559 56 12 21 0.015
407 352 12 17 0.015
265 99 10 71 0.015
955 306 13 16 0.015
201 223 28 24 0.015
216 151 12 107 0.014
413 -7 25 33 0.014
190 239 13 13 0.014
117 402 15 26 0.014
601 34 9 111 0.014
961 150 9 14 0.014
729 340 12 16 0.014
130 225 15 17 0.014
637 218 13 15 0.014
487 495 15 19 0.014
933 337 12 15 0.014
140 64 13 15 0.014
431 297 16 24 0.014
579 487 14 18 0.014
670 53 21 36 0.014
377 145 10 96 0.014
804 505 15 20 0.014
70 415 41 30 0.014
1016 343 9 17 0.014
567 -5 23 50 0.014
240 94 10 73 0.014
257 477 16 21 0.014
124 589 15 19 0.014
893 324 14 16 0.014
324 -13 10 57 0.014
968 373 18 17 0.014
548 426 14 19 0.014
663 179 12 14 0.014
506 316 17 26 0.014
291 150 17 109 0.014
884 624 21 25 0.014
126 0 14 26 0.014
363 405 13 17 0.013
107 89 14 27 0.013
216 143 13 20 0.013
800 510 17 21 0.013
972 519 14 18 0.013
77 153 10 26 0.013
203 172 9 14 0.013
95 58 10 18 0.013
352 59 12 22 0.013
945 305 13 14 0.013
878 440 18 24 0.013
766 177 11 11 0.013
451 142 13 97 0.013
333 230 10 11 0.013
639 213 11 15 0.013
958 527 16 26 0.013
853 662 15 17 0.013
727 344 12 15 0.013
201 389 15 18 0.013
128 11 10 29 0.013
428 148 9 12 0.013
481 367 14 21 0.013
342 206 12 19 0.013
434 251 10 14 0.013
501 18 16 30 0.013
423 374 13 20 0.013
407 479 14 16 0.013
579 145 16 77 0.013
622 205 11 126 0.013
23 538 14 18 0.013
206 96 11 106 0.013
149 90 10 111 0.013
403 20 23 42 0.013
874 159 14 16 0.013
344 345 12 15 0.012
953 365 14 19 0.012
319 136 10 106 0.012
465 211 12 15 0.012
724 1 11 8 0.012
259 336 15 17 0.012
20 561 16 21 0.012
475 502 16 18 0.012
51 536 19 29 0.012
21 513 35 23 0.012
520 219 14 21 0.012
66 662 17 22 0.012
201 355 13 15 0.012
403 670 17 18 0.012
208 590 18 23 0.012
788 343 38 95 0.012
324 333 13 16 0.012
855 430 15 21 0.012
91 75 11 26 0.012
55 288 12 16 0.012
910 351 16 18 0.012
239 548 17 22 0.012
229 142 13 94 0.012
521 67 13 21 0.012
352 205 23 25 0.012
882 138 12 18 0.012
103 233 14 24 0.012
222 142 18 116 0.012
511 302 14 65 0.012
697 2 9 11 0.012
524 20 9 20 0.012
338 444 18 19 0.012
942 541 19 23 0.012
143 -5 16 23 0.012
69 399 15 21 0.011
753 69 13 116 0.011
551 52 16 24 0.011
700 3 8 9 0.011
716 6 19 109 0.011
615 79 8 119 0.011
110 0 26 79 0.011
379 338 15 21 0.011
381 301 13 17 0.011
264 336 16 17 0.011
508 360 12 25 0.011
80 69 10 25 0.011
479 561 16 30 0.011
570 341 13 17 0.011
379 326 14 20 0.011
286 -5 13 29 0.011
569 1 13 30 0.011
233 78 10 27 0.011
197 48 31 39 0.011
578 393 11 14 0.011
758 209 10 14 0.011
410 331 13 16 0.011
139 203 12 23 0.011
63 496 14 19 0.011
520 321 13 21 0.011
622 127 14 26 0.010
123 18 9 25 0.010
99 595 16 21 0.010
521 25 12 26 0.010
82 227 13 15 0.010
120 260 11 16 0.010
569 439 14 19 0.010
349 589 17 21 0.010
391 -19 6 67 0.010
376 216 10 12 0.010
781 140 9 12 0.010
736 62 11 14 0.010
659 179 11 15 0.010
385 148 17 110 0.010
519 -1 9 11 0.010
342 541 18 21 0.010
692 -12 12 112 0.010
601 442 18 21 0.010
