10_People_Marching_People_Marching_2_191
71
659 321 20 24 0.832
328 238 15 18 0.822
747 325 21 26 0.797
453 320 17 25 0.768
96 315 16 21 0.762
379 239 13 17 0.756
514 314 19 29 0.748
969 344 18 28 0.736
336 306 17 24 0.734
81 292 18 24 0.723
317 302 14 19 0.722
242 309 19 26 0.706
137 305 15 20 0.685
183 316 17 20 0.683
384 316 18 21 0.681
21 302 18 20 0.676
845 317 23 29 0.586
498 332 12 18 0.563
827 322 18 26 0.524
254 292 16 20 0.451
1012 472 12 29 0.369
362 308 16 22 0.204
840 321 22 30 0.150
15 294 21 25 0.146
569 342 9 11 0.130
360 279 11 13 0.124
250 293 19 30 0.108
879 329 11 15 0.106
318 297 13 18 0.088
640 323 16 23 0.086
10 295 18 21 0.081
1000 470 25 28 0.080
141 302 15 21 0.070
740 319 19 28 0.069
232 308 16 21 0.062
987 462 19 29 0.060
1009 351 14 32 0.059
127 301 14 18 0.052
489 335 15 17 0.052
738 315 15 25 0.050
820 325 17 24 0.040
248 285 15 21 0.040
650 193 6 7 0.036
484 328 14 17 0.035
1005 478 19 25 0.032
789 469 13 26 0.032
636 327 15 21 0.028
558 335 9 13 0.025
572 341 9 11 0.025
325 282 8 12 0.024
123 298 12 15 0.024
319 306 15 20 0.024
562 341 10 13 0.023
635 317 16 24 0.020
733 341 12 18 0.020
1016 343 9 32 0.020
874 326 13 18 0.017
270 320 20 17 0.017
591 336 10 13 0.017
1005 314 15 22 0.016
269 322 13 16 0.015
5 294 16 22 0.013
1008 308 14 40 0.013
67 292 13 21 0.013
735 334 13 22 0.012
1004 360 16 24 0.012
803 332 18 20 0.011
1016 322 9 34 0.011
648 192 9 9 0.011
26 295 20 22 0.010
241 318 16 21 0.010
