10_People_Marching_People_Marching_10_People_Marching_People_Marching_10_People_Marching_People_Marching_10_1024
227
609 1991 84 79 0.840
207 1964 79 92 0.830
915 1788 48 54 0.824
366 1898 68 78 0.811
513 1845 42 49 0.790
3 1694 55 61 0.788
951 1929 59 62 0.786
173 1748 46 51 0.783
729 1854 49 56 0.762
610 1829 43 50 0.756
660 1805 38 45 0.750
984 1759 40 45 0.745
280 1047 23 29 0.733
578 1905 47 50 0.730
797 1787 43 47 0.720
457 1042 31 40 0.704
78 1709 43 50 0.701
860 1782 40 45 0.699
267 1748 40 46 0.673
342 1751 36 45 0.669
548 1781 34 38 0.667
489 1722 29 37 0.661
706 1069 28 35 0.661
992 1089 28 39 0.650
403 1787 49 57 0.648
902 1081 46 49 0.637
761 1743 32 38 0.636
885 1688 33 40 0.632
202 1053 28 34 0.582
859 1730 32 35 0.569
448 1829 37 43 0.545
630 1754 33 36 0.525
595 1764 33 38 0.517
568 1039 29 34 0.504
322 1044 21 26 0.440
464 1770 33 37 0.433
60 295 24 29 0.431
231 1720 29 32 0.415
397 342 23 27 0.410
378 376 26 29 0.370
130 1713 34 41 0.355
507 1793 29 34 0.337
95 356 21 25 0.329
668 1744 30 37 0.327
407 1052 30 36 0.324
778 1049 27 33 0.294
731 323 32 37 0.289
795 204 31 38 0.273
23 334 29 35 0.264
925 1739 29 38 0.261
490 1033 24 31 0.252
382 365 28 34 0.247
440 363 24 27 0.243
188 1753 50 49 0.233
377 1051 23 27 0.220
699 343 25 29 0.217
87 1712 52 51 0.208
699 1756 34 34 0.195
221 1755 32 39 0.186
236 348 22 23 0.186
643 1040 26 33 0.184
45 349 26 30 0.183
979 1669 31 39 0.183
849 1061 25 29 0.174
151 360 21 23 0.172
916 362 25 28 0.171
388 1053 37 30 0.170
451 358 23 28 0.169
858 347 23 27 0.166
224 1733 35 46 0.164
676 1746 41 41 0.158
731 1811 34 41 0.157
184 1052 35 35 0.154
695 333 46 33 0.150
309 328 29 35 0.150
985 300 36 65 0.140
572 1769 44 40 0.134
808 1751 30 34 0.127
348 1007 17 24 0.126
175 355 22 21 0.114
705 331 61 32 0.113
847 1048 27 34 0.113
386 331 27 93 0.102
630 356 19 24 0.098
114 1717 45 47 0.096
220 351 27 27 0.095
636 1750 69 36 0.094
230 1042 29 31 0.094
917 1079 46 41 0.094
419 1802 53 54 0.092
779 309 32 37 0.088
340 1008 21 42 0.087
200 358 28 25 0.085
704 1747 28 34 0.084
839 1041 26 32 0.084
104 1026 30 43 0.083
722 1770 33 34 0.083
658 1770 38 92 0.082
471 361 19 23 0.077
858 1041 25 33 0.076
56 258 25 126 0.073
870 1629 33 199 0.073
925 1722 26 34 0.070
145 356 51 27 0.063
99 1020 38 73 0.062
169 1056 39 30 0.061
550 1033 28 32 0.061
239 1024 26 44 0.059
702 1731 30 34 0.058
765 1718 29 34 0.056
672 337 35 36 0.052
107 1019 27 35 0.052
99 1051 35 45 0.051
608 1782 39 116 0.051
211 349 54 26 0.051
168 1050 27 31 0.050
439 361 45 26 0.049
481 1042 30 36 0.048
668 336 21 23 0.046
579 1039 29 36 0.045
271 333 78 35 0.044
316 323 30 35 0.041
246 346 25 28 0.041
888 997 22 28 0.040
943 319 25 35 0.040
906 399 22 28 0.039
672 1723 26 30 0.038
156 1745 165 48 0.037
712 1014 29 34 0.037
671 377 17 22 0.036
991 1634 24 39 0.036
775 1049 49 39 0.036
383 1734 41 39 0.035
154 1047 51 34 0.035
981 1085 32 40 0.035
39 1018 20 27 0.035
31 1023 22 45 0.035
672 345 22 53 0.035
849 1035 27 31 0.034
361 353 30 34 0.033
367 1064 25 27 0.032
35 1022 30 41 0.032
244 1721 42 39 0.031
273 1753 61 46 0.030
975 1192 25 30 0.029
851 1078 21 26 0.029
887 353 36 29 0.028
66 211 26 220 0.027
832 1038 23 26 0.026
641 1007 26 66 0.025
821 1028 27 36 0.025
696 1005 36 51 0.025
843 339 29 33 0.025
790 1002 94 136 0.025
724 1629 81 255 0.025
964 1677 29 33 0.025
399 1705 105 213 0.024
938 299 27 55 0.024
352 1007 21 22 0.024
548 1761 34 40 0.024
222 1048 26 32 0.024
549 1046 28 29 0.023
987 1774 36 45 0.023
673 1056 30 40 0.023
664 1726 25 31 0.022
725 1705 22 30 0.022
635 1004 27 30 0.022
720 1710 29 40 0.022
359 1727 33 37 0.022
722 345 34 34 0.021
888 987 31 30 0.021
625 1006 27 38 0.020
311 1037 22 28 0.020
685 1822 37 41 0.020
885 1674 30 36 0.020
615 353 34 37 0.020
987 1639 29 63 0.020
305 1011 24 55 0.019
977 1689 34 35 0.019
780 1060 35 32 0.019
260 354 28 29 0.019
604 1672 33 260 0.018
407 1732 39 39 0.018
84 1042 42 51 0.018
653 342 76 27 0.018
768 1709 24 29 0.017
119 1701 38 43 0.017
181 377 20 23 0.017
278 1026 25 34 0.017
8 1659 37 39 0.017
291 1728 29 36 0.017
625 361 23 25 0.016
158 1056 35 37 0.016
668 1004 26 29 0.015
769 1014 32 39 0.015
624 350 77 30 0.015
28 1048 24 31 0.015
604 360 50 20 0.015
936 289 32 39 0.014
1 961 21 50 0.014
790 1002 23 29 0.014
472 353 32 31 0.014
304 341 29 31 0.014
174 1664 120 210 0.014
658 1664 34 271 0.013
785 998 31 58 0.013
383 1015 26 50 0.013
662 996 40 67 0.013
707 1002 24 29 0.013
654 1717 38 50 0.013
930 306 30 37 0.013
18 1036 23 37 0.013
343 352 31 37 0.012
1 348 27 55 0.012
237 996 24 29 0.012
510 330 20 36 0.012
80 1724 45 47 0.012
238 337 22 24 0.012
585 1755 37 43 0.012
504 1021 31 37 0.012
291 992 23 27 0.012
391 1778 51 56 0.011
556 359 25 30 0.011
963 347 32 42 0.011
310 1047 23 28 0.011
460 1031 33 38 0.011
697 985 45 93 0.010
