10_People_Marching_People_Marching_2_1046
46
513 202 50 61 0.844
218 215 20 26 0.772
49 203 21 25 0.753
424 200 18 20 0.752
282 259 15 20 0.748
97 206 16 19 0.740
579 239 21 26 0.723
200 190 15 17 0.720
365 236 15 20 0.711
1007 228 17 26 0.711
742 238 20 24 0.639
171 245 23 28 0.613
876 233 18 17 0.575
684 196 11 13 0.476
587 194 11 12 0.441
138 238 18 22 0.401
955 201 14 18 0.164
328 197 11 13 0.142
0 267 7 24 0.109
876 237 19 21 0.036
399 192 15 18 0.032
77 209 12 14 0.031
960 197 13 16 0.030
346 194 10 13 0.027
349 190 10 13 0.026
392 197 14 23 0.026
713 254 19 32 0.025
153 242 20 25 0.025
11 208 12 15 0.017
391 195 12 17 0.016
432 197 14 17 0.016
326 191 10 12 0.016
392 193 19 19 0.015
0 256 11 30 0.015
0 275 6 22 0.014
625 219 9 14 0.014
328 254 9 11 0.013
81 204 28 20 0.013
440 200 12 18 0.013
593 205 12 14 0.013
883 234 15 18 0.013
403 190 14 17 0.013
133 241 20 23 0.013
956 207 19 22 0.012
688 193 10 12 0.011
181 255 17 23 0.011
