10_People_Marching_People_Marching_2_36
143
32 287 17 21 0.865
501 320 28 35 0.804
752 317 29 34 0.796
814 330 31 36 0.789
305 336 30 35 0.769
257 323 28 34 0.767
904 302 13 18 0.765
12 313 16 16 0.762
555 326 30 33 0.761
672 271 15 18 0.759
650 308 24 29 0.758
948 334 37 40 0.755
700 305 27 34 0.752
853 290 16 20 0.745
831 293 15 18 0.739
222 317 27 34 0.724
383 295 27 30 0.722
427 302 28 33 0.711
467 309 27 32 0.703
152 306 24 32 0.697
931 293 14 20 0.695
189 310 26 32 0.661
973 294 15 17 0.658
58 239 14 16 0.650
594 275 15 18 0.624
1006 292 13 16 0.613
94 308 16 21 0.598
960 278 15 18 0.568
320 291 22 26 0.554
523 285 18 20 0.528
567 289 17 18 0.515
112 285 23 30 0.513
813 293 16 18 0.510
638 293 14 18 0.460
693 288 10 13 0.442
720 281 11 13 0.380
52 409 11 13 0.376
132 292 22 28 0.364
356 289 23 28 0.361
612 303 19 23 0.339
784 293 14 17 0.252
256 231 15 18 0.197
300 278 20 28 0.171
136 296 28 32 0.165
492 280 16 20 0.163
529 284 22 22 0.161
607 305 18 24 0.161
764 284 9 12 0.151
89 302 38 25 0.147
552 327 22 27 0.125
544 288 18 22 0.118
678 305 18 23 0.116
933 289 13 18 0.113
695 309 21 28 0.106
22 432 10 11 0.103
285 321 22 28 0.090
342 290 22 27 0.090
808 296 15 18 0.083
390 290 27 30 0.082
639 290 12 15 0.074
688 304 18 25 0.072
792 291 10 12 0.070
561 292 19 20 0.068
765 283 11 13 0.065
731 302 19 24 0.065
795 319 17 24 0.061
784 291 11 13 0.061
89 307 11 18 0.058
403 294 20 25 0.052
609 314 20 26 0.048
59 375 11 15 0.047
687 291 15 18 0.047
611 331 18 21 0.046
590 281 15 17 0.043
940 286 17 22 0.041
18 430 10 13 0.039
548 294 19 22 0.038
595 312 24 29 0.037
621 309 17 23 0.036
936 292 20 27 0.036
695 284 15 12 0.035
486 278 20 26 0.033
783 281 30 58 0.032
739 300 13 17 0.030
782 314 19 23 0.030
585 317 20 25 0.030
481 -1 309 93 0.028
325 286 21 25 0.026
956 300 13 16 0.025
488 228 11 12 0.025
738 310 19 25 0.024
957 252 23 85 0.024
145 309 22 26 0.024
362 234 7 7 0.023
951 297 16 17 0.023
544 280 22 21 0.023
515 284 19 21 0.023
515 317 42 42 0.023
799 323 18 23 0.023
0 323 7 15 0.022
422 309 21 29 0.021
794 298 15 26 0.020
599 320 21 28 0.020
615 326 17 21 0.020
771 279 10 11 0.020
242 315 35 41 0.019
677 271 47 41 0.019
982 335 23 30 0.019
620 279 13 14 0.019
968 274 13 16 0.018
518 292 22 23 0.018
683 258 52 66 0.017
590 298 20 25 0.017
595 283 18 25 0.016
868 316 11 16 0.016
749 321 20 27 0.016
942 332 22 23 0.016
674 331 18 23 0.016
948 337 24 30 0.015
459 307 22 27 0.015
61 371 13 16 0.015
637 291 19 26 0.015
859 292 14 17 0.014
92 298 12 16 0.014
937 255 54 84 0.014
496 236 13 12 0.013
489 222 17 26 0.013
561 273 12 15 0.013
296 277 19 25 0.013
869 312 11 15 0.013
513 263 15 19 0.012
689 317 18 23 0.012
538 325 21 24 0.012
807 287 14 17 0.012
369 292 22 25 0.012
546 329 16 21 0.012
517 264 17 19 0.011
306 292 20 21 0.011
629 276 16 26 0.011
14 307 16 17 0.011
667 327 20 25 0.011
555 239 6 10 0.010
729 309 22 25 0.010
