10_People_Marching_People_Marching_2_269
242
769 238 25 32 0.842
655 191 8 10 0.665
244 206 11 14 0.624
724 199 9 11 0.580
68 220 10 13 0.562
749 195 9 10 0.560
943 181 9 11 0.473
199 219 12 15 0.442
604 194 8 10 0.423
858 176 14 16 0.382
808 186 6 9 0.335
607 196 9 11 0.330
694 184 6 8 0.319
571 196 6 8 0.306
967 181 9 11 0.284
887 174 9 11 0.279
723 183 7 9 0.277
918 171 10 12 0.266
197 320 15 20 0.246
840 214 8 9 0.238
337 203 8 8 0.238
389 206 7 8 0.217
774 186 7 10 0.202
340 199 6 9 0.201
522 198 7 9 0.198
947 192 9 13 0.187
942 186 10 13 0.179
588 193 7 8 0.179
775 189 6 10 0.179
497 203 9 12 0.179
964 187 10 12 0.178
481 206 11 12 0.164
667 184 7 8 0.160
940 177 10 14 0.159
706 224 8 11 0.151
479 210 9 11 0.145
478 205 11 12 0.139
677 195 8 10 0.136
308 205 5 7 0.135
325 209 7 7 0.135
435 210 6 8 0.130
43 161 9 12 0.128
607 200 9 12 0.124
920 172 10 15 0.106
535 193 8 17 0.105
538 195 8 9 0.104
943 158 10 56 0.104
628 193 9 9 0.104
773 184 7 8 0.103
600 190 10 19 0.100
195 222 11 15 0.100
690 183 9 15 0.100
523 196 9 9 0.098
614 191 10 11 0.098
964 172 10 21 0.097
320 209 9 9 0.096
416 207 6 8 0.093
1015 189 8 12 0.089
83 176 7 9 0.089
7 220 7 8 0.087
490 202 12 14 0.085
392 206 7 8 0.085
58 212 9 11 0.082
611 200 9 13 0.080
692 188 10 10 0.079
942 236 11 15 0.077
494 202 13 10 0.072
306 204 6 7 0.069
664 182 11 21 0.066
601 195 9 8 0.066
718 183 14 10 0.065
475 213 9 10 0.064
790 194 8 10 0.062
538 201 10 8 0.062
787 191 10 19 0.061
960 172 11 12 0.061
61 217 11 14 0.061
627 191 12 16 0.059
727 199 9 11 0.059
854 162 18 49 0.057
710 183 7 9 0.055
486 205 19 12 0.055
254 252 10 12 0.055
525 197 10 19 0.054
843 189 9 11 0.051
941 182 39 16 0.051
794 181 9 9 0.051
828 177 9 10 0.050
312 204 9 15 0.048
787 181 9 10 0.048
1015 192 8 16 0.048
652 215 10 12 0.048
611 194 24 11 0.048
969 175 11 15 0.047
476 201 34 20 0.047
664 185 16 25 0.047
742 220 9 12 0.047
832 176 10 10 0.046
7 218 8 15 0.045
188 221 13 13 0.045
142 222 7 8 0.043
887 167 10 13 0.043
944 239 12 14 0.043
551 201 10 13 0.040
632 203 8 11 0.040
883 155 26 48 0.039
584 185 9 19 0.039
673 194 19 10 0.039
437 195 8 9 0.039
760 180 8 9 0.039
518 195 9 10 0.039
770 186 21 9 0.038
993 182 8 11 0.038
520 198 23 9 0.038
382 206 7 8 0.038
524 200 9 10 0.037
282 220 7 8 0.037
382 203 8 16 0.036
865 171 20 18 0.036
319 209 15 7 0.035
313 209 13 7 0.035
523 216 9 12 0.035
786 200 9 11 0.035
990 176 9 20 0.035
85 199 10 12 0.034
705 177 14 23 0.034
234 298 13 17 0.034
961 168 10 11 0.033
988 188 8 10 0.033
839 191 8 10 0.033
-1 274 7 18 0.032
547 235 8 10 0.031
227 210 10 13 0.030
656 192 26 10 0.029
321 213 7 8 0.029
468 204 10 20 0.029
773 179 18 25 0.029
414 195 10 26 0.029
743 227 10 14 0.028
435 213 6 7 0.028
681 200 8 10 0.028
699 184 24 11 0.028
986 168 15 23 0.027
138 219 11 16 0.027
339 195 9 9 0.026
844 176 15 24 0.026
646 215 9 11 0.026
828 176 20 8 0.025
897 176 11 11 0.025
234 304 11 14 0.025
966 179 25 16 0.025
648 215 16 16 0.025
22 260 14 18 0.025
416 201 7 17 0.024
935 162 10 15 0.024
279 217 9 18 0.023
859 173 34 14 0.022
753 179 11 25 0.022
344 194 8 10 0.022
226 219 12 14 0.022
830 172 14 24 0.022
549 220 9 17 0.021
845 173 18 18 0.021
435 211 9 14 0.021
86 197 14 15 0.021
553 187 14 27 0.021
228 198 9 11 0.020
988 169 11 11 0.020
100 231 9 13 0.020
554 183 8 9 0.020
732 179 10 10 0.020
874 197 9 13 0.020
959 182 16 16 0.020
969 169 13 26 0.019
434 190 9 30 0.019
915 166 10 13 0.019
923 193 10 12 0.019
912 174 10 12 0.019
0 247 8 15 0.018
845 170 9 36 0.018
78 208 13 21 0.018
418 226 6 17 0.018
743 176 9 13 0.018
43 216 8 10 0.018
519 219 11 12 0.018
977 168 10 11 0.018
790 225 12 13 0.018
10 219 9 9 0.017
876 170 9 10 0.017
0 252 8 18 0.017
838 175 33 13 0.017
742 201 10 29 0.016
229 194 15 25 0.016
756 175 11 25 0.016
425 199 17 28 0.015
460 197 13 21 0.015
94 210 11 33 0.015
100 180 12 17 0.015
992 167 12 25 0.015
87 218 13 18 0.015
393 192 15 26 0.015
99 211 13 14 0.015
39 231 9 11 0.014
428 188 10 27 0.014
687 182 8 10 0.014
949 198 9 13 0.014
809 207 10 18 0.014
235 309 12 16 0.014
58 209 7 10 0.014
94 193 12 18 0.013
811 216 10 12 0.013
916 174 9 12 0.013
389 203 11 8 0.013
644 207 13 21 0.013
470 215 10 19 0.013
305 203 8 18 0.013
415 207 30 14 0.013
832 170 8 9 0.013
41 213 10 25 0.012
5 225 11 24 0.012
658 231 11 13 0.012
0 270 9 23 0.012
1016 200 8 13 0.012
7 208 10 41 0.012
100 219 11 24 0.012
975 170 23 16 0.012
8 230 10 18 0.012
418 232 6 8 0.012
899 172 27 14 0.012
663 236 11 13 0.011
141 226 7 8 0.011
792 201 13 11 0.011
1006 194 10 15 0.011
196 186 6 7 0.011
533 194 23 13 0.011
501 191 11 16 0.011
770 161 25 69 0.010
625 234 11 13 0.010
91 179 13 24 0.010
920 195 9 12 0.010
474 201 13 11 0.010
156 228 8 7 0.010
