10_People_Marching_People_Marching_2_498
69
411 584 26 31 0.816
70 146 21 29 0.811
895 418 21 27 0.800
784 543 26 29 0.800
28 16 22 26 0.798
346 419 26 30 0.797
1002 275 22 27 0.794
608 130 24 27 0.794
955 545 23 31 0.771
704 0 21 25 0.763
543 6 25 27 0.758
721 419 25 28 0.758
575 598 24 31 0.738
773 134 24 27 0.736
664 283 22 23 0.735
163 422 22 30 0.734
363 30 20 25 0.731
36 614 26 26 0.729
290 285 23 25 0.724
540 443 22 29 0.720
240 138 22 24 0.719
942 127 23 25 0.712
190 29 23 25 0.707
835 277 22 29 0.671
877 13 21 23 0.646
473 298 19 23 0.550
119 272 20 23 0.535
213 594 25 28 0.398
650 8 19 19 0.367
0 449 16 28 0.295
380 81 17 17 0.277
439 189 19 22 0.254
215 61 19 21 0.208
423 152 23 28 0.191
263 172 18 19 0.183
801 177 19 19 0.178
291 266 22 26 0.175
290 275 22 26 0.155
727 19 21 23 0.136
2 440 15 24 0.103
882 7 19 22 0.098
0 434 12 23 0.096
125 305 18 21 0.084
291 -2 17 15 0.074
722 13 22 26 0.050
543 453 21 24 0.049
211 611 24 26 0.048
901 41 17 20 0.040
494 325 17 20 0.036
210 601 22 26 0.032
426 145 21 27 0.031
219 67 19 19 0.029
840 287 23 27 0.025
854 299 20 27 0.024
216 72 16 18 0.021
294 1 19 19 0.020
646 9 17 19 0.019
0 460 17 22 0.018
257 175 19 18 0.018
1004 259 22 25 0.017
270 172 15 18 0.016
957 181 22 25 0.016
295 291 21 24 0.015
1008 253 15 27 0.013
857 309 20 23 0.013
376 75 18 19 0.012
479 298 22 40 0.011
227 68 17 19 0.011
256 163 20 23 0.010
