10_People_Marching_People_Marching_2_401
245
193 352 52 67 0.895
330 404 69 85 0.883
90 513 66 78 0.875
640 529 74 100 0.871
724 382 38 48 0.861
661 267 33 40 0.856
729 303 34 44 0.847
798 283 46 48 0.846
19 409 58 65 0.843
854 503 81 118 0.840
66 319 27 34 0.825
352 277 21 25 0.821
550 494 56 66 0.819
780 351 47 77 0.815
385 250 20 24 0.812
541 242 23 31 0.812
102 391 37 44 0.800
423 241 22 27 0.791
567 264 29 40 0.783
307 326 26 32 0.782
671 421 41 49 0.771
348 333 32 38 0.771
283 294 24 30 0.767
188 268 25 28 0.756
741 253 18 24 0.753
252 273 21 28 0.743
327 291 20 25 0.739
101 280 30 38 0.731
850 249 35 51 0.729
746 232 13 16 0.723
702 242 14 17 0.720
381 312 27 30 0.712
314 269 17 23 0.708
356 253 14 17 0.706
207 302 25 30 0.702
924 267 25 33 0.694
647 354 39 40 0.692
627 250 26 36 0.691
508 242 19 23 0.690
478 268 20 27 0.681
609 478 46 63 0.672
495 346 32 49 0.655
0 350 21 58 0.620
46 290 23 28 0.615
765 265 24 32 0.585
493 266 30 40 0.533
820 247 24 28 0.533
422 354 30 39 0.533
759 266 21 28 0.528
613 236 17 22 0.519
994 271 22 35 0.510
33 269 20 26 0.494
941 246 16 21 0.460
487 240 15 17 0.457
665 239 17 19 0.433
782 261 26 37 0.406
746 257 21 26 0.401
168 263 16 22 0.384
984 233 15 19 0.375
239 284 17 23 0.359
374 317 30 34 0.349
177 321 28 34 0.346
69 282 19 22 0.308
901 236 13 16 0.306
336 265 16 19 0.289
315 254 14 17 0.271
633 232 17 20 0.268
589 249 19 26 0.266
793 213 8 10 0.233
298 272 14 20 0.207
971 249 14 20 0.191
590 229 13 14 0.190
914 248 13 16 0.174
696 240 34 19 0.166
1 287 8 24 0.164
858 460 51 76 0.145
659 358 39 48 0.141
262 382 32 42 0.129
815 244 22 22 0.126
987 235 17 22 0.123
184 267 21 25 0.122
810 243 17 21 0.117
984 239 17 27 0.112
859 233 16 25 0.111
781 270 23 39 0.109
731 251 15 20 0.109
594 254 19 24 0.107
915 251 22 31 0.106
546 303 23 29 0.098
973 252 16 23 0.096
446 218 10 11 0.090
763 255 34 47 0.090
627 220 17 18 0.089
625 216 14 15 0.088
74 282 59 29 0.083
711 216 10 12 0.078
899 239 14 20 0.076
995 291 20 40 0.074
266 385 39 50 0.072
167 270 15 19 0.072
493 314 36 53 0.068
82 301 36 43 0.067
313 359 28 37 0.067
134 287 15 25 0.065
170 257 16 20 0.064
495 275 33 49 0.063
926 235 11 16 0.063
982 204 11 15 0.062
255 245 15 19 0.061
455 251 14 17 0.061
937 239 17 23 0.060
590 241 45 26 0.059
630 216 13 14 0.057
581 245 21 25 0.055
707 216 11 19 0.055
759 182 10 13 0.053
228 291 20 26 0.052
835 250 19 26 0.051
300 372 41 47 0.050
448 247 17 20 0.050
983 228 14 17 0.050
596 217 34 69 0.050
326 230 12 13 0.049
990 245 17 25 0.049
283 244 14 18 0.049
860 233 13 16 0.049
927 231 10 13 0.046
177 252 16 20 0.046
37 272 23 31 0.046
920 276 22 27 0.044
722 245 16 17 0.043
731 246 13 15 0.043
822 241 21 23 0.043
303 329 35 42 0.043
603 260 16 22 0.043
792 215 10 13 0.042
666 244 19 22 0.042
462 226 14 14 0.040
863 228 12 17 0.039
226 282 19 22 0.039
459 254 13 17 0.038
920 260 21 30 0.037
759 236 11 15 0.036
649 257 38 42 0.036
996 259 23 36 0.036
904 234 12 14 0.036
1013 151 11 20 0.036
902 212 7 11 0.035
180 319 20 26 0.035
694 237 70 25 0.034
976 254 21 27 0.033
759 179 13 13 0.032
728 249 12 15 0.031
366 260 16 20 0.031
859 221 45 63 0.030
952 342 26 36 0.030
944 233 14 28 0.030
1004 260 18 27 0.029
718 206 9 10 0.029
658 237 20 18 0.029
329 234 17 22 0.028
987 228 15 20 0.028
819 234 18 23 0.028
332 243 18 20 0.027
562 231 15 20 0.027
717 210 10 15 0.027
592 224 11 12 0.026
854 245 24 32 0.026
1006 254 16 24 0.025
659 247 18 24 0.025
182 250 16 20 0.025
243 243 17 19 0.024
2 287 16 22 0.024
313 261 19 24 0.024
847 255 22 29 0.022
485 221 16 25 0.022
954 272 21 28 0.022
714 217 10 12 0.021
175 334 26 36 0.021
962 202 8 11 0.021
714 210 10 10 0.021
917 280 18 25 0.020
782 286 15 25 0.020
234 241 14 18 0.020
328 304 22 27 0.020
466 226 15 12 0.019
666 229 16 22 0.019
936 266 21 28 0.019
412 326 19 24 0.019
312 345 24 28 0.019
629 211 11 11 0.019
574 234 19 19 0.019
174 257 24 23 0.018
147 384 38 41 0.018
544 228 19 20 0.017
466 225 8 10 0.017
97 283 19 26 0.017
973 265 18 29 0.017
360 268 19 25 0.016
579 227 18 19 0.016
911 251 17 21 0.016
382 319 35 46 0.016
518 237 20 21 0.016
623 506 67 91 0.015
342 235 17 20 0.015
280 247 29 22 0.015
259 247 18 20 0.015
822 209 12 14 0.015
482 215 11 14 0.014
760 184 12 14 0.014
172 330 18 26 0.014
979 209 12 19 0.014
404 258 15 18 0.014
326 318 19 24 0.014
697 279 16 23 0.013
0 284 12 63 0.013
459 229 16 28 0.013
757 227 23 77 0.013
678 210 8 19 0.013
846 233 18 21 0.013
182 239 14 19 0.013
660 262 24 30 0.013
959 368 36 55 0.013
484 211 12 24 0.013
961 200 9 21 0.012
596 261 20 28 0.012
475 245 19 21 0.012
654 221 11 13 0.012
236 309 16 22 0.012
132 294 19 24 0.012
678 209 7 10 0.012
869 213 12 20 0.011
655 223 17 17 0.011
960 239 18 24 0.011
900 209 10 17 0.011
224 304 21 26 0.011
305 368 28 40 0.011
786 255 19 23 0.011
238 239 15 21 0.011
704 216 9 11 0.011
33 262 17 24 0.010
172 378 36 44 0.010
932 221 11 13 0.010
202 228 15 23 0.010
257 278 20 26 0.010
