10_People_Marching_People_Marching_2_34
938
625 718 33 43 0.803
342 642 12 16 0.798
85 735 22 28 0.783
995 721 29 42 0.780
525 712 30 39 0.770
370 641 13 17 0.763
759 745 30 28 0.760
714 703 24 29 0.759
404 719 18 26 0.754
306 717 19 24 0.743
863 723 29 33 0.739
455 637 13 16 0.730
176 748 26 24 0.730
669 710 24 29 0.729
174 689 15 19 0.715
590 688 23 31 0.713
398 658 17 20 0.713
836 670 19 25 0.711
102 682 15 21 0.701
447 684 16 20 0.684
32 621 9 12 0.682
810 638 15 18 0.673
218 670 12 18 0.665
452 548 8 9 0.656
167 635 11 15 0.654
307 626 11 14 0.646
745 551 9 11 0.619
604 622 11 14 0.617
341 575 8 11 0.615
246 564 9 11 0.599
12 621 9 11 0.584
38 684 15 18 0.584
382 671 16 19 0.583
663 668 15 19 0.580
363 566 8 9 0.560
189 579 9 11 0.554
250 583 9 11 0.554
243 641 13 17 0.554
666 532 8 11 0.547
439 530 7 8 0.545
914 523 8 10 0.543
126 605 9 11 0.543
299 589 9 12 0.539
999 651 13 20 0.537
732 604 10 13 0.536
523 583 10 12 0.535
100 556 10 12 0.528
799 568 10 12 0.521
514 689 18 30 0.519
785 549 8 11 0.519
56 576 8 10 0.515
505 637 14 18 0.501
460 526 7 9 0.499
294 570 10 12 0.497
566 564 9 13 0.497
92 620 10 11 0.497
408 548 8 10 0.484
67 563 9 10 0.482
276 585 8 12 0.482
492 524 7 9 0.479
734 580 10 13 0.466
806 517 6 8 0.462
425 549 8 9 0.451
753 610 12 15 0.451
193 535 8 10 0.449
912 548 8 11 0.447
193 563 10 11 0.447
553 625 10 13 0.444
385 537 8 9 0.440
700 681 18 20 0.438
747 512 7 9 0.431
381 562 7 9 0.421
656 559 10 12 0.418
377 582 9 11 0.418
952 665 14 21 0.418
667 611 11 13 0.414
346 624 10 13 0.414
621 626 13 16 0.412
419 531 7 9 0.408
205 583 9 10 0.408
592 575 10 12 0.405
764 591 11 12 0.403
150 595 8 10 0.401
226 730 14 21 0.399
714 659 14 19 0.397
81 599 10 12 0.391
226 680 14 19 0.388
628 519 7 10 0.382
720 579 9 11 0.382
639 582 10 11 0.378
752 575 10 13 0.378
536 598 9 11 0.370
504 621 12 13 0.361
121 570 9 12 0.357
812 587 11 13 0.357
696 569 8 11 0.355
873 518 7 8 0.353
612 663 13 17 0.347
760 524 8 10 0.345
261 669 12 15 0.345
101 605 9 11 0.343
514 505 6 8 0.341
227 548 8 10 0.339
675 522 8 10 0.333
134 547 8 9 0.327
279 541 7 9 0.325
935 498 6 8 0.319
76 569 8 10 0.318
68 618 10 12 0.318
147 625 10 12 0.318
513 525 8 9 0.316
64 640 11 14 0.314
457 580 10 13 0.310
657 575 9 12 0.306
229 594 9 12 0.306
562 652 12 15 0.306
480 626 11 14 0.304
341 593 8 12 0.302
780 584 9 11 0.302
340 604 10 14 0.301
421 692 14 18 0.301
351 530 7 10 0.299
927 567 8 10 0.291
498 591 10 12 0.291
852 509 5 8 0.289
71 566 10 11 0.286
625 586 10 13 0.279
691 579 10 11 0.273
463 733 16 28 0.271
95 612 10 13 0.271
280 628 10 12 0.271
245 599 10 13 0.259
411 596 13 14 0.258
318 664 12 17 0.258
834 551 7 8 0.256
1008 587 12 16 0.256
464 595 11 13 0.256
218 637 10 11 0.254
764 503 7 9 0.251
325 561 8 10 0.247
206 550 9 9 0.244
384 588 10 12 0.244
588 586 10 13 0.238
0 612 7 11 0.233
326 648 11 15 0.231
517 581 12 12 0.228
562 589 10 12 0.228
674 568 9 11 0.225
814 588 15 13 0.225
223 606 10 13 0.225
858 564 8 10 0.217
359 543 8 10 0.216
425 578 8 9 0.216
839 585 10 12 0.216
380 585 10 13 0.214
81 632 9 13 0.213
162 611 9 11 0.211
625 516 8 10 0.208
694 574 9 15 0.208
661 500 7 13 0.204
0 667 5 18 0.204
899 565 10 13 0.202
20 575 8 11 0.201
558 589 11 14 0.201
681 485 6 9 0.199
842 481 7 9 0.199
958 569 8 10 0.198
902 627 10 15 0.198
271 685 15 22 0.194
70 605 10 13 0.192
315 613 10 13 0.192
173 712 14 21 0.192
672 515 8 12 0.191
12 545 8 11 0.191
170 569 9 12 0.188
628 601 11 19 0.188
827 516 7 9 0.186
695 494 6 7 0.184
825 671 16 23 0.184
153 547 9 11 0.183
511 582 8 10 0.183
943 544 7 10 0.182
564 560 8 12 0.180
567 536 9 11 0.176
338 569 12 19 0.176
218 538 8 8 0.175
581 539 8 10 0.175
290 562 14 21 0.175
830 566 9 11 0.175
257 591 10 13 0.174
93 614 10 23 0.173
446 610 10 13 0.171
628 609 12 21 0.171
505 618 13 26 0.171
441 579 10 19 0.168
725 623 12 15 0.166
690 581 11 14 0.165
614 625 17 15 0.165
311 684 16 19 0.161
934 518 8 8 0.160
992 652 14 20 0.160
553 573 9 12 0.159
761 645 10 13 0.159
254 595 11 13 0.158
333 727 20 25 0.157
19 569 10 13 0.155
562 659 15 20 0.155
985 588 9 12 0.154
461 584 11 22 0.154
197 520 7 9 0.151
746 577 18 12 0.151
460 529 7 10 0.150
555 618 10 35 0.149
857 606 10 14 0.148
657 500 8 23 0.145
265 677 15 26 0.145
725 615 11 15 0.143
926 658 17 25 0.143
538 525 7 9 0.141
207 547 10 11 0.141
761 499 10 14 0.140
350 532 9 12 0.138
405 597 11 14 0.138
89 601 13 13 0.136
228 597 10 14 0.136
944 596 9 12 0.135
21 621 24 13 0.135
316 542 8 9 0.134
355 611 10 13 0.134
392 634 13 13 0.132
211 671 13 16 0.132
267 486 6 10 0.128
231 493 7 8 0.128
731 469 6 7 0.124
34 551 9 10 0.124
660 504 7 10 0.124
280 536 8 23 0.123
821 608 12 15 0.123
150 593 11 20 0.122
6 526 8 10 0.120
627 582 12 14 0.119
57 630 10 12 0.119
684 598 10 14 0.117
11 586 9 11 0.116
711 653 17 44 0.115
512 501 6 28 0.115
926 563 8 17 0.115
442 581 8 11 0.114
377 559 9 11 0.113
890 508 6 9 0.112
159 557 9 12 0.112
281 562 8 12 0.111
472 551 10 11 0.110
196 622 9 12 0.110
617 574 12 18 0.110
490 602 11 13 0.110
462 569 9 11 0.109
446 602 10 14 0.109
749 492 6 9 0.108
728 510 7 9 0.107
301 680 16 20 0.107
779 520 8 10 0.106
196 526 8 10 0.106
563 673 18 20 0.106
906 454 6 9 0.105
984 632 12 16 0.105
233 679 13 19 0.105
693 492 7 8 0.104
18 521 8 10 0.104
816 580 11 24 0.104
39 650 11 13 0.103
295 565 9 27 0.102
996 606 12 15 0.102
861 484 6 8 0.101
850 510 10 10 0.100
626 516 8 16 0.099
755 515 9 16 0.099
362 564 15 12 0.099
201 617 10 13 0.099
986 654 12 16 0.099
11 689 11 17 0.098
-1 559 8 14 0.098
0 664 8 29 0.097
15 522 10 12 0.096
219 538 8 13 0.096
27 556 10 12 0.096
387 612 12 16 0.096
324 551 8 27 0.095
578 611 12 17 0.095
562 555 8 10 0.094
939 600 14 17 0.094
963 597 11 15 0.093
574 538 14 11 0.092
813 505 7 8 0.092
657 561 16 13 0.092
915 491 6 8 0.091
492 502 6 8 0.091
871 501 6 9 0.091
37 516 7 12 0.091
68 614 14 15 0.091
382 637 18 16 0.090
938 606 13 18 0.090
256 493 7 8 0.090
1018 536 6 14 0.090
859 557 9 19 0.090
685 595 9 12 0.090
987 627 13 17 0.090
454 525 7 53 0.089
537 507 7 8 0.088
98 560 10 13 0.087
313 572 9 12 0.087
81 596 9 11 0.087
858 545 8 10 0.087
161 554 9 12 0.087
26 561 9 11 0.087
354 631 13 16 0.087
813 566 11 54 0.085
33 619 11 25 0.085
6 549 11 14 0.085
996 709 21 24 0.085
758 611 11 14 0.084
844 646 15 19 0.083
164 607 12 13 0.082
66 617 10 19 0.081
642 444 5 7 0.081
362 546 8 28 0.081
838 610 12 16 0.081
155 545 11 21 0.080
655 646 12 16 0.080
141 681 11 17 0.080
577 537 9 10 0.080
227 493 8 8 0.079
801 487 7 8 0.079
12 492 8 9 0.078
833 543 7 40 0.077
788 470 6 8 0.077
828 466 6 9 0.077
905 554 11 14 0.077
636 689 26 26 0.076
177 603 17 12 0.076
390 521 7 9 0.075
297 493 6 8 0.075
1006 633 13 21 0.075
276 576 11 17 0.074
565 561 9 24 0.074
625 569 13 41 0.073
797 529 9 79 0.073
666 460 6 10 0.072
728 605 11 15 0.072
697 458 6 8 0.072
616 545 7 9 0.072
229 636 13 14 0.072
935 513 9 21 0.071
188 604 16 12 0.071
327 486 6 9 0.070
224 610 10 12 0.070
581 611 13 14 0.070
556 594 11 21 0.069
882 459 7 9 0.069
79 464 6 16 0.068
613 589 9 13 0.068
449 635 15 17 0.068
421 577 9 11 0.067
63 619 11 25 0.067
166 662 12 16 0.067
315 668 15 27 0.067
707 685 19 24 0.067
224 684 13 18 0.066
819 586 14 14 0.066
992 613 13 17 0.064
486 631 11 14 0.064
354 527 8 22 0.064
262 483 12 20 0.064
832 433 7 9 0.063
911 494 7 16 0.063
63 622 10 12 0.063
293 537 12 71 0.063
779 520 10 15 0.062
446 569 8 11 0.062
840 583 14 13 0.062
1002 639 14 22 0.062
623 583 24 13 0.062
908 502 7 10 0.061
6 443 8 9 0.060
651 522 9 10 0.060
66 541 11 61 0.060
685 549 8 17 0.060
503 602 10 12 0.060
446 599 10 26 0.059
732 463 7 21 0.059
326 484 7 14 0.059
454 504 7 8 0.059
161 491 6 8 0.058
774 518 8 10 0.058
514 503 6 17 0.058
427 617 10 13 0.058
577 618 11 14 0.058
852 588 8 12 0.057
684 545 9 12 0.057
318 643 12 66 0.057
652 457 8 9 0.056
581 534 9 23 0.056
96 681 14 20 0.056
500 571 9 66 0.055
142 462 8 18 0.055
874 505 7 32 0.055
935 493 7 19 0.055
538 516 8 22 0.055
1017 532 7 13 0.055
785 586 9 12 0.055
591 640 11 14 0.055
460 548 9 81 0.054
275 541 11 13 0.054
539 562 10 11 0.054
355 592 9 12 0.054
914 584 9 13 0.053
439 615 15 15 0.053
667 493 8 93 0.053
244 635 13 16 0.053
192 529 9 11 0.052
90 530 8 9 0.052
983 636 12 16 0.052
890 651 11 16 0.052
631 690 18 22 0.052
560 700 23 32 0.052
696 533 7 76 0.051
559 610 10 16 0.050
861 478 6 15 0.049
710 698 21 26 0.049
800 543 12 67 0.049
68 599 10 12 0.049
242 608 10 13 0.049
875 617 10 13 0.049
298 536 6 96 0.049
901 480 9 11 0.048
79 467 6 8 0.048
13 487 7 27 0.047
530 506 8 9 0.047
445 583 16 25 0.047
316 574 10 12 0.047
333 546 11 11 0.047
537 564 14 12 0.047
438 626 13 16 0.047
633 502 8 12 0.047
915 484 8 86 0.047
488 606 12 14 0.047
787 611 10 14 0.047
24 482 10 17 0.046
160 490 6 17 0.046
259 467 6 8 0.046
275 538 8 10 0.045
396 524 10 14 0.045
532 566 14 13 0.045
705 592 10 13 0.045
653 641 13 17 0.045
426 472 6 9 0.045
87 531 8 9 0.045
754 490 11 21 0.044
123 552 9 12 0.044
201 600 12 19 0.044
525 624 11 13 0.044
465 599 10 13 0.044
695 452 9 22 0.043
136 484 6 17 0.043
722 536 10 11 0.043
299 638 11 15 0.043
657 655 13 19 0.043
297 488 7 15 0.043
185 584 9 19 0.043
997 624 17 20 0.043
666 455 8 17 0.042
881 508 11 19 0.042
998 528 8 11 0.042
119 581 10 19 0.042
616 664 15 17 0.042
143 467 6 9 0.042
833 456 7 10 0.042
1013 491 7 9 0.042
393 524 8 9 0.042
252 554 10 12 0.042
772 573 14 24 0.042
814 502 8 12 0.042
50 533 10 11 0.041
200 621 10 13 0.041
682 454 7 18 0.041
623 600 14 15 0.041
134 542 13 16 0.041
467 559 10 12 0.041
214 572 10 12 0.041
257 715 14 22 0.041
133 538 9 21 0.041
996 538 8 11 0.040
772 509 9 26 0.040
327 585 10 18 0.040
610 607 26 46 0.040
946 704 19 23 0.040
943 570 14 69 0.039
929 604 11 15 0.039
924 665 15 23 0.039
25 486 9 10 0.039
772 470 6 20 0.039
107 644 12 15 0.039
987 603 14 56 0.038
562 648 16 42 0.038
907 538 9 14 0.038
338 688 17 19 0.038
1006 626 13 19 0.038
447 564 8 12 0.038
411 568 12 75 0.038
272 465 6 16 0.038
645 693 18 25 0.038
195 614 12 20 0.038
18 523 10 11 0.038
740 437 6 9 0.038
978 572 7 11 0.038
724 483 7 10 0.037
814 495 11 25 0.037
11 487 14 18 0.037
10 534 10 22 0.037
386 625 15 24 0.037
148 655 9 15 0.037
458 516 16 31 0.037
781 660 15 22 0.036
962 653 35 21 0.036
162 467 8 22 0.036
384 529 8 11 0.036
877 577 11 13 0.036
340 720 16 24 0.036
748 479 6 67 0.035
57 579 8 11 0.035
103 597 11 14 0.035
317 572 11 20 0.035
617 615 16 26 0.035
554 698 22 27 0.035
771 475 6 7 0.035
640 463 7 23 0.034
270 615 11 18 0.034
430 676 16 19 0.034
823 484 7 21 0.034
419 506 11 56 0.034
448 560 11 23 0.034
988 502 7 8 0.033
735 568 12 15 0.033
515 683 16 25 0.033
284 484 7 16 0.033
737 580 12 14 0.033
266 614 10 13 0.033
364 512 6 103 0.033
387 598 11 25 0.033
293 620 13 18 0.033
165 576 9 12 0.032
479 551 8 11 0.032
874 595 10 13 0.032
79 455 7 28 0.032
768 569 11 17 0.032
785 462 9 27 0.032
554 507 8 14 0.032
745 548 10 26 0.032
667 673 18 22 0.032
836 550 8 10 0.031
862 504 18 8 0.031
453 503 9 18 0.031
422 678 17 24 0.031
279 539 8 8 0.031
999 524 8 18 0.031
396 588 16 23 0.031
845 606 17 21 0.031
283 595 12 16 0.031
160 607 24 11 0.030
556 504 7 13 0.030
946 520 10 14 0.030
27 533 11 21 0.030
263 599 11 20 0.030
371 626 18 16 0.030
218 503 7 9 0.030
384 679 18 20 0.030
904 616 10 17 0.030
187 622 13 19 0.030
82 637 10 13 0.030
106 637 16 27 0.029
119 462 9 22 0.029
745 471 7 23 0.029
295 482 11 25 0.029
534 624 16 14 0.029
679 445 8 27 0.029
302 567 14 16 0.029
544 567 16 24 0.029
146 658 10 17 0.029
226 724 14 20 0.029
314 608 10 14 0.029
160 493 6 8 0.029
912 488 6 28 0.029
419 577 13 27 0.029
423 578 12 16 0.029
786 432 6 11 0.029
762 648 11 16 0.029
761 490 10 77 0.029
829 454 10 23 0.028
720 574 10 13 0.028
704 597 12 21 0.028
468 736 15 24 0.028
127 562 14 94 0.028
1012 560 11 15 0.028
776 522 17 10 0.028
391 608 23 102 0.028
927 532 11 24 0.028
914 576 11 22 0.028
977 570 7 9 0.028
788 464 7 17 0.028
729 505 7 10 0.028
0 658 5 18 0.028
258 463 11 16 0.027
931 608 11 16 0.027
723 632 13 16 0.027
819 578 12 85 0.027
937 566 16 83 0.027
37 574 9 12 0.027
630 542 11 103 0.027
683 458 7 10 0.027
159 462 10 25 0.027
916 584 10 13 0.027
638 664 12 16 0.027
504 593 12 79 0.026
71 509 8 11 0.026
594 492 7 18 0.026
121 606 11 11 0.026
256 724 14 20 0.026
588 577 10 13 0.026
875 586 10 16 0.026
949 659 15 22 0.026
1005 565 9 11 0.026
18 516 15 27 0.026
654 631 12 18 0.026
588 643 12 15 0.026
162 471 6 13 0.026
521 544 16 96 0.026
891 686 15 20 0.026
160 552 13 18 0.025
1018 546 6 26 0.025
962 603 11 14 0.025
489 653 14 18 0.025
121 467 6 10 0.025
183 600 9 13 0.025
584 601 12 22 0.025
145 630 12 20 0.025
251 493 7 8 0.025
833 498 10 10 0.025
302 538 10 115 0.025
629 575 12 11 0.024
398 467 8 13 0.024
66 577 9 106 0.024
948 687 19 41 0.024
9 495 9 19 0.024
522 574 13 37 0.024
185 479 7 9 0.024
685 611 13 16 0.024
961 493 8 10 0.024
865 554 10 11 0.024
5 438 8 27 0.023
423 470 9 14 0.023
441 524 7 9 0.023
687 547 8 22 0.023
141 671 16 25 0.023
426 675 14 21 0.023
972 455 8 8 0.023
816 540 8 12 0.023
984 616 18 31 0.023
5 443 7 15 0.023
199 663 11 14 0.023
36 503 7 19 0.022
704 607 11 15 0.022
493 497 7 11 0.022
1003 520 8 10 0.022
368 617 13 17 0.022
283 490 7 9 0.022
668 481 14 25 0.022
816 608 14 20 0.022
284 470 9 30 0.022
829 518 12 9 0.022
248 520 6 111 0.022
899 467 10 29 0.022
649 552 12 14 0.022
100 523 10 10 0.021
568 670 17 19 0.021
606 658 13 18 0.021
28 470 8 29 0.021
284 490 10 10 0.021
690 493 9 21 0.021
853 566 9 21 0.021
569 516 8 15 0.021
836 548 12 15 0.021
979 568 7 9 0.021
152 510 7 8 0.021
805 483 8 76 0.021
327 713 21 28 0.021
269 458 14 26 0.020
889 568 13 14 0.020
124 587 11 27 0.020
276 686 13 18 0.020
767 536 12 21 0.020
746 655 12 17 0.020
488 503 6 8 0.020
777 627 12 16 0.020
423 665 14 21 0.020
690 507 8 20 0.020
952 512 9 11 0.020
767 541 15 23 0.020
665 617 14 17 0.020
560 590 9 38 0.020
725 476 7 18 0.020
870 514 22 14 0.020
688 520 9 13 0.020
778 482 9 10 0.020
648 506 12 25 0.020
956 660 16 19 0.020
856 495 15 25 0.019
219 495 10 15 0.019
1011 616 11 20 0.019
603 498 13 12 0.019
501 603 12 32 0.019
961 484 9 19 0.019
512 663 15 20 0.019
831 453 6 14 0.019
865 486 12 27 0.019
760 497 7 54 0.019
834 493 10 22 0.019
813 586 31 15 0.019
558 681 22 27 0.019
409 692 17 21 0.019
756 530 14 26 0.019
9 578 10 16 0.019
932 434 11 23 0.018
732 515 11 26 0.018
651 542 8 11 0.018
322 662 13 17 0.018
935 474 6 65 0.018
885 641 17 36 0.018
657 576 11 19 0.018
604 491 11 24 0.018
342 539 7 114 0.018
513 528 8 9 0.018
883 452 9 28 0.018
248 629 11 15 0.018
325 687 33 22 0.018
805 433 6 8 0.018
356 590 12 16 0.017
828 459 5 34 0.017
332 541 13 30 0.017
732 541 9 113 0.017
744 477 9 83 0.017
654 520 10 107 0.017
398 525 9 23 0.017
137 575 23 97 0.017
413 468 8 18 0.017
905 448 10 28 0.017
146 658 24 41 0.017
172 704 16 24 0.017
128 517 26 71 0.017
934 441 6 9 0.017
966 488 7 9 0.017
822 678 14 21 0.017
216 556 11 26 0.017
882 546 8 10 0.017
122 451 5 36 0.016
445 574 14 102 0.016
733 569 11 18 0.016
414 474 6 7 0.016
779 552 11 21 0.016
738 515 13 27 0.016
242 728 15 20 0.016
80 534 9 15 0.016
353 486 7 8 0.016
786 425 8 19 0.016
579 683 23 26 0.016
951 568 14 12 0.016
829 518 7 9 0.016
739 433 11 17 0.016
317 691 16 21 0.016
796 623 14 18 0.016
774 662 15 20 0.016
342 542 13 19 0.016
121 523 13 105 0.016
148 508 12 17 0.016
298 643 11 14 0.016
167 573 9 12 0.016
195 501 7 112 0.016
593 532 9 115 0.016
38 422 9 19 0.015
334 498 8 9 0.015
503 549 7 11 0.015
865 559 13 23 0.015
721 653 15 20 0.015
1012 487 8 22 0.015
218 618 12 38 0.015
874 723 24 30 0.015
970 445 9 24 0.015
849 517 10 17 0.015
327 681 15 18 0.015
37 509 7 11 0.015
229 582 11 16 0.015
535 571 28 18 0.015
890 681 14 18 0.015
891 566 17 14 0.015
118 553 18 110 0.015
997 532 8 22 0.015
41 428 6 10 0.015
555 497 7 27 0.015
267 490 7 8 0.015
388 584 16 92 0.014
35 535 13 26 0.014
583 676 22 24 0.014
32 682 14 23 0.014
692 573 11 26 0.014
137 638 11 15 0.014
470 695 15 19 0.014
808 528 13 24 0.014
508 695 18 25 0.014
515 566 11 19 0.014
693 666 18 20 0.014
745 470 7 11 0.014
554 476 6 14 0.014
876 598 10 14 0.014
593 481 7 28 0.014
655 651 13 17 0.014
800 566 15 32 0.014
191 522 8 111 0.014
628 578 11 41 0.014
295 612 9 29 0.014
588 458 10 27 0.014
550 697 18 23 0.014
952 428 5 9 0.014
676 456 16 10 0.014
245 479 15 29 0.014
698 539 9 11 0.014
653 560 9 11 0.013
590 463 6 17 0.013
858 561 14 91 0.013
189 537 8 115 0.013
399 583 10 15 0.013
594 620 16 25 0.013
390 646 16 20 0.013
946 508 14 26 0.013
414 606 16 22 0.013
493 652 24 22 0.013
13 423 6 23 0.013
1005 564 11 27 0.013
888 645 12 17 0.013
305 468 12 24 0.013
512 526 10 15 0.013
857 562 8 21 0.013
441 462 8 20 0.013
931 431 7 26 0.013
189 573 11 18 0.013
951 504 9 19 0.013
110 571 12 20 0.013
315 456 13 30 0.013
33 559 12 25 0.013
565 649 18 19 0.013
885 524 10 11 0.013
135 683 14 19 0.013
456 451 5 21 0.013
126 544 9 14 0.013
637 442 8 25 0.013
628 544 9 112 0.013
943 710 20 25 0.012
498 575 21 110 0.012
875 624 12 16 0.012
608 596 14 23 0.012
183 466 10 28 0.012
648 556 13 23 0.012
885 479 9 17 0.012
832 456 6 8 0.012
55 657 11 15 0.012
388 642 11 13 0.012
336 695 18 22 0.012
996 598 19 64 0.012
315 528 8 17 0.012
8 432 11 26 0.012
809 592 15 25 0.012
553 472 9 21 0.012
887 474 9 26 0.012
985 498 9 14 0.012
420 524 8 10 0.012
12 608 11 15 0.012
570 518 7 10 0.012
267 488 8 14 0.012
302 668 13 21 0.012
331 700 20 23 0.012
319 454 6 34 0.012
268 466 11 32 0.012
196 726 16 20 0.012
36 530 9 38 0.012
950 421 8 23 0.012
707 624 13 19 0.011
502 661 18 22 0.011
913 486 6 115 0.011
847 645 20 24 0.011
392 697 17 20 0.011
150 511 9 9 0.011
252 455 14 30 0.011
135 489 6 17 0.011
914 756 14 14 0.011
824 722 22 31 0.011
961 450 10 23 0.011
424 697 16 20 0.011
310 649 14 23 0.011
894 655 12 16 0.011
215 465 9 25 0.011
255 731 12 16 0.011
562 537 9 18 0.011
409 566 9 20 0.011
801 465 5 45 0.011
799 728 19 29 0.011
634 492 17 30 0.011
103 512 10 21 0.011
249 650 13 16 0.011
53 476 11 17 0.011
639 478 13 30 0.011
537 528 8 11 0.011
678 617 15 17 0.010
971 449 7 15 0.010
82 570 15 112 0.010
753 545 11 120 0.010
834 473 14 31 0.010
742 463 10 23 0.010
995 584 17 51 0.010
747 486 24 26 0.010
143 685 14 18 0.010
749 640 23 43 0.010
187 545 10 22 0.010
716 435 7 9 0.010
996 542 9 15 0.010
385 474 7 10 0.010
952 524 10 12 0.010
231 642 15 20 0.010
170 680 14 24 0.010
650 502 8 37 0.010
340 577 9 58 0.010
