10_People_Marching_People_Marching_2_307
35
256 177 78 104 0.854
501 140 106 128 0.843
659 222 50 68 0.835
79 190 63 79 0.835
51 233 46 74 0.515
625 254 19 25 0.130
984 180 40 150 0.123
689 142 13 15 0.104
700 168 20 23 0.069
709 292 20 25 0.045
793 294 16 20 0.038
706 162 14 16 0.037
765 180 22 28 0.026
624 259 15 17 0.024
745 267 14 18 0.022
766 297 17 20 0.021
635 196 13 19 0.020
614 218 17 26 0.020
781 334 21 25 0.016
734 242 17 24 0.016
778 277 14 17 0.016
0 434 36 88 0.016
296 14 18 21 0.015
792 407 18 17 0.014
742 258 16 29 0.013
632 261 15 19 0.012
121 51 13 20 0.012
609 221 14 23 0.012
720 225 32 57 0.012
771 301 16 19 0.011
617 216 19 23 0.011
598 217 30 41 0.011
0 71 18 99 0.011
622 155 7 8 0.010
609 220 20 32 0.010
