10_People_Marching_People_Marching_2_259
274
327 251 12 14 0.800
803 407 12 16 0.799
93 465 15 19 0.793
680 465 13 17 0.783
563 462 15 19 0.780
747 415 14 16 0.778
348 362 12 16 0.770
52 365 14 19 0.766
534 414 12 16 0.765
208 408 14 17 0.763
394 464 16 19 0.750
337 473 14 17 0.746
683 357 13 17 0.740
369 408 14 17 0.740
297 364 13 16 0.737
168 460 15 19 0.733
621 466 13 17 0.727
942 413 13 16 0.727
688 413 14 16 0.725
450 472 15 18 0.725
497 366 13 15 0.723
149 403 15 20 0.723
445 360 13 15 0.714
283 472 15 18 0.713
612 367 13 16 0.712
401 173 11 12 0.711
470 327 11 15 0.711
558 286 12 14 0.709
177 367 13 16 0.703
853 405 14 17 0.702
281 205 10 13 0.701
364 205 10 12 0.701
735 466 14 17 0.697
314 409 13 16 0.692
475 407 13 17 0.689
624 205 11 14 0.688
233 366 13 16 0.685
706 218 11 13 0.685
398 368 13 16 0.684
501 290 11 15 0.673
884 465 15 17 0.672
534 257 11 13 0.663
283 315 13 16 0.663
262 407 14 17 0.663
226 462 15 17 0.649
639 423 13 16 0.648
788 469 13 16 0.644
485 157 11 13 0.644
567 174 11 13 0.644
428 196 11 12 0.640
712 279 13 17 0.638
420 409 14 17 0.632
835 468 14 17 0.632
666 207 11 13 0.629
556 354 12 15 0.626
527 324 11 14 0.619
470 192 10 12 0.617
113 320 15 18 0.617
640 321 12 15 0.615
505 465 15 18 0.605
450 289 13 15 0.603
763 197 10 11 0.599
444 174 11 13 0.597
707 322 12 15 0.591
330 210 10 12 0.581
629 259 11 15 0.580
745 354 14 17 0.574
607 285 13 16 0.571
919 361 14 17 0.570
343 312 12 15 0.567
859 315 13 16 0.565
589 200 10 14 0.561
166 227 11 13 0.560
364 280 12 16 0.558
122 283 12 15 0.513
207 205 10 12 0.478
589 422 13 17 0.476
895 400 13 17 0.475
590 322 13 15 0.475
667 284 11 14 0.473
432 264 11 13 0.455
802 356 15 19 0.438
422 283 11 14 0.416
523 174 10 13 0.387
410 289 11 14 0.380
271 274 11 14 0.359
684 257 11 14 0.359
499 468 16 18 0.358
394 307 11 14 0.355
170 249 11 15 0.325
792 240 12 17 0.323
554 201 11 13 0.286
795 223 11 13 0.280
850 378 12 16 0.271
731 417 12 14 0.264
794 231 12 19 0.251
467 329 13 18 0.239
323 286 11 13 0.230
495 472 13 16 0.207
288 301 11 15 0.202
673 417 12 14 0.194
476 261 13 15 0.180
466 188 17 15 0.179
812 259 11 13 0.178
437 330 11 14 0.176
253 381 12 15 0.171
414 317 12 15 0.164
363 275 12 14 0.153
575 281 11 14 0.146
259 295 10 13 0.119
682 297 11 14 0.119
810 262 12 14 0.119
165 230 13 26 0.116
761 376 11 15 0.114
919 371 14 16 0.112
315 373 11 12 0.110
666 211 11 15 0.109
670 415 21 15 0.108
598 227 10 13 0.101
767 201 11 15 0.099
394 298 22 18 0.098
495 341 11 13 0.094
420 404 14 17 0.093
859 296 13 17 0.093
772 215 11 13 0.087
391 370 17 15 0.079
268 277 11 14 0.078
580 168 21 61 0.076
192 440 11 14 0.073
853 392 15 18 0.070
156 246 13 15 0.069
116 318 17 18 0.068
756 373 13 15 0.067
873 332 13 17 0.066
415 283 20 16 0.066
260 289 13 15 0.065
466 307 11 13 0.064
478 258 12 14 0.059
620 267 13 16 0.057
393 301 17 20 0.057
255 385 15 25 0.056
784 374 13 15 0.055
885 471 14 17 0.054
712 420 13 15 0.052
260 272 27 31 0.052
269 272 9 12 0.052
583 326 12 13 0.051
417 263 21 52 0.051
285 266 12 12 0.050
349 313 12 15 0.050
800 365 14 16 0.050
278 268 16 14 0.049
586 322 12 15 0.048
408 263 25 59 0.047
589 416 14 16 0.047
413 309 13 16 0.046
271 270 13 14 0.046
482 308 11 13 0.045
375 372 14 14 0.044
515 423 12 14 0.044
802 266 13 13 0.042
294 411 13 15 0.042
115 364 16 16 0.041
709 424 11 14 0.041
558 358 12 15 0.041
118 328 14 17 0.040
586 427 13 15 0.040
302 366 13 16 0.040
505 473 15 16 0.039
468 315 12 16 0.039
746 348 13 16 0.037
430 259 12 16 0.037
127 313 13 14 0.036
451 282 12 16 0.035
450 466 16 18 0.035
819 471 15 17 0.033
435 268 15 20 0.033
637 414 14 15 0.032
390 310 14 17 0.032
695 319 14 16 0.032
695 301 15 16 0.032
458 423 13 14 0.032
226 472 13 16 0.030
790 223 14 16 0.030
704 419 14 16 0.029
712 473 12 15 0.029
663 286 12 16 0.028
370 403 14 18 0.028
419 414 27 17 0.028
477 269 12 14 0.027
816 473 12 14 0.027
192 430 13 20 0.027
206 400 15 17 0.027
311 372 12 14 0.026
382 372 14 14 0.026
768 305 12 23 0.025
797 239 14 19 0.025
924 368 14 18 0.025
344 319 12 15 0.025
291 365 14 16 0.024
635 421 13 31 0.024
364 260 12 24 0.024
150 252 11 13 0.024
336 223 44 88 0.022
419 307 11 15 0.022
171 226 16 15 0.022
432 330 12 14 0.022
628 434 14 16 0.022
492 337 11 14 0.021
444 180 11 13 0.020
461 419 17 16 0.020
510 202 11 15 0.020
532 255 11 19 0.020
188 441 13 16 0.020
596 390 12 13 0.019
638 326 12 15 0.019
905 358 12 15 0.019
623 444 12 15 0.019
487 332 13 15 0.019
587 194 11 15 0.019
536 307 11 13 0.019
113 332 14 17 0.019
607 275 11 15 0.018
762 198 12 16 0.018
450 424 14 15 0.018
849 293 15 15 0.018
495 359 13 16 0.018
101 364 17 16 0.018
192 388 13 16 0.018
860 305 12 17 0.018
582 192 12 15 0.017
839 292 11 14 0.017
398 459 14 18 0.017
170 255 12 15 0.017
589 312 13 15 0.017
643 326 12 14 0.017
523 317 11 16 0.017
639 312 14 16 0.016
744 338 19 27 0.016
853 357 18 51 0.015
889 448 14 17 0.015
811 353 19 19 0.015
710 275 13 16 0.015
881 461 14 17 0.015
737 472 14 15 0.014
95 317 11 15 0.014
387 334 11 14 0.014
573 270 12 22 0.014
528 306 14 15 0.014
932 378 15 17 0.013
464 308 27 12 0.013
766 305 11 13 0.013
394 471 15 17 0.013
568 256 12 15 0.013
208 211 10 12 0.012
297 369 13 15 0.012
923 359 14 17 0.012
197 219 12 13 0.012
711 425 13 15 0.012
352 287 11 14 0.012
146 409 14 17 0.011
253 367 13 18 0.011
618 278 12 15 0.011
800 353 12 14 0.011
732 421 12 14 0.011
692 322 12 14 0.011
848 475 15 18 0.011
468 522 12 14 0.011
849 370 16 18 0.011
306 469 16 19 0.010
324 255 13 15 0.010
523 326 12 14 0.010
568 169 10 13 0.010
852 381 12 37 0.010
