10_People_Marching_People_Marching_10_People_Marching_People_Marching_10_447
964
850 653 24 29 0.830
410 454 23 29 0.828
247 483 24 30 0.826
487 326 21 28 0.816
966 475 26 33 0.813
964 395 23 29 0.811
873 626 21 27 0.811
13 292 22 25 0.802
270 280 19 25 0.794
67 445 24 29 0.793
670 511 22 27 0.787
174 829 25 30 0.783
34 687 25 30 0.780
620 4 19 25 0.775
275 548 21 26 0.775
806 635 22 32 0.775
382 645 23 28 0.774
108 536 22 29 0.773
132 795 22 28 0.773
927 618 24 30 0.767
84 195 22 25 0.763
255 570 23 28 0.762
716 48 21 25 0.758
169 470 24 28 0.758
566 754 27 33 0.756
557 635 22 28 0.750
462 481 27 30 0.743
278 370 24 26 0.740
296 335 21 24 0.739
684 266 23 27 0.737
830 245 23 26 0.735
567 276 21 25 0.735
853 293 20 25 0.735
808 308 24 29 0.735
564 332 21 25 0.733
892 240 22 26 0.730
883 406 25 28 0.730
260 439 22 27 0.729
735 333 20 24 0.727
252 810 23 30 0.723
757 105 23 29 0.718
149 174 19 26 0.718
332 159 20 24 0.718
492 155 22 28 0.717
769 744 24 29 0.713
461 39 18 22 0.708
830 527 22 27 0.708
774 500 21 26 0.706
214 880 27 33 0.706
899 199 21 26 0.704
637 672 25 30 0.699
529 180 21 25 0.697
38 783 23 31 0.695
548 38 19 22 0.694
677 310 20 25 0.694
232 637 22 28 0.692
255 73 24 26 0.692
878 3 21 24 0.690
758 407 24 30 0.686
143 346 20 26 0.684
300 398 23 29 0.682
702 20 20 25 0.679
992 366 22 28 0.679
337 253 21 23 0.677
326 427 25 29 0.677
355 510 21 27 0.677
71 650 20 26 0.677
189 125 21 25 0.673
847 14 19 23 0.669
599 158 22 30 0.669
860 473 24 29 0.669
214 97 19 26 0.667
293 234 22 25 0.667
903 160 22 27 0.665
501 39 21 25 0.663
784 267 22 27 0.663
186 576 22 29 0.663
310 642 22 27 0.661
609 691 24 29 0.661
47 76 19 25 0.660
14 456 21 25 0.660
123 451 22 26 0.658
519 353 23 27 0.656
411 167 22 25 0.656
220 339 23 27 0.652
979 270 23 27 0.650
108 59 21 25 0.644
931 331 20 24 0.642
646 271 23 27 0.638
613 365 25 30 0.636
698 650 22 29 0.636
159 727 26 31 0.633
907 71 19 24 0.632
501 292 21 24 0.624
153 386 21 28 0.624
205 63 20 23 0.622
667 50 21 25 0.619
782 21 22 26 0.619
412 350 24 25 0.617
167 540 20 23 0.615
146 669 22 30 0.611
4 185 21 26 0.609
1003 182 20 29 0.607
109 127 21 25 0.605
545 141 20 28 0.603
837 196 23 28 0.601
178 608 27 31 0.594
835 49 21 25 0.591
664 149 23 27 0.591
857 587 22 29 0.589
791 705 26 28 0.575
874 109 23 26 0.573
512 77 21 26 0.565
61 102 22 25 0.565
19 154 23 25 0.565
67 837 23 27 0.563
494 785 38 41 0.563
770 210 20 26 0.560
628 97 22 25 0.558
870 325 22 27 0.556
561 107 22 26 0.550
313 203 22 27 0.541
674 363 28 31 0.541
83 619 21 25 0.541
956 102 22 28 0.536
191 7 19 26 0.535
740 138 19 26 0.528
696 90 20 25 0.525
951 28 19 25 0.510
427 29 20 23 0.506
459 188 20 23 0.504
459 104 19 24 0.499
528 0 21 16 0.495
192 428 24 27 0.495
993 109 22 26 0.482
968 166 19 23 0.473
252 759 23 28 0.471
897 730 27 32 0.464
192 653 22 29 0.462
50 5 20 23 0.460
285 587 19 24 0.453
13 226 21 24 0.451
764 363 23 29 0.451
676 136 22 25 0.442
407 799 30 35 0.442
590 63 22 24 0.440
904 437 22 28 0.438
959 202 21 25 0.429
413 394 20 23 0.427
334 465 23 26 0.427
721 455 23 27 0.420
662 440 23 27 0.418
421 284 21 26 0.410
991 337 19 25 0.410
635 396 25 28 0.410
570 229 21 25 0.408
481 115 20 25 0.403
512 261 20 23 0.403
28 504 23 26 0.395
400 86 24 27 0.393
122 591 20 27 0.393
340 368 21 27 0.388
975 355 25 28 0.378
813 819 23 32 0.373
656 53 20 25 0.368
232 393 23 27 0.368
806 122 21 26 0.364
181 581 25 40 0.361
457 301 21 27 0.357
818 716 24 29 0.353
707 231 21 27 0.350
355 684 20 26 0.347
669 139 25 30 0.345
634 240 19 24 0.345
127 315 18 27 0.344
319 582 23 27 0.341
142 636 23 28 0.341
407 225 23 27 0.337
318 6 20 23 0.335
457 288 21 26 0.333
529 254 21 25 0.329
891 353 22 28 0.324
200 388 25 29 0.324
-3 733 15 29 0.322
833 349 24 28 0.316
868 380 21 26 0.316
2 249 20 25 0.312
224 295 22 23 0.308
383 262 18 28 0.306
9 230 21 29 0.305
663 1 17 20 0.297
614 135 21 25 0.297
145 52 20 27 0.295
36 188 19 25 0.295
520 433 24 27 0.295
994 525 20 25 0.291
918 260 23 28 0.284
109 509 23 26 0.282
496 417 20 28 0.279
8 161 25 43 0.277
319 482 23 29 0.277
548 442 25 26 0.275
591 450 24 29 0.275
843 51 23 27 0.273
824 364 24 29 0.273
570 1 17 20 0.268
205 538 21 25 0.268
414 275 25 27 0.263
949 224 25 28 0.258
44 661 22 27 0.256
720 0 18 16 0.252
956 301 23 28 0.252
53 587 22 26 0.246
-1 113 16 28 0.241
813 149 23 27 0.241
724 180 23 29 0.238
317 748 25 29 0.237
349 404 20 30 0.233
926 729 25 34 0.230
747 76 18 24 0.227
999 415 21 27 0.225
732 321 22 40 0.224
550 380 23 27 0.223
412 609 26 27 0.222
639 326 22 25 0.220
131 574 21 28 0.220
698 105 18 26 0.219
323 574 29 31 0.219
804 422 25 30 0.216
191 661 21 30 0.214
308 692 22 29 0.214
514 258 33 26 0.213
857 302 22 32 0.209
345 380 21 29 0.207
692 0 19 15 0.205
7 51 19 25 0.205
768 278 21 26 0.205
923 519 25 29 0.205
618 58 19 23 0.204
382 248 18 35 0.204
833 188 24 29 0.202
319 494 23 29 0.201
-1 589 17 27 0.199
955 213 22 32 0.198
658 479 21 25 0.194
218 391 28 29 0.192
410 457 39 31 0.192
395 0 21 16 0.190
93 880 25 34 0.188
776 303 21 28 0.187
27 733 24 27 0.187
151 880 21 32 0.186
180 303 21 26 0.184
543 468 24 30 0.182
108 682 18 23 0.182
603 599 26 28 0.179
1006 233 19 28 0.178
852 7 50 23 0.173
434 0 20 16 0.172
520 399 20 27 0.172
658 114 20 22 0.170
456 247 17 24 0.166
7 94 20 27 0.164
828 168 21 25 0.164
973 66 21 27 0.163
84 888 27 37 0.161
555 1 30 20 0.159
144 61 20 25 0.159
538 64 19 23 0.157
391 259 23 27 0.157
348 416 22 36 0.157
40 841 24 29 0.157
501 421 25 28 0.155
213 63 18 77 0.152
250 121 16 20 0.152
645 746 25 33 0.150
607 270 18 23 0.150
48 655 26 28 0.148
382 272 17 25 0.147
770 199 23 29 0.146
565 158 18 24 0.144
624 341 25 29 0.144
584 486 25 31 0.144
417 415 24 29 0.143
449 226 20 26 0.142
649 280 22 27 0.142
236 297 29 28 0.140
753 172 24 26 0.136
670 269 27 29 0.136
600 139 23 55 0.135
4 42 19 25 0.134
636 318 23 42 0.133
207 80 20 71 0.132
199 390 55 27 0.132
158 737 24 28 0.131
36 587 21 24 0.130
567 227 32 36 0.129
960 703 24 29 0.128
626 78 23 28 0.127
730 182 26 27 0.127
133 325 21 30 0.127
808 126 27 38 0.126
222 87 20 25 0.125
6 170 22 69 0.124
500 262 21 78 0.123
5 77 19 31 0.123
544 155 24 26 0.123
718 296 20 25 0.123
464 458 21 25 0.122
1006 458 18 29 0.122
659 546 20 24 0.122
402 616 23 26 0.120
451 379 24 29 0.119
340 503 24 29 0.117
331 436 23 79 0.116
404 78 24 28 0.115
922 253 24 29 0.115
375 857 28 34 0.115
689 71 25 55 0.115
135 567 21 25 0.114
759 0 21 16 0.113
456 272 19 38 0.113
171 446 20 109 0.112
299 325 22 31 0.112
430 81 20 24 0.111
356 549 21 27 0.111
421 52 21 26 0.110
398 622 23 28 0.110
317 86 22 25 0.109
507 254 20 24 0.108
615 432 24 31 0.108
448 366 21 29 0.107
541 455 26 33 0.107
251 690 22 26 0.107
830 354 25 34 0.107
398 378 25 27 0.106
656 193 20 26 0.104
595 270 27 26 0.104
595 598 25 28 0.104
965 154 20 25 0.103
378 231 19 32 0.103
332 559 27 31 0.103
771 703 28 33 0.102
897 444 24 28 0.102
764 707 25 29 0.101
187 295 21 28 0.100
953 310 23 28 0.100
357 536 21 28 0.100
533 272 18 22 0.096
492 427 20 26 0.096
323 14 20 23 0.096
88 771 22 31 0.096
797 710 28 29 0.095
389 138 19 24 0.094
168 624 23 28 0.093
742 175 27 29 0.092
925 494 22 27 0.092
71 538 21 26 0.092
744 623 23 28 0.092
420 0 31 15 0.092
316 257 21 25 0.091
116 381 20 26 0.091
503 31 21 45 0.090
661 357 25 29 0.090
488 420 21 28 0.090
351 433 20 26 0.090
173 612 27 39 0.090
572 2 26 17 0.089
457 193 22 37 0.089
570 209 18 125 0.088
267 1 19 18 0.087
609 426 27 29 0.087
909 0 16 17 0.087
737 147 20 27 0.087
684 246 20 72 0.086
902 353 24 28 0.086
534 707 21 29 0.086
342 846 39 49 0.086
621 374 28 37 0.085
929 485 21 25 0.085
144 412 27 32 0.084
780 13 23 24 0.083
870 269 19 25 0.083
0 80 16 71 0.083
829 230 21 65 0.083
697 48 20 94 0.083
486 437 20 25 0.082
877 315 21 28 0.082
592 407 23 28 0.082
210 38 17 23 0.081
393 369 24 27 0.081
326 556 25 60 0.081
604 128 21 27 0.080
457 387 21 26 0.080
527 159 22 53 0.080
403 287 21 27 0.080
919 271 23 27 0.080
969 348 21 27 0.080
814 121 20 83 0.079
706 -4 31 26 0.079
418 235 22 109 0.078
928 247 24 29 0.078
620 349 23 28 0.078
583 71 21 25 0.077
241 314 28 26 0.077
192 381 29 34 0.077
536 200 45 34 0.077
949 304 22 29 0.076
718 369 21 26 0.076
602 60 29 25 0.075
327 206 20 27 0.075
353 334 18 24 0.075
57 12 21 25 0.075
770 170 20 26 0.075
706 537 26 26 0.075
587 414 27 34 0.074
946 64 22 29 0.073
808 430 27 35 0.073
119 581 21 29 0.073
197 38 26 26 0.073
765 726 27 45 0.073
858 370 27 30 0.072
617 423 28 31 0.072
870 278 21 140 0.071
281 577 44 55 0.071
459 223 20 26 0.071
314 307 25 30 0.071
336 568 23 32 0.071
166 35 21 25 0.070
766 111 25 31 0.070
689 29 18 24 0.070
74 708 23 28 0.070
90 591 55 60 0.070
793 527 21 26 0.069
864 601 25 91 0.069
135 148 20 26 0.069
404 218 22 26 0.069
208 289 27 26 0.069
347 352 20 98 0.069
294 320 47 60 0.068
394 378 17 24 0.068
322 508 22 30 0.068
914 733 29 37 0.068
185 568 22 26 0.067
382 863 28 37 0.067
808 172 22 25 0.066
409 238 23 42 0.066
50 494 27 29 0.066
326 561 24 28 0.066
386 876 26 35 0.066
758 541 18 22 0.066
314 263 18 23 0.065
130 311 21 28 0.065
994 121 26 35 0.064
750 153 25 31 0.064
803 176 18 23 0.064
875 277 25 37 0.064
688 768 35 42 0.064
930 741 22 29 0.064
562 442 32 30 0.064
381 264 44 24 0.063
302 366 28 117 0.062
391 5 19 20 0.062
94 512 28 26 0.062
311 665 21 28 0.062
348 694 25 31 0.062
712 374 22 26 0.062
541 762 21 27 0.062
702 1 37 15 0.062
982 1 19 15 0.061
138 434 26 28 0.061
860 289 25 69 0.060
-2 741 16 37 0.059
847 44 23 28 0.059
52 596 22 25 0.059
288 19 21 24 0.059
666 58 25 26 0.059
137 399 25 29 0.059
150 47 22 25 0.058
960 16 20 25 0.058
445 381 21 27 0.058
739 66 22 25 0.057
1006 298 18 27 0.057
656 98 21 27 0.057
60 493 21 27 0.057
189 672 21 26 0.057
710 494 23 30 0.056
258 308 23 26 0.056
344 353 22 26 0.056
288 765 23 27 0.056
710 366 29 47 0.055
773 453 23 28 0.055
534 481 22 28 0.055
950 105 21 26 0.054
373 37 17 23 0.054
612 598 22 26 0.054
561 116 22 26 0.053
880 509 17 24 0.053
310 4 22 57 0.053
763 373 24 30 0.053
653 204 22 28 0.053
699 233 21 26 0.053
378 223 18 24 0.052
182 377 19 24 0.052
230 292 36 24 0.052
858 527 18 23 0.052
691 588 25 31 0.051
334 543 24 28 0.051
854 11 23 25 0.051
717 232 22 25 0.051
554 452 28 29 0.051
312 584 22 26 0.051
808 693 21 28 0.051
496 85 23 27 0.050
789 277 22 30 0.050
292 26 27 29 0.050
593 392 22 117 0.050
961 218 24 28 0.050
971 3 25 18 0.049
756 115 23 28 0.049
603 524 24 28 0.049
472 390 26 28 0.049
344 564 23 29 0.049
328 582 28 29 0.049
380 104 20 26 0.049
384 99 21 27 0.048
1003 461 20 42 0.048
844 425 21 27 0.047
191 135 20 23 0.047
994 140 23 26 0.047
485 389 21 24 0.047
1005 83 18 23 0.046
112 501 22 28 0.046
46 837 26 29 0.046
425 278 21 27 0.045
696 368 30 31 0.045
418 400 24 29 0.045
698 537 21 26 0.045
56 578 22 30 0.045
399 809 28 35 0.045
127 1 19 21 0.045
282 411 24 26 0.045
110 686 22 26 0.045
749 608 24 33 0.044
482 269 18 23 0.044
347 328 23 26 0.044
385 359 19 27 0.044
9 601 21 24 0.044
467 71 55 92 0.044
380 205 18 54 0.044
876 316 88 51 0.044
844 340 26 29 0.044
558 483 55 33 0.044
719 172 21 28 0.043
712 221 22 26 0.043
258 576 23 33 0.043
1 193 17 25 0.043
604 366 22 28 0.043
76 33 20 25 0.042
143 646 20 28 0.042
837 57 21 26 0.042
1002 126 21 37 0.042
382 12 16 22 0.042
327 88 20 26 0.042
-2 719 17 28 0.041
539 418 27 41 0.041
86 743 27 33 0.041
649 64 22 35 0.040
527 240 21 28 0.040
1003 269 18 26 0.040
814 445 23 28 0.040
75 518 23 27 0.040
420 -12 27 86 0.040
201 72 19 24 0.040
33 138 24 28 0.040
217 292 23 23 0.040
931 712 56 36 0.040
407 180 21 139 0.039
189 31 26 35 0.039
345 132 17 23 0.039
887 296 23 26 0.039
0 37 18 26 0.039
306 33 19 26 0.039
578 59 26 25 0.039
572 278 22 26 0.039
940 580 24 31 0.039
700 118 19 23 0.039
948 583 29 36 0.039
997 703 18 24 0.039
402 835 27 34 0.039
13 779 29 33 0.038
630 272 21 25 0.038
907 576 23 25 0.038
856 60 20 23 0.037
994 72 24 28 0.037
131 450 28 28 0.037
865 106 20 26 0.037
384 144 20 26 0.037
553 43 21 24 0.037
576 327 24 29 0.037
269 405 22 26 0.037
368 682 26 31 0.037
468 88 38 62 0.036
960 586 24 31 0.036
967 141 23 27 0.036
957 31 19 25 0.036
167 505 42 120 0.035
832 184 20 163 0.035
775 417 28 30 0.035
342 452 25 27 0.035
944 95 25 32 0.035
587 101 23 28 0.034
531 487 21 28 0.034
429 154 21 31 0.034
761 665 26 31 0.034
505 -12 22 137 0.034
778 523 46 29 0.033
293 15 26 31 0.033
423 138 21 26 0.033
307 213 54 93 0.033
105 137 23 26 0.033
513 195 20 23 0.033
286 223 74 56 0.033
41 136 22 27 0.032
890 196 23 28 0.032
104 674 20 26 0.032
311 76 22 27 0.032
837 126 21 27 0.032
202 291 24 25 0.032
830 369 30 34 0.032
359 855 43 44 0.032
969 590 22 31 0.031
800 407 25 33 0.031
699 777 31 35 0.031
461 205 20 28 0.031
324 304 25 30 0.031
526 119 31 122 0.031
548 397 29 138 0.031
252 41 19 26 0.031
621 50 20 26 0.031
577 477 27 31 0.031
2 595 18 28 0.031
23 634 22 30 0.031
10 702 22 24 0.031
149 0 27 19 0.030
118 373 20 27 0.030
281 493 25 28 0.030
596 493 27 31 0.030
852 167 19 24 0.030
720 410 25 31 0.030
408 425 22 29 0.030
608 35 49 131 0.030
744 621 35 59 0.030
262 0 23 28 0.030
324 527 22 33 0.030
229 552 23 27 0.030
421 601 19 26 0.030
690 660 25 30 0.030
952 6 22 25 0.029
651 119 21 26 0.029
141 168 22 30 0.029
532 0 21 25 0.029
602 379 22 28 0.029
821 819 24 33 0.029
-6 114 13 24 0.029
3 129 20 33 0.029
459 122 21 26 0.028
449 183 22 26 0.028
978 317 28 36 0.028
338 835 33 40 0.028
81 901 29 34 0.028
247 748 23 30 0.028
999 321 21 35 0.028
634 479 20 26 0.028
760 684 28 40 0.028
-8 740 15 26 0.028
331 381 23 33 0.028
994 373 22 29 0.028
648 778 27 34 0.028
343 122 17 26 0.028
834 339 23 26 0.028
825 288 22 26 0.027
592 473 24 31 0.027
719 212 23 27 0.027
590 491 24 29 0.027
437 514 19 25 0.027
454 441 22 35 0.027
763 648 26 31 0.027
904 573 43 34 0.027
127 556 33 138 0.027
506 32 20 26 0.027
977 257 24 31 0.027
893 367 26 28 0.027
775 430 27 37 0.027
586 502 29 37 0.027
261 598 21 26 0.027
385 9 19 22 0.027
460 386 36 27 0.026
202 136 20 23 0.026
361 543 25 24 0.026
61 745 23 28 0.026
66 747 25 31 0.026
430 165 19 26 0.026
1003 72 19 46 0.026
10 544 19 29 0.026
876 450 25 30 0.026
734 463 22 27 0.026
441 417 22 29 0.026
725 415 27 31 0.026
505 461 23 29 0.026
92 765 21 28 0.026
709 479 24 78 0.026
255 523 38 126 0.026
519 396 43 117 0.025
304 42 20 25 0.025
95 166 21 26 0.025
26 515 22 27 0.025
774 649 27 31 0.025
878 62 26 26 0.025
680 484 19 23 0.025
713 140 29 147 0.025
135 137 19 25 0.025
456 337 22 36 0.025
711 437 29 35 0.025
226 673 23 29 0.024
536 408 49 83 0.024
1003 294 19 54 0.024
234 682 29 30 0.024
734 432 27 36 0.024
119 468 24 31 0.024
391 544 19 23 0.024
347 339 21 35 0.024
71 517 22 71 0.024
239 79 23 25 0.024
145 619 23 30 0.024
743 637 26 30 0.024
388 101 25 36 0.023
664 215 20 26 0.023
1 777 18 33 0.023
717 540 19 22 0.023
95 875 21 28 0.023
223 879 27 35 0.023
773 160 21 27 0.023
61 485 20 26 0.023
15 538 23 25 0.023
682 569 29 86 0.023
785 28 22 27 0.023
782 122 21 27 0.023
959 133 23 28 0.023
574 215 22 24 0.023
117 125 22 27 0.023
405 69 19 24 0.023
266 72 22 26 0.023
840 477 26 27 0.022
129 3 32 35 0.022
361 552 23 27 0.022
945 610 27 31 0.022
141 880 25 34 0.022
561 376 21 25 0.022
683 595 24 27 0.022
174 593 28 33 0.021
521 295 20 182 0.021
691 642 25 31 0.021
101 96 21 27 0.021
204 377 23 26 0.021
676 593 21 26 0.021
87 712 23 90 0.021
711 694 28 58 0.021
322 756 26 33 0.021
461 454 19 24 0.021
131 62 27 25 0.021
993 363 24 59 0.021
616 511 20 27 0.020
15 573 24 32 0.020
573 417 28 38 0.020
649 482 22 25 0.020
235 544 22 26 0.020
137 584 29 113 0.020
634 402 28 38 0.020
622 491 20 26 0.020
1013 23 14 31 0.020
33 116 25 28 0.020
28 498 41 28 0.020
567 503 27 29 0.020
8 778 23 30 0.020
74 894 29 37 0.019
85 781 22 29 0.019
170 480 23 26 0.019
649 444 24 29 0.019
328 630 23 30 0.019
709 508 21 37 0.019
846 1009 32 38 0.019
43 6 18 23 0.019
686 677 23 28 0.019
349 862 29 36 0.019
913 620 24 53 0.019
425 186 52 120 0.019
750 542 20 24 0.019
137 584 26 37 0.019
783 701 27 30 0.018
296 397 30 44 0.018
552 646 22 31 0.018
23 84 25 39 0.018
701 389 28 30 0.018
285 240 22 30 0.018
1004 193 19 28 0.018
873 1007 32 38 0.018
332 202 20 26 0.018
443 218 21 27 0.018
917 79 21 28 0.017
620 444 24 30 0.017
-2 551 16 26 0.017
666 653 23 30 0.017
965 702 54 29 0.017
588 5 20 22 0.017
1004 16 23 29 0.017
742 301 25 30 0.017
174 711 28 32 0.017
1004 141 19 31 0.017
516 85 21 27 0.017
680 355 27 31 0.017
1004 484 18 37 0.017
981 527 29 26 0.017
749 533 34 38 0.017
877 40 22 31 0.017
443 113 22 27 0.017
0 1 18 17 0.017
760 59 24 27 0.017
743 292 21 27 0.016
843 704 22 31 0.016
214 416 25 27 0.016
81 720 29 41 0.016
140 44 22 26 0.016
897 78 23 25 0.016
846 126 19 25 0.016
215 331 25 29 0.016
999 427 25 35 0.016
283 759 21 31 0.016
26 554 27 124 0.016
849 1007 52 47 0.016
917 231 26 28 0.016
243 284 20 23 0.016
36 508 26 29 0.016
176 642 22 30 0.016
825 481 23 28 0.016
6 578 80 42 0.016
106 696 24 28 0.016
884 738 29 33 0.016
912 676 24 31 0.016
708 715 25 33 0.016
340 460 22 27 0.016
922 276 28 30 0.015
283 597 21 25 0.015
381 292 18 24 0.015
881 9 22 26 0.015
754 589 29 30 0.015
316 300 22 26 0.015
402 433 20 26 0.015
929 720 26 31 0.015
53 75 22 27 0.015
881 322 25 31 0.015
918 337 28 32 0.015
546 483 28 29 0.015
741 367 26 30 0.015
805 824 25 30 0.015
346 676 22 31 0.015
939 182 26 26 0.015
174 903 26 30 0.014
860 577 29 31 0.014
342 589 20 25 0.014
428 697 22 31 0.014
305 335 22 28 0.014
793 384 21 27 0.014
0 547 18 24 0.014
8 149 19 24 0.014
682 425 26 33 0.014
301 335 55 160 0.014
548 755 34 31 0.014
942 172 21 25 0.014
222 469 21 27 0.014
955 130 77 136 0.014
924 671 23 30 0.014
229 565 25 36 0.014
751 669 27 32 0.014
997 199 22 40 0.014
562 403 28 33 0.014
452 87 23 25 0.013
206 875 23 30 0.013
37 891 25 35 0.013
81 2 16 19 0.013
225 580 22 26 0.013
249 46 24 38 0.013
69 703 24 27 0.013
41 637 27 34 0.013
102 599 26 35 0.013
635 430 48 99 0.013
672 211 21 27 0.013
63 692 26 40 0.013
948 710 29 32 0.012
363 106 26 30 0.012
534 308 20 25 0.012
276 690 26 30 0.012
222 682 22 28 0.012
355 258 25 36 0.012
418 217 62 157 0.012
153 436 25 29 0.012
617 325 27 29 0.012
894 253 24 28 0.012
51 28 23 24 0.012
330 604 23 40 0.012
208 172 25 25 0.012
390 687 25 29 0.012
832 461 22 32 0.012
815 591 25 30 0.012
631 739 30 33 0.012
630 308 25 28 0.012
417 454 24 30 0.012
663 387 26 27 0.012
147 343 26 30 0.012
192 296 43 24 0.012
758 311 22 28 0.012
936 208 27 36 0.012
914 649 20 30 0.011
533 374 55 151 0.011
70 755 27 30 0.011
332 224 21 35 0.011
824 270 23 29 0.011
527 710 20 27 0.011
979 59 23 30 0.011
913 558 24 33 0.011
589 438 29 47 0.011
814 394 25 36 0.011
801 449 29 29 0.011
896 578 23 27 0.011
405 326 20 25 0.011
329 729 29 34 0.011
921 433 20 25 0.011
192 281 18 26 0.011
610 50 23 26 0.011
393 725 21 28 0.011
715 513 23 40 0.011
197 279 22 28 0.011
387 888 26 33 0.011
653 765 28 37 0.011
441 290 26 31 0.011
873 51 25 30 0.011
393 707 24 39 0.010
770 630 25 37 0.010
676 704 23 28 0.010
489 10 18 19 0.010
704 415 30 40 0.010
119 480 22 27 0.010
849 431 27 30 0.010
501 470 21 26 0.010
637 661 27 32 0.010
790 661 24 29 0.010
595 934 33 33 0.010
769 250 21 27 0.010
656 777 38 38 0.010
671 598 19 25 0.010
161 311 26 30 0.010
28 599 24 34 0.010
431 426 26 27 0.010
0 646 17 31 0.010
