10_People_Marching_People_Marching_2_171
91
455 77 23 26 0.850
307 357 22 27 0.846
265 491 22 29 0.832
215 434 23 27 0.830
306 436 22 28 0.824
840 100 20 26 0.823
102 545 20 27 0.821
323 297 19 25 0.820
64 362 22 26 0.820
200 363 21 26 0.818
390 357 21 27 0.815
31 430 23 29 0.810
440 427 21 25 0.810
114 127 22 27 0.810
12 631 22 29 0.809
561 578 20 30 0.804
246 105 21 24 0.799
747 273 21 29 0.797
572 71 20 26 0.792
467 354 21 24 0.790
672 92 21 26 0.790
976 265 23 28 0.786
418 492 21 30 0.778
565 426 20 26 0.774
454 531 19 27 0.772
5 143 20 23 0.761
608 384 19 28 0.760
769 69 21 30 0.751
722 346 21 26 0.747
346 112 20 25 0.744
124 437 23 31 0.743
192 303 19 25 0.739
907 336 22 29 0.738
341 618 17 28 0.729
663 372 19 28 0.715
553 352 19 27 0.709
441 293 21 24 0.697
222 583 17 26 0.656
18 177 25 29 0.642
100 656 21 27 0.596
435 649 22 28 0.361
570 275 19 23 0.201
625 162 12 14 0.165
655 344 21 26 0.152
304 126 15 25 0.114
586 251 19 23 0.113
448 294 20 23 0.113
713 317 18 28 0.095
638 314 17 27 0.090
421 153 13 17 0.088
0 460 6 27 0.052
767 62 19 26 0.049
668 263 20 27 0.047
577 250 23 46 0.046
643 167 11 14 0.041
582 367 17 21 0.039
666 262 16 21 0.038
571 265 26 32 0.035
425 150 11 16 0.035
429 654 20 26 0.032
639 162 13 16 0.031
695 106 16 20 0.030
187 306 18 24 0.030
1012 322 12 32 0.029
371 192 12 15 0.029
106 651 23 28 0.028
563 264 18 25 0.026
635 323 16 20 0.023
992 137 27 25 0.023
158 170 18 22 0.021
713 313 15 22 0.021
675 264 22 30 0.020
574 164 15 18 0.020
102 643 24 30 0.020
677 96 21 24 0.017
676 282 20 28 0.017
248 430 19 25 0.016
310 129 13 21 0.016
164 324 20 24 0.016
572 281 21 22 0.015
694 112 14 18 0.014
194 455 18 22 0.014
1005 279 17 24 0.013
3 630 19 27 0.012
576 276 20 23 0.012
-1 457 13 28 0.012
311 123 16 21 0.011
98 663 18 23 0.011
791 283 17 22 0.011
463 325 20 24 0.010
0 167 7 25 0.010
