26_Soldier_Drilling_Soldiers_Drilling_26_223
37
913 111 36 46 0.849
203 123 22 28 0.844
614 96 29 36 0.827
719 103 33 38 0.827
515 77 33 38 0.817
277 112 26 35 0.805
17 130 20 24 0.793
408 94 23 30 0.778
125 151 18 21 0.750
384 108 26 33 0.711
163 139 21 24 0.706
91 132 22 25 0.684
669 145 25 33 0.463
461 111 24 32 0.403
110 140 15 20 0.395
66 137 13 19 0.355
567 139 15 18 0.136
65 144 15 19 0.073
674 140 22 26 0.052
365 129 19 23 0.052
51 144 16 19 0.050
446 114 14 19 0.035
484 106 21 27 0.032
474 108 26 31 0.030
143 155 14 17 0.029
61 134 13 16 0.029
140 150 15 18 0.026
677 138 15 17 0.024
405 109 22 30 0.023
701 132 18 23 0.019
441 113 10 15 0.017
682 137 20 23 0.015
97 144 18 20 0.014
455 122 15 20 0.013
361 129 17 20 0.013
573 145 16 19 0.011
666 152 19 26 0.011
