26_Soldier_Drilling_Soldiers_Drilling_26_204
207
370 257 28 35 0.778
450 140 17 21 0.704
437 196 22 27 0.696
599 116 12 16 0.656
942 171 13 18 0.605
964 149 17 19 0.575
193 78 10 14 0.569
1015 124 9 16 0.536
238 69 9 11 0.486
500 105 12 15 0.471
1013 296 11 30 0.387
987 161 12 17 0.372
901 177 13 17 0.364
858 121 12 15 0.357
713 123 13 19 0.337
585 86 11 12 0.330
940 114 10 13 0.319
790 212 17 26 0.300
893 355 16 22 0.300
989 120 10 13 0.299
966 204 17 23 0.282
166 64 10 12 0.263
713 175 13 21 0.256
925 110 10 13 0.246
994 189 16 20 0.234
622 152 15 23 0.231
473 133 12 17 0.219
821 135 16 18 0.209
905 208 17 23 0.205
741 112 12 15 0.198
345 52 8 8 0.187
794 218 17 26 0.179
628 78 9 12 0.176
966 118 10 12 0.166
739 378 24 36 0.164
656 110 15 21 0.163
964 152 29 19 0.159
975 112 11 13 0.158
972 131 12 15 0.157
1014 177 10 21 0.153
661 114 16 22 0.136
494 82 8 10 0.131
285 56 8 9 0.130
678 171 18 24 0.128
924 112 21 13 0.126
919 227 19 26 0.126
922 111 11 16 0.122
913 202 24 46 0.120
918 209 18 25 0.119
981 195 29 23 0.118
919 219 19 26 0.115
773 113 12 15 0.111
831 136 15 17 0.100
314 57 7 8 0.090
709 178 16 25 0.090
847 321 19 32 0.087
982 206 20 22 0.087
912 121 11 14 0.087
969 118 13 22 0.085
916 113 13 15 0.085
664 117 18 23 0.082
650 81 11 13 0.081
623 158 18 26 0.080
753 99 12 15 0.072
240 68 10 11 0.070
886 150 11 14 0.069
701 89 9 12 0.068
937 364 28 41 0.068
984 155 14 19 0.065
669 92 12 13 0.064
699 191 19 30 0.062
803 113 12 15 0.061
985 123 13 15 0.056
703 168 22 54 0.055
493 76 8 21 0.052
796 124 13 16 0.052
902 165 14 54 0.049
775 117 12 16 0.048
227 115 10 12 0.047
1016 117 8 15 0.044
499 110 12 15 0.044
630 166 17 24 0.044
1007 148 15 17 0.043
673 119 20 22 0.042
676 125 17 22 0.042
728 129 12 17 0.042
684 121 15 19 0.040
784 216 17 25 0.040
947 340 25 39 0.039
782 182 18 23 0.039
781 218 15 25 0.039
944 114 15 13 0.038
795 268 16 22 0.038
933 113 15 27 0.037
795 130 13 16 0.036
741 199 17 23 0.036
663 241 18 25 0.035
855 148 14 20 0.035
970 108 13 40 0.035
826 108 12 15 0.035
701 124 25 21 0.035
689 184 20 26 0.034
830 188 21 24 0.034
734 100 10 19 0.034
883 140 13 17 0.034
751 136 13 18 0.033
581 148 15 20 0.033
944 255 15 21 0.032
705 191 17 25 0.031
692 191 20 24 0.031
279 55 8 10 0.031
165 68 10 13 0.030
920 99 35 41 0.029
933 374 26 35 0.029
651 77 11 12 0.028
650 111 14 18 0.028
749 376 24 36 0.028
581 82 10 12 0.027
896 108 11 14 0.027
498 97 12 19 0.026
1014 319 10 28 0.025
1011 224 13 29 0.024
831 326 23 45 0.024
925 113 32 15 0.024
895 106 11 12 0.024
963 210 15 22 0.023
700 76 11 41 0.022
848 298 20 35 0.022
734 90 10 12 0.022
906 153 12 15 0.022
581 86 11 16 0.022
892 109 11 14 0.021
951 273 20 31 0.021
902 192 16 23 0.020
782 124 17 16 0.020
371 58 7 7 0.020
396 56 9 8 0.020
798 223 18 24 0.020
495 79 10 12 0.020
895 127 12 14 0.020
738 103 21 34 0.020
977 109 10 12 0.020
655 103 13 17 0.020
847 313 17 27 0.020
242 75 8 11 0.020
276 53 8 10 0.020
892 272 16 20 0.019
705 223 16 27 0.019
672 112 17 22 0.019
343 56 9 13 0.019
501 101 12 14 0.018
755 153 15 24 0.018
648 161 17 24 0.018
319 66 10 12 0.018
804 133 20 18 0.017
623 145 17 25 0.017
935 87 35 68 0.017
674 91 12 14 0.017
821 128 15 20 0.017
705 205 19 38 0.017
416 55 9 7 0.016
742 284 16 19 0.016
365 181 20 22 0.016
603 101 10 13 0.015
736 286 22 26 0.015
224 116 11 14 0.015
518 53 7 9 0.015
642 157 19 25 0.015
890 122 12 17 0.015
781 227 15 22 0.015
816 100 13 15 0.014
650 150 15 21 0.014
250 51 8 9 0.014
787 190 17 22 0.014
893 124 19 15 0.014
878 133 13 16 0.014
992 214 19 22 0.013
829 121 14 25 0.013
170 64 9 11 0.013
421 90 9 11 0.013
865 144 19 21 0.013
1000 193 17 21 0.013
1004 173 17 21 0.013
700 112 12 18 0.012
849 141 18 24 0.012
865 113 12 16 0.012
970 111 29 36 0.012
653 76 18 23 0.012
795 106 17 46 0.012
739 206 14 20 0.012
592 113 13 18 0.011
369 56 9 15 0.011
835 338 20 28 0.011
796 85 19 82 0.011
949 313 22 53 0.011
796 140 15 20 0.011
585 146 29 26 0.011
755 140 17 55 0.011
419 55 9 7 0.011
770 106 33 56 0.011
741 111 22 60 0.010
925 203 16 20 0.010
637 167 28 24 0.010
968 80 35 91 0.010
692 87 14 23 0.010
666 57 19 90 0.010
642 116 19 23 0.010
