26_Soldier_Drilling_Soldiers_Drilling_26_262
164
620 318 22 28 0.847
475 312 21 27 0.844
918 283 28 34 0.842
762 249 20 25 0.841
759 327 22 28 0.839
780 272 20 27 0.832
275 296 22 27 0.829
126 265 21 24 0.826
852 291 22 29 0.824
609 275 20 26 0.815
801 286 24 29 0.804
953 294 24 28 0.798
575 275 22 27 0.795
449 272 21 27 0.794
692 278 24 27 0.788
371 219 14 16 0.784
723 283 25 28 0.783
965 237 21 25 0.782
864 253 21 25 0.781
1002 266 22 33 0.780
649 234 15 19 0.762
404 194 13 17 0.750
219 233 15 18 0.748
78 261 23 28 0.746
591 240 15 20 0.745
37 275 20 24 0.743
223 264 20 24 0.742
439 220 16 19 0.735
168 214 13 15 0.733
635 281 23 26 0.731
123 239 15 17 0.723
250 217 13 16 0.723
301 214 16 18 0.722
526 219 15 18 0.722
59 258 19 24 0.720
497 224 13 16 0.720
299 265 20 23 0.718
6 265 19 22 0.718
534 269 23 26 0.718
428 263 18 24 0.709
389 264 19 24 0.709
473 229 13 17 0.699
217 212 14 16 0.681
88 215 14 17 0.677
486 243 13 17 0.673
508 269 18 23 0.671
342 258 22 26 0.652
168 267 24 29 0.639
584 228 13 16 0.611
325 218 16 18 0.601
601 224 15 17 0.575
113 224 11 14 0.558
152 250 14 21 0.554
679 220 15 17 0.549
263 210 13 18 0.504
205 252 14 18 0.466
587 234 17 23 0.458
240 260 18 25 0.449
397 227 13 16 0.442
684 221 15 19 0.431
353 229 13 16 0.431
803 249 17 21 0.425
832 253 18 20 0.376
976 280 18 25 0.347
103 259 14 21 0.341
37 252 15 18 0.306
520 241 17 20 0.299
331 269 17 19 0.275
838 275 18 23 0.264
254 214 20 18 0.253
46 235 14 17 0.249
928 252 22 24 0.247
217 214 15 35 0.239
383 220 15 17 0.233
525 269 19 24 0.227
963 285 22 29 0.213
415 261 21 21 0.192
413 259 15 19 0.188
323 262 20 19 0.184
644 224 17 72 0.176
-1 256 10 21 0.172
959 283 36 27 0.167
39 243 16 22 0.166
404 196 21 21 0.161
178 226 15 17 0.151
321 259 14 19 0.148
715 241 18 26 0.148
991 252 20 27 0.140
523 235 16 21 0.130
267 206 12 17 0.129
616 276 23 27 0.126
375 290 19 24 0.125
165 191 15 69 0.101
426 268 45 26 0.101
480 231 21 29 0.094
690 251 20 21 0.092
711 239 17 23 0.092
824 288 18 24 0.091
629 110 6 8 0.081
716 260 20 24 0.078
860 295 27 27 0.075
47 219 16 29 0.075
71 259 22 27 0.073
320 217 43 23 0.073
381 268 19 29 0.068
263 241 13 17 0.067
877 310 17 22 0.061
54 214 16 16 0.059
899 250 17 24 0.055
837 267 20 24 0.054
714 276 21 27 0.052
62 213 12 15 0.049
818 285 19 26 0.049
895 278 16 25 0.049
897 256 19 37 0.049
581 121 6 7 0.047
582 118 6 8 0.047
172 219 14 16 0.045
423 266 17 21 0.044
0 253 7 16 0.043
138 242 17 20 0.041
251 254 18 25 0.039
328 214 15 16 0.039
512 246 21 23 0.038
871 299 20 26 0.036
425 488 25 61 0.035
450 219 15 17 0.034
266 225 17 24 0.032
921 256 22 24 0.032
281 237 12 15 0.030
841 251 16 21 0.029
990 265 19 25 0.028
47 216 15 20 0.027
350 226 13 16 0.027
262 260 16 22 0.027
272 277 23 44 0.026
43 216 14 18 0.025
348 231 17 20 0.025
262 248 15 25 0.025
266 191 11 15 0.025
501 226 16 17 0.024
124 256 20 27 0.022
899 274 20 27 0.021
216 208 12 16 0.020
0 251 13 23 0.020
566 129 6 8 0.019
369 282 20 27 0.019
459 530 24 44 0.018
902 263 18 25 0.018
880 305 19 23 0.018
527 239 17 20 0.018
360 286 22 25 0.017
717 250 19 23 0.017
408 243 16 24 0.016
343 221 18 18 0.016
904 284 22 30 0.016
877 285 18 22 0.016
284 213 13 17 0.016
267 186 10 14 0.015
282 245 12 16 0.015
705 269 21 25 0.014
668 225 20 20 0.012
330 235 17 18 0.011
25 263 16 20 0.010
