26_Soldier_Drilling_Soldiers_Drilling_26_619
40
382 251 19 22 0.795
814 243 26 31 0.787
460 214 28 38 0.784
764 295 26 30 0.436
214 150 19 23 0.384
65 240 19 25 0.289
824 88 11 12 0.239
983 71 11 15 0.217
981 102 16 19 0.138
219 146 19 25 0.080
896 74 15 17 0.066
829 88 12 13 0.060
885 76 15 15 0.055
71 237 15 21 0.054
122 253 25 26 0.048
993 73 13 14 0.046
587 105 10 11 0.045
204 154 16 19 0.039
751 66 13 16 0.035
578 94 9 10 0.034
115 252 23 24 0.031
196 154 14 17 0.029
747 69 16 20 0.028
970 85 13 16 0.028
881 79 11 13 0.028
1001 92 12 16 0.026
998 80 12 24 0.025
982 45 13 97 0.024
910 77 15 17 0.019
200 150 17 21 0.019
976 77 12 15 0.019
902 77 19 17 0.017
967 89 12 13 0.016
971 91 16 21 0.016
836 86 9 12 0.015
898 67 12 14 0.012
745 78 15 19 0.012
879 75 12 13 0.012
749 63 13 14 0.011
644 99 12 12 0.010
