26_Soldier_Drilling_Soldiers_Drilling_26_991
95
214 120 11 15 0.813
347 103 13 16 0.785
478 98 13 16 0.777
629 84 12 15 0.763
701 78 12 15 0.758
586 85 11 15 0.742
243 121 12 15 0.737
436 104 12 16 0.731
305 94 13 16 0.710
785 66 12 16 0.708
172 122 11 14 0.692
274 112 12 15 0.689
731 82 12 13 0.686
836 63 12 15 0.679
663 80 12 15 0.673
51 144 9 11 0.673
551 96 12 14 0.632
127 132 11 13 0.618
945 52 11 14 0.576
70 148 9 10 0.543
867 95 9 10 0.421
389 113 13 16 0.389
884 108 8 8 0.343
554 98 12 14 0.341
510 94 12 14 0.334
674 75 12 15 0.295
109 135 10 13 0.143
261 113 27 15 0.126
560 103 11 13 0.108
928 57 11 14 0.099
142 104 12 14 0.087
407 115 13 16 0.068
691 79 57 15 0.063
538 100 11 12 0.048
309 95 13 15 0.047
929 53 29 16 0.046
543 83 11 14 0.046
606 90 11 14 0.044
865 101 28 11 0.044
936 107 10 9 0.043
629 78 12 16 0.042
928 54 10 12 0.042
136 120 12 14 0.042
193 118 12 14 0.042
456 96 12 15 0.041
624 85 14 16 0.039
576 69 14 17 0.038
528 96 17 15 0.038
135 110 12 15 0.036
273 103 12 16 0.034
482 99 15 15 0.033
567 73 12 15 0.032
122 130 12 14 0.032
632 64 9 13 0.030
807 152 10 12 0.029
282 104 12 16 0.028
50 141 9 11 0.027
582 73 11 16 0.022
800 68 11 14 0.021
565 77 19 16 0.021
252 160 10 13 0.021
90 144 12 12 0.021
144 108 12 14 0.020
829 61 13 15 0.020
578 68 11 12 0.020
131 132 14 15 0.020
366 103 16 18 0.019
949 105 14 12 0.018
904 122 7 9 0.018
105 119 13 26 0.018
755 55 8 11 0.017
938 104 11 12 0.017
866 93 9 16 0.017
955 108 8 11 0.017
458 91 12 15 0.016
404 96 13 16 0.015
783 72 13 14 0.015
969 46 12 17 0.015
675 89 13 15 0.015
943 104 14 12 0.015
526 100 14 13 0.014
759 141 10 12 0.014
174 120 26 14 0.014
105 111 12 15 0.014
369 108 15 19 0.014
933 110 8 10 0.013
349 97 14 18 0.013
946 59 11 14 0.012
759 147 10 13 0.012
808 145 10 15 0.012
892 110 12 22 0.012
791 68 23 14 0.011
144 100 10 13 0.011
398 92 15 20 0.011
902 120 11 13 0.011
