26_Soldier_Drilling_Soldiers_Drilling_26_1022
64
29 457 22 25 0.656
87 496 20 24 0.620
256 423 26 35 0.610
643 451 10 13 0.495
682 463 11 13 0.414
606 450 10 12 0.386
259 438 20 25 0.270
82 306 18 23 0.259
721 453 10 13 0.225
104 304 20 24 0.209
46 291 15 18 0.151
559 457 11 12 0.133
622 441 9 11 0.119
389 351 12 15 0.104
738 453 9 10 0.103
139 315 19 23 0.097
281 338 17 19 0.088
695 452 10 12 0.080
578 446 11 13 0.077
759 454 9 11 0.070
151 570 22 26 0.066
773 453 9 12 0.063
730 466 10 13 0.060
636 419 19 73 0.054
731 452 12 27 0.045
615 452 19 14 0.041
706 449 9 10 0.040
733 454 10 15 0.035
699 448 17 18 0.034
676 463 11 14 0.033
113 300 19 23 0.032
726 453 19 12 0.032
683 435 8 12 0.030
630 444 17 22 0.029
127 538 19 23 0.029
706 453 13 12 0.028
685 438 10 15 0.027
18 295 14 17 0.025
816 438 10 13 0.025
614 457 13 17 0.025
739 451 12 18 0.024
622 455 14 12 0.024
694 452 30 10 0.023
24 507 18 24 0.021
768 450 17 17 0.021
722 447 10 12 0.020
579 447 17 14 0.019
659 440 10 13 0.019
530 444 8 10 0.017
733 446 11 11 0.015
759 453 24 10 0.015
740 448 10 11 0.015
622 449 30 14 0.013
447 439 8 10 0.013
664 444 12 22 0.012
451 442 7 7 0.012
129 271 18 21 0.012
105 314 18 21 0.012
554 430 17 61 0.011
411 357 9 11 0.011
79 312 18 22 0.011
772 448 10 12 0.011
727 470 12 15 0.011
54 222 13 15 0.011
