26_Soldier_Drilling_Soldiers_Drilling_26_307
27
415 356 25 28 0.782
174 370 25 32 0.723
909 340 20 25 0.686
530 363 18 26 0.568
288 363 26 27 0.564
266 346 18 25 0.479
270 349 20 26 0.403
729 359 14 17 0.191
432 180 27 35 0.171
76 390 23 25 0.154
282 354 23 27 0.146
453 240 18 20 0.107
265 352 44 31 0.095
672 364 17 21 0.040
449 243 18 21 0.038
401 323 20 21 0.035
722 357 17 20 0.031
431 176 22 26 0.030
755 377 8 10 0.028
268 338 18 27 0.019
529 360 15 22 0.015
3 253 22 46 0.015
438 191 21 26 0.015
438 174 20 25 0.013
403 312 17 22 0.012
754 376 11 15 0.011
904 344 20 23 0.010
