12_Group_Large_Group_12_Group_Large_Group_12_849
25
778 339 18 23 0.761
211 221 15 17 0.706
399 326 15 19 0.684
433 305 14 19 0.679
644 356 18 20 0.620
296 325 15 20 0.270
451 250 15 19 0.179
156 150 12 15 0.095
387 327 16 18 0.065
133 231 14 17 0.061
301 326 15 17 0.056
289 366 18 21 0.038
424 342 13 18 0.036
384 331 14 16 0.035
653 356 16 18 0.028
294 334 15 20 0.028
382 333 11 15 0.024
912 331 18 22 0.022
872 233 14 19 0.021
291 329 14 20 0.016
875 239 27 21 0.015
456 248 16 20 0.013
396 331 18 19 0.013
138 261 17 22 0.012
440 251 15 20 0.010
