12_Group_Team_Organized_Group_12_Group_Team_Organized_Group_12_186
49
560 196 25 32 0.881
70 156 30 39 0.878
469 309 28 36 0.877
971 342 29 39 0.875
598 361 28 37 0.875
192 175 28 37 0.871
14 180 30 38 0.869
461 191 25 31 0.867
200 362 32 37 0.867
368 194 25 33 0.866
824 198 29 35 0.866
296 271 27 34 0.865
146 192 29 36 0.865
448 393 31 38 0.865
657 369 28 35 0.864
340 314 26 32 0.862
516 194 23 30 0.862
309 383 29 34 0.861
401 146 26 34 0.860
716 354 29 35 0.859
719 175 23 31 0.859
223 203 29 37 0.858
327 157 25 32 0.857
251 148 24 29 0.856
901 195 27 33 0.856
860 326 29 38 0.854
162 146 28 34 0.853
755 224 27 37 0.852
269 196 25 34 0.849
495 164 24 29 0.849
530 345 28 34 0.849
626 205 24 29 0.846
112 173 27 35 0.845
575 110 22 31 0.844
583 154 24 32 0.841
675 155 21 28 0.840
762 156 24 29 0.837
449 163 21 27 0.836
601 187 24 31 0.833
697 219 27 34 0.833
674 195 25 32 0.822
511 103 22 26 0.820
395 370 27 34 0.814
364 158 24 30 0.812
722 143 23 26 0.810
284 169 23 27 0.798
133 185 33 41 0.037
457 337 33 45 0.032
152 171 36 43 0.011
