12_Group_Team_Organized_Group_12_Group_Team_Organized_Group_12_412
24
385 220 41 50 0.886
704 199 39 46 0.880
495 227 36 50 0.873
761 180 33 40 0.868
577 400 45 58 0.867
233 198 37 56 0.865
555 232 34 44 0.859
603 331 37 52 0.848
781 58 31 38 0.841
329 216 37 47 0.839
141 217 34 47 0.831
117 191 34 43 0.829
966 136 38 51 0.822
4 209 43 41 0.814
890 221 38 50 0.808
495 174 30 39 0.785
661 223 34 43 0.782
589 225 29 40 0.753
469 235 26 37 0.537
205 203 22 27 0.516
909 209 31 42 0.511
634 228 27 35 0.489
811 230 33 44 0.341
465 241 23 28 0.017
