12_Group_Group_12_Group_Group_12_179
23
268 159 39 49 0.896
894 250 55 65 0.895
491 203 58 72 0.895
448 141 46 60 0.893
786 255 52 67 0.889
637 250 53 64 0.884
355 232 48 63 0.883
309 195 46 60 0.875
86 221 61 69 0.875
227 234 52 68 0.873
723 201 50 59 0.871
145 201 47 55 0.841
979 288 9 11 0.573
1000 287 10 12 0.497
979 326 9 11 0.251
1003 247 10 12 0.163
981 248 10 12 0.141
999 329 10 13 0.118
1015 367 8 18 0.041
460 151 57 77 0.028
992 288 19 13 0.019
1004 325 13 19 0.014
1017 325 7 12 0.012
