12_Group_Team_Organized_Group_12_Group_Team_Organized_Group_12_442
37
454 209 21 29 0.855
758 182 24 29 0.840
521 180 25 35 0.820
198 185 22 29 0.817
809 165 23 35 0.767
27 220 23 31 0.746
969 220 24 26 0.721
379 207 16 29 0.708
244 200 22 33 0.680
665 210 25 28 0.428
630 158 15 29 0.366
168 187 23 31 0.278
602 145 16 31 0.223
124 187 16 25 0.182
617 156 27 30 0.151
1003 174 21 31 0.119
154 182 34 33 0.085
1015 232 10 28 0.044
30 159 18 26 0.040
550 166 13 18 0.036
603 153 19 31 0.035
150 182 21 28 0.034
563 200 15 20 0.029
661 214 19 22 0.027
603 138 15 25 0.027
134 184 21 27 0.026
1016 284 8 18 0.026
25 230 21 28 0.025
33 208 18 24 0.022
970 227 19 23 0.021
546 167 16 26 0.020
881 266 18 24 0.014
597 150 17 26 0.013
32 190 14 21 0.013
678 211 20 24 0.012
157 179 21 27 0.012
1015 257 10 24 0.011
