12_Group_Team_Organized_Group_12_Group_Team_Organized_Group_12_340
36
287 0 51 70 0.887
324 111 58 80 0.885
35 0 51 56 0.874
609 31 51 71 0.868
135 0 46 60 0.865
476 -3 39 51 0.858
528 27 52 73 0.839
0 58 32 73 0.832
847 74 38 48 0.813
380 1 45 58 0.793
931 43 37 47 0.786
86 -2 39 43 0.781
360 -2 35 47 0.727
23 76 32 57 0.701
228 -3 42 34 0.381
687 -5 16 42 0.355
425 -4 40 34 0.192
241 -2 39 41 0.116
522 0 34 36 0.113
405 0 49 43 0.054
687 62 16 56 0.034
229 -3 24 25 0.028
103 0 50 55 0.026
213 -1 38 42 0.024
725 67 53 69 0.022
688 85 14 37 0.019
1013 249 11 44 0.018
397 12 38 50 0.017
680 55 21 51 0.017
412 8 30 46 0.015
926 35 27 39 0.014
693 97 10 21 0.014
674 -4 28 25 0.012
109 -4 32 41 0.011
462 -4 21 15 0.010
237 -7 24 28 0.010
