12_Group_Team_Organized_Group_12_Group_Team_Organized_Group_12_778
76
413 55 20 26 0.880
645 297 25 32 0.878
931 149 30 37 0.877
555 227 20 27 0.877
586 297 24 32 0.875
276 227 22 27 0.874
226 279 24 30 0.873
494 223 21 28 0.872
709 302 25 32 0.872
653 227 22 29 0.871
234 220 21 28 0.870
209 49 21 28 0.869
611 228 20 27 0.869
467 292 22 33 0.866
517 292 24 33 0.866
330 227 20 26 0.865
718 119 23 29 0.864
383 226 20 27 0.863
581 98 21 29 0.862
694 120 21 28 0.861
782 302 25 30 0.861
171 283 23 31 0.861
343 289 24 29 0.860
108 281 25 30 0.860
293 99 23 28 0.856
230 95 21 26 0.856
689 74 19 26 0.856
405 307 23 30 0.856
849 191 26 29 0.856
287 291 23 29 0.855
466 64 20 26 0.855
177 211 21 28 0.854
817 141 25 28 0.853
345 53 21 26 0.852
539 65 21 27 0.852
878 132 21 27 0.850
498 87 22 29 0.849
440 225 20 29 0.848
389 68 21 26 0.847
60 283 25 28 0.847
579 57 20 26 0.847
163 92 22 26 0.846
282 61 20 25 0.843
765 114 23 31 0.843
318 72 20 26 0.839
623 89 20 26 0.836
435 82 22 28 0.836
716 86 21 27 0.833
251 76 19 25 0.832
892 167 24 29 0.831
743 66 21 26 0.829
788 93 21 25 0.829
848 130 22 29 0.828
663 89 21 28 0.823
511 58 21 26 0.819
597 75 17 23 0.815
806 76 20 26 0.806
370 80 21 30 0.803
747 91 22 28 0.803
831 99 21 26 0.798
707 53 20 25 0.797
803 115 22 26 0.797
643 78 18 25 0.783
904 138 23 29 0.607
660 70 17 20 0.468
847 183 48 32 0.220
881 137 46 27 0.183
806 83 39 28 0.181
647 84 37 30 0.139
503 47 25 82 0.084
896 135 24 28 0.071
408 35 37 84 0.045
582 90 22 28 0.042
531 214 16 22 0.030
800 108 22 27 0.023
862 114 21 24 0.011
