12_Group_Large_Group_12_Group_Large_Group_12_736
47
397 389 17 23 0.822
937 455 23 30 0.802
421 391 19 25 0.719
141 388 25 31 0.714
154 333 18 29 0.677
71 312 11 14 0.675
634 357 17 29 0.640
578 400 25 35 0.599
226 396 19 26 0.563
231 368 15 19 0.436
12 360 21 28 0.429
300 386 23 27 0.428
314 387 19 24 0.351
750 386 17 28 0.179
20 305 9 12 0.158
184 364 17 22 0.080
99 374 15 21 0.074
584 378 19 23 0.074
584 395 23 28 0.070
9 358 16 24 0.062
576 410 22 29 0.058
595 396 18 24 0.054
2 306 8 16 0.049
1 311 8 14 0.047
0 356 10 23 0.047
148 442 21 26 0.034
445 390 15 20 0.034
2 303 7 12 0.032
22 333 11 14 0.029
744 385 18 27 0.028
17 361 22 31 0.027
20 321 14 45 0.020
432 391 25 24 0.020
296 382 18 25 0.020
402 445 16 20 0.020
320 386 16 22 0.018
1 338 9 23 0.017
451 396 12 16 0.016
753 371 21 37 0.014
40 358 19 28 0.012
578 371 19 26 0.012
46 362 17 22 0.012
0 335 8 34 0.012
19 309 10 14 0.012
592 386 16 23 0.012
635 350 16 24 0.011
942 449 22 28 0.010
