12_Group_Group_12_Group_Group_12_379
35
533 164 33 39 0.901
155 242 32 40 0.893
580 134 29 34 0.890
295 165 30 37 0.886
383 115 29 37 0.884
426 245 32 45 0.883
360 154 29 37 0.882
285 111 29 36 0.881
800 242 31 40 0.881
429 152 34 42 0.880
79 230 34 42 0.880
895 227 33 43 0.880
331 241 32 43 0.879
481 116 31 40 0.878
536 233 32 41 0.875
844 115 32 37 0.874
869 170 31 38 0.873
733 218 33 41 0.872
189 99 33 44 0.871
631 231 34 40 0.871
664 123 29 37 0.871
638 179 27 34 0.865
242 232 32 42 0.865
791 104 28 37 0.860
763 153 29 39 0.860
156 185 29 37 0.859
614 110 28 35 0.855
416 97 30 34 0.855
522 111 30 38 0.841
728 133 27 31 0.840
224 171 30 37 0.839
618 112 60 38 0.242
277 162 40 44 0.041
655 135 31 44 0.026
591 125 35 42 0.020
