12_Group_Team_Organized_Group_12_Group_Team_Organized_Group_12_583
43
525 273 39 59 0.870
813 294 60 76 0.864
255 225 57 60 0.848
922 248 36 44 0.835
828 224 29 35 0.830
571 222 24 31 0.829
701 142 24 32 0.805
991 154 27 33 0.800
434 216 26 32 0.799
829 173 27 33 0.799
666 192 27 35 0.789
362 75 19 26 0.773
392 175 22 27 0.755
145 44 29 34 0.742
533 136 26 31 0.733
460 235 29 37 0.710
759 138 27 35 0.554
693 308 42 48 0.532
545 225 22 27 0.451
691 287 38 42 0.386
483 63 22 25 0.317
258 61 21 25 0.265
929 197 27 32 0.097
613 153 30 29 0.073
761 296 36 46 0.070
413 264 31 39 0.068
470 171 25 30 0.064
542 159 22 26 0.053
261 71 20 27 0.034
776 301 52 57 0.030
57 241 18 19 0.025
567 76 21 26 0.025
422 178 21 26 0.024
537 146 25 29 0.022
494 96 24 33 0.016
826 192 32 45 0.015
496 88 23 29 0.014
500 20 18 22 0.014
926 206 21 26 0.013
264 86 20 28 0.012
901 190 31 34 0.012
999 161 23 27 0.011
70 12 24 25 0.011
