12_Group_Team_Organized_Group_12_Group_Team_Organized_Group_12_503
33
865 198 40 47 0.903
429 187 36 49 0.892
228 44 27 32 0.890
542 179 40 52 0.888
951 202 38 48 0.887
327 87 36 43 0.885
882 112 35 42 0.885
156 49 29 36 0.884
756 202 38 46 0.884
655 77 35 44 0.883
576 80 33 40 0.882
628 49 29 39 0.881
798 93 34 41 0.881
191 94 32 44 0.880
266 103 33 41 0.880
409 74 33 42 0.879
136 173 39 46 0.879
26 179 41 48 0.875
243 194 35 45 0.873
645 206 35 41 0.872
558 39 29 35 0.871
490 73 34 42 0.870
722 101 36 40 0.870
338 200 35 47 0.867
95 104 37 39 0.865
885 70 29 35 0.865
433 40 26 34 0.862
298 54 28 36 0.861
690 65 27 33 0.859
748 65 28 32 0.852
828 66 29 32 0.852
488 26 30 32 0.842
366 44 31 35 0.841
