12_Group_Large_Group_12_Group_Large_Group_12_94
25
405 134 71 88 0.892
648 195 62 84 0.876
828 109 54 71 0.874
697 56 45 59 0.864
203 106 74 96 0.862
710 -4 41 51 0.858
654 114 56 66 0.858
377 62 56 75 0.850
871 54 50 65 0.844
171 78 46 67 0.811
360 7 46 58 0.800
327 -2 29 39 0.784
1011 124 13 72 0.493
0 79 20 68 0.301
365 29 59 86 0.275
0 4 54 81 0.230
135 -3 40 53 0.087
164 -6 54 49 0.077
563 354 47 23 0.036
285 -6 35 26 0.028
0 106 18 63 0.024
0 53 28 77 0.022
92 349 46 47 0.016
179 80 69 95 0.012
993 131 29 62 0.011
