12_Group_Team_Organized_Group_12_Group_Team_Organized_Group_12_418
179
301 369 25 31 0.858
148 216 19 23 0.854
403 261 24 32 0.853
806 183 19 23 0.845
470 375 25 35 0.845
305 205 18 24 0.840
634 365 22 27 0.835
393 402 24 29 0.834
658 307 21 26 0.833
247 185 17 20 0.830
204 204 18 22 0.829
514 289 20 26 0.820
27 209 22 26 0.818
509 211 17 22 0.816
717 214 17 21 0.812
666 212 16 21 0.810
267 135 15 17 0.806
134 193 17 21 0.806
406 221 17 20 0.805
562 221 18 23 0.805
315 283 23 28 0.802
154 172 16 20 0.802
257 223 17 23 0.801
551 185 15 19 0.800
560 371 22 24 0.799
188 187 16 20 0.798
456 219 16 19 0.795
237 352 22 25 0.794
311 182 14 17 0.788
498 190 14 18 0.781
697 188 15 18 0.780
167 355 22 28 0.779
379 145 14 17 0.778
403 190 15 18 0.775
599 195 16 20 0.774
360 228 16 19 0.770
120 140 17 20 0.770
619 216 17 20 0.764
94 229 17 19 0.763
461 139 13 15 0.762
90 186 17 21 0.756
578 173 12 15 0.756
207 168 15 18 0.748
522 178 13 16 0.740
647 187 15 19 0.737
619 169 14 18 0.735
306 161 13 17 0.735
449 189 15 17 0.734
406 162 15 19 0.730
270 159 13 16 0.729
449 160 15 17 0.713
324 142 13 16 0.704
531 144 12 15 0.694
514 154 12 16 0.692
651 108 12 16 0.686
360 138 13 16 0.679
283 88 12 16 0.675
411 74 12 17 0.675
428 143 12 15 0.673
611 145 11 13 0.671
266 67 11 15 0.669
578 142 12 15 0.660
306 141 14 18 0.660
102 175 17 20 0.660
598 162 12 14 0.656
319 84 14 17 0.652
645 158 11 15 0.642
294 35 12 15 0.631
605 98 11 14 0.622
494 167 13 16 0.617
354 190 17 20 0.617
552 160 12 15 0.601
240 77 12 15 0.586
358 175 15 19 0.556
485 155 12 16 0.554
503 145 11 14 0.513
254 163 13 15 0.506
670 169 12 15 0.488
751 203 13 17 0.460
221 157 13 16 0.378
671 156 9 11 0.376
217 60 12 15 0.370
177 151 14 17 0.318
373 88 14 16 0.304
374 83 13 15 0.295
307 191 17 26 0.285
211 163 17 19 0.238
373 94 13 15 0.214
433 161 14 15 0.171
550 141 10 14 0.155
531 140 15 24 0.155
306 80 12 14 0.153
352 171 19 20 0.151
308 147 13 55 0.146
449 162 14 55 0.143
543 160 16 16 0.141
619 157 14 38 0.115
666 186 16 63 0.112
537 141 22 16 0.092
520 170 14 27 0.088
351 139 14 17 0.087
341 146 13 19 0.085
510 150 23 17 0.082
640 180 15 19 0.078
556 96 12 14 0.069
560 159 13 15 0.067
527 166 15 18 0.065
215 141 13 15 0.064
483 161 13 17 0.063
647 81 11 12 0.059
551 133 10 13 0.057
340 164 12 17 0.055
387 49 11 14 0.052
384 237 11 16 0.051
339 173 14 17 0.048
147 177 18 70 0.048
582 128 10 13 0.047
331 145 15 18 0.045
592 158 13 16 0.045
492 148 17 44 0.043
748 206 14 18 0.042
60 222 17 21 0.041
648 145 13 72 0.040
449 37 12 15 0.040
429 145 15 28 0.040
444 187 15 19 0.039
508 159 17 97 0.039
208 145 15 19 0.038
610 160 23 97 0.036
537 167 13 15 0.035
581 132 11 14 0.035
142 148 18 111 0.033
580 89 10 11 0.033
349 192 19 21 0.032
496 125 11 104 0.030
301 271 21 23 0.030
298 49 11 14 0.030
508 123 34 68 0.027
382 123 10 13 0.027
388 90 11 14 0.025
553 125 10 112 0.025
746 197 14 18 0.025
360 119 13 15 0.024
450 109 13 98 0.024
519 119 12 109 0.024
368 194 17 21 0.023
482 143 13 16 0.023
619 185 16 59 0.023
220 62 12 16 0.023
109 178 15 18 0.022
266 101 11 14 0.021
307 170 17 31 0.021
650 104 12 14 0.020
295 54 13 15 0.019
371 121 17 22 0.019
238 80 14 20 0.018
369 97 13 16 0.017
272 168 15 17 0.017
241 95 10 13 0.015
182 150 15 18 0.015
369 86 13 15 0.015
578 91 11 13 0.015
362 67 10 13 0.014
323 98 12 15 0.014
617 221 17 20 0.013
528 131 12 15 0.013
484 28 11 13 0.013
364 116 13 16 0.012
176 168 16 19 0.012
433 134 13 15 0.012
207 21 12 15 0.012
595 99 19 110 0.011
276 175 13 16 0.011
578 82 10 14 0.011
334 184 18 19 0.011
374 198 13 18 0.011
305 149 14 19 0.011
674 296 16 18 0.011
546 188 16 19 0.010
