12_Group_Large_Group_12_Group_Large_Group_12_120
726
584 391 12 15 0.827
278 394 11 16 0.821
112 419 12 16 0.811
619 242 10 13 0.810
387 390 11 16 0.802
547 391 12 15 0.800
351 351 11 14 0.797
457 240 10 14 0.794
589 268 10 12 0.794
537 266 11 15 0.791
57 422 11 14 0.788
389 351 12 15 0.787
881 359 12 14 0.787
279 419 12 17 0.786
624 386 13 15 0.784
308 421 11 15 0.783
573 242 10 13 0.781
424 417 11 15 0.780
546 452 12 15 0.778
476 422 13 17 0.778
112 356 11 15 0.775
257 453 12 16 0.775
508 390 12 16 0.774
170 301 11 13 0.773
545 420 11 15 0.773
649 420 11 14 0.773
675 268 10 13 0.770
249 418 11 15 0.770
470 391 12 16 0.768
665 393 11 14 0.767
927 386 12 16 0.766
510 453 12 16 0.765
312 397 12 15 0.763
426 388 11 15 0.761
628 268 10 12 0.759
878 418 12 15 0.759
473 288 11 15 0.758
886 451 12 14 0.758
295 322 11 14 0.756
368 386 12 16 0.756
550 294 10 13 0.753
466 355 12 15 0.753
121 452 11 14 0.753
797 352 11 13 0.752
715 415 12 16 0.752
563 264 10 14 0.750
336 222 10 12 0.748
149 327 11 13 0.748
244 325 10 13 0.748
597 296 9 12 0.747
570 297 12 15 0.747
762 454 12 14 0.747
498 301 11 14 0.743
122 327 10 13 0.743
216 300 12 13 0.742
322 293 12 14 0.742
786 224 9 11 0.740
224 421 10 14 0.740
395 417 11 15 0.739
130 301 10 13 0.737
565 326 11 14 0.737
821 353 11 14 0.737
849 418 11 16 0.737
448 420 11 15 0.737
450 293 11 13 0.735
625 324 13 13 0.735
904 328 9 12 0.735
442 446 12 16 0.735
377 219 9 12 0.733
508 411 13 16 0.733
369 351 12 16 0.730
640 376 10 13 0.730
691 420 13 16 0.730
406 449 11 16 0.730
87 282 10 13 0.729
209 327 12 13 0.729
527 323 12 14 0.729
547 325 12 14 0.729
738 420 11 15 0.729
638 299 11 13 0.727
622 299 11 14 0.727
268 323 12 15 0.727
743 352 11 14 0.727
427 359 11 14 0.727
797 325 11 13 0.725
829 450 12 16 0.725
412 322 11 14 0.722
820 327 11 13 0.722
92 329 11 14 0.722
43 398 11 15 0.722
653 454 12 16 0.722
764 269 10 13 0.721
827 224 8 12 0.720
798 244 9 12 0.720
879 331 10 14 0.720
147 460 12 13 0.718
77 451 13 15 0.718
180 328 10 13 0.717
579 450 13 16 0.717
588 326 11 13 0.715
729 326 10 12 0.715
328 351 11 15 0.715
476 455 11 15 0.715
292 448 11 15 0.713
722 223 9 12 0.713
888 281 10 13 0.713
102 301 10 13 0.713
450 381 12 15 0.713
690 454 12 15 0.713
447 218 9 12 0.711
765 293 10 13 0.711
495 354 11 14 0.711
677 386 11 13 0.709
790 385 12 13 0.708
753 329 10 12 0.706
563 379 10 14 0.706
621 419 10 14 0.706
652 327 11 13 0.704
226 457 12 15 0.704
745 224 9 11 0.702
633 348 11 14 0.702
716 387 10 13 0.702
335 322 11 16 0.701
852 332 8 12 0.701
364 449 12 15 0.701
696 225 9 12 0.699
719 303 10 15 0.699
611 451 11 16 0.699
230 269 10 12 0.697
376 322 10 14 0.697
282 222 9 12 0.695
484 267 10 12 0.695
694 325 11 13 0.695
598 220 9 12 0.694
102 281 10 12 0.694
846 278 11 14 0.694
737 390 10 15 0.694
211 223 9 13 0.692
463 267 11 13 0.692
363 294 10 14 0.692
770 328 10 12 0.692
411 247 11 13 0.688
347 295 10 14 0.688
347 391 12 17 0.688
960 425 11 14 0.688
511 236 10 12 0.686
606 346 10 14 0.686
765 427 11 14 0.686
695 268 9 11 0.684
717 348 10 12 0.684
813 390 11 14 0.684
336 426 10 14 0.684
531 237 9 13 0.682
84 223 9 12 0.681
553 238 9 13 0.681
592 242 11 13 0.681
220 355 12 15 0.681
355 244 9 12 0.679
913 297 10 13 0.679
692 348 11 13 0.679
79 391 12 15 0.679
358 221 9 11 0.677
79 242 10 13 0.677
75 303 10 12 0.677
526 346 11 13 0.677
141 358 9 12 0.677
672 348 11 14 0.677
959 446 12 15 0.677
466 216 9 12 0.675
803 295 10 12 0.675
363 421 12 15 0.675
197 394 12 15 0.673
278 356 12 14 0.671
227 385 12 16 0.671
618 219 10 12 0.669
643 219 9 12 0.669
331 245 11 13 0.669
734 243 10 12 0.669
678 243 10 12 0.669
825 275 11 13 0.669
863 297 10 13 0.669
738 295 10 13 0.667
453 319 10 14 0.667
169 422 11 14 0.667
152 279 9 12 0.665
444 268 11 14 0.665
776 388 11 15 0.665
719 448 13 15 0.665
843 297 9 13 0.663
670 326 10 14 0.663
193 419 11 14 0.663
608 269 9 12 0.661
410 386 12 14 0.661
824 414 11 15 0.661
186 458 12 15 0.661
383 246 11 13 0.660
345 267 10 13 0.660
526 381 11 15 0.660
395 220 9 11 0.656
515 296 11 13 0.656
610 325 10 14 0.656
669 422 11 14 0.654
210 272 11 13 0.652
581 348 11 15 0.652
864 387 11 14 0.652
63 269 10 13 0.650
716 268 10 12 0.650
145 390 11 14 0.650
795 449 12 15 0.648
700 302 10 12 0.646
488 318 12 14 0.646
646 269 10 12 0.644
410 292 8 11 0.644
27 365 11 12 0.642
487 384 12 14 0.642
819 246 9 12 0.640
249 221 10 12 0.638
410 272 11 13 0.638
502 264 10 14 0.638
154 224 9 11 0.636
775 243 9 11 0.636
325 271 10 12 0.636
854 226 8 11 0.634
777 351 11 13 0.634
121 396 11 15 0.634
595 423 12 15 0.634
428 295 12 14 0.632
268 271 11 15 0.630
902 392 10 13 0.630
944 349 10 13 0.628
153 241 10 12 0.627
473 247 11 13 0.627
172 273 10 12 0.627
369 272 11 13 0.627
139 419 11 15 0.627
749 379 11 14 0.626
115 243 10 12 0.624
50 299 10 12 0.624
252 298 11 14 0.624
841 353 10 14 0.624
435 247 10 12 0.622
658 299 11 13 0.622
154 301 10 12 0.622
803 228 8 10 0.619
158 395 12 14 0.619
191 222 10 12 0.617
197 245 10 12 0.617
431 322 11 16 0.617
664 243 9 12 0.615
874 253 10 12 0.615
203 356 11 14 0.615
135 243 10 12 0.613
699 244 11 12 0.613
838 250 10 12 0.613
855 250 10 13 0.613
317 219 9 12 0.611
231 221 10 12 0.609
271 295 10 13 0.609
884 298 10 12 0.609
354 323 11 14 0.609
393 322 11 14 0.609
428 217 10 12 0.607
808 273 10 13 0.607
27 389 11 15 0.607
702 388 10 14 0.605
309 248 11 12 0.603
122 279 10 13 0.603
39 328 11 14 0.603
252 355 13 14 0.603
539 217 10 12 0.601
642 239 10 13 0.601
221 246 9 11 0.599
489 218 10 12 0.597
199 302 10 13 0.597
524 218 10 12 0.596
413 218 9 11 0.594
47 364 10 12 0.594
84 424 12 15 0.594
736 270 10 12 0.591
406 349 11 14 0.591
769 223 9 10 0.588
903 350 11 12 0.582
426 270 10 14 0.580
390 270 10 13 0.578
805 420 10 13 0.575
274 247 10 12 0.571
265 219 10 11 0.569
116 226 10 11 0.567
756 245 9 12 0.567
610 375 10 14 0.567
494 237 10 13 0.565
165 358 11 12 0.563
788 294 9 12 0.560
289 299 10 12 0.556
139 223 8 11 0.554
54 329 11 14 0.554
182 359 10 12 0.554
303 351 10 14 0.552
248 249 10 13 0.543
173 250 10 12 0.539
308 272 11 12 0.536
302 225 8 11 0.535
191 273 10 13 0.535
337 385 11 14 0.535
511 323 11 13 0.530
70 328 11 14 0.525
241 356 10 13 0.524
337 452 11 14 0.524
901 251 8 11 0.521
186 389 10 13 0.517
91 362 13 15 0.513
570 220 9 11 0.510
762 349 10 13 0.510
917 271 9 12 0.507
652 349 10 13 0.506
918 451 11 13 0.504
101 226 9 10 0.490
292 250 10 12 0.490
933 419 12 14 0.488
175 222 9 12 0.484
554 345 11 15 0.475
102 393 12 15 0.473
303 297 10 12 0.471
66 365 11 13 0.468
291 271 10 12 0.466
234 298 11 13 0.466
853 452 12 15 0.462
383 294 10 14 0.457
519 265 11 15 0.455
678 224 10 11 0.453
249 269 10 12 0.440
503 216 11 14 0.438
135 272 10 13 0.438
825 297 11 12 0.438
256 383 11 14 0.431
243 247 12 13 0.429
864 358 10 12 0.423
531 295 10 13 0.416
822 388 11 14 0.414
468 319 11 14 0.405
240 394 12 16 0.397
237 246 9 11 0.380
790 271 9 12 0.380
686 301 10 13 0.359
662 219 10 12 0.349
593 219 12 12 0.335
572 218 10 12 0.335
554 219 10 12 0.329
885 391 11 14 0.324
369 379 11 19 0.323
589 219 11 13 0.322
181 248 11 12 0.314
699 267 12 12 0.306
770 351 15 13 0.306
272 219 12 14 0.297
246 356 14 15 0.297
784 383 14 16 0.297
879 226 9 13 0.295
421 247 13 13 0.284
293 296 12 14 0.284
137 302 14 14 0.280
341 388 12 16 0.270
850 386 13 15 0.266
720 248 10 13 0.264
193 391 12 16 0.264
669 388 12 17 0.263
784 418 10 14 0.258
574 421 11 14 0.254
47 365 18 13 0.251
530 323 13 15 0.249
176 420 13 14 0.247
849 278 14 14 0.246
616 269 14 14 0.238
412 218 24 11 0.234
489 217 28 12 0.232
44 327 18 15 0.229
302 384 10 13 0.227
143 358 10 22 0.224
326 248 12 12 0.222
506 215 11 13 0.219
72 361 14 15 0.216
507 387 19 17 0.215
865 278 9 12 0.214
842 347 11 24 0.207
580 326 15 15 0.198
241 420 21 13 0.198
386 321 16 14 0.192
338 323 14 15 0.187
82 360 11 14 0.187
203 300 16 15 0.186
94 320 10 36 0.185
458 319 20 15 0.184
361 322 29 14 0.182
213 422 21 13 0.182
877 243 10 14 0.180
427 320 13 15 0.175
877 239 10 13 0.174
903 319 10 28 0.172
496 236 16 13 0.168
337 218 9 12 0.167
668 218 17 18 0.166
673 345 16 17 0.163
684 453 21 17 0.161
138 223 14 14 0.159
547 384 11 32 0.159
590 260 11 32 0.158
849 401 11 40 0.156
380 321 16 15 0.151
312 387 11 35 0.142
825 387 11 14 0.142
927 421 12 14 0.142
829 297 12 14 0.141
387 375 12 42 0.140
281 219 9 11 0.138
335 416 13 34 0.135
436 270 14 14 0.134
277 247 12 13 0.131
887 278 9 25 0.120
225 385 22 18 0.118
102 291 9 26 0.116
838 248 19 14 0.116
397 348 15 16 0.116
270 355 11 15 0.115
577 389 11 14 0.115
953 422 13 15 0.114
132 301 14 14 0.110
43 362 12 13 0.109
107 459 10 13 0.109
735 421 36 16 0.107
898 390 21 15 0.106
419 412 16 25 0.105
885 395 12 14 0.104
489 362 10 47 0.101
267 356 10 13 0.100
772 376 11 13 0.098
102 244 10 12 0.098
585 346 13 15 0.096
782 413 11 15 0.096
576 449 27 16 0.096
627 267 32 17 0.095
329 330 11 54 0.093
245 297 12 14 0.093
509 369 11 61 0.091
960 403 11 69 0.091
357 200 13 57 0.090
80 352 11 74 0.090
278 337 14 49 0.089
383 221 15 13 0.086
858 254 9 12 0.085
174 270 13 14 0.084
526 325 27 13 0.083
666 372 12 52 0.082
230 219 30 12 0.081
797 440 10 14 0.081
112 383 12 66 0.081
290 292 11 24 0.077
749 370 11 20 0.077
526 377 11 14 0.075
902 339 11 32 0.074
430 244 13 13 0.074
877 360 12 13 0.073
294 312 11 32 0.072
104 388 12 15 0.072
697 312 10 20 0.071
737 349 15 17 0.070
548 318 13 27 0.070
231 240 10 69 0.069
608 316 11 33 0.068
880 304 9 64 0.068
821 335 10 47 0.067
701 352 10 77 0.066
667 243 19 14 0.066
227 216 14 18 0.066
526 315 11 32 0.066
336 412 10 14 0.065
697 268 28 12 0.065
644 182 8 90 0.063
763 426 10 67 0.063
331 425 30 15 0.063
885 282 10 33 0.062
712 387 22 14 0.062
1002 237 10 12 0.062
204 420 36 14 0.061
661 297 13 15 0.061
146 419 16 16 0.061
476 249 12 15 0.060
649 270 11 12 0.060
569 219 26 11 0.060
614 270 28 12 0.059
313 352 9 98 0.059
49 322 22 24 0.059
547 351 12 13 0.058
886 263 9 70 0.058
155 389 12 14 0.058
270 263 10 33 0.057
803 265 10 68 0.056
507 284 26 39 0.056
268 308 11 44 0.055
505 297 30 14 0.055
395 444 10 13 0.054
280 193 11 70 0.054
53 300 17 75 0.054
775 373 11 38 0.054
480 267 28 14 0.054
95 291 11 83 0.054
716 350 10 84 0.053
663 223 26 10 0.052
847 264 10 38 0.051
585 409 27 42 0.051
83 195 8 80 0.051
850 249 21 16 0.050
764 260 10 33 0.049
493 181 10 94 0.049
585 341 10 101 0.048
231 342 12 95 0.048
519 252 11 45 0.047
901 322 10 66 0.047
793 300 32 62 0.046
527 283 9 96 0.046
452 250 8 103 0.046
826 193 9 75 0.045
441 452 12 14 0.045
210 347 26 27 0.045
479 260 42 25 0.044
881 314 10 90 0.044
826 258 11 45 0.043
390 314 11 86 0.043
547 348 13 91 0.043
376 296 13 16 0.043
29 370 12 49 0.043
492 352 11 14 0.042
372 323 48 14 0.042
675 310 9 12 0.042
188 220 16 11 0.041
242 349 44 22 0.040
843 286 17 32 0.040
127 312 10 23 0.039
75 390 12 16 0.039
278 336 9 107 0.039
282 385 11 91 0.039
671 460 9 13 0.039
120 276 29 14 0.039
406 316 29 27 0.039
28 383 12 14 0.039
30 308 15 97 0.039
751 376 11 15 0.038
132 257 8 97 0.038
813 393 11 19 0.037
412 234 10 40 0.036
305 356 11 13 0.036
829 445 12 16 0.035
851 327 9 12 0.034
348 340 10 105 0.034
578 400 12 24 0.033
123 335 31 55 0.033
210 255 11 47 0.032
486 280 17 86 0.032
193 354 11 102 0.032
890 236 9 99 0.032
460 300 25 52 0.032
295 278 9 100 0.032
718 381 10 94 0.032
852 303 9 64 0.031
267 318 12 14 0.031
362 415 12 15 0.031
793 338 9 98 0.031
940 347 12 14 0.030
295 282 28 94 0.030
696 275 8 106 0.030
473 264 10 69 0.030
823 391 14 71 0.030
947 342 10 15 0.029
877 224 9 12 0.028
501 452 13 16 0.028
682 302 56 13 0.028
333 445 9 13 0.028
934 414 12 15 0.028
182 281 8 103 0.028
271 222 8 110 0.028
337 396 9 107 0.028
749 313 20 41 0.028
237 402 12 14 0.027
46 278 42 57 0.027
810 248 44 13 0.027
135 220 10 13 0.027
458 211 10 78 0.027
422 306 15 104 0.027
424 348 11 107 0.027
768 219 9 12 0.027
445 380 10 104 0.026
847 249 15 13 0.026
620 416 10 13 0.026
117 189 7 98 0.026
573 426 11 15 0.026
801 391 15 74 0.025
344 301 11 15 0.025
159 354 13 97 0.025
853 270 9 109 0.025
269 352 11 13 0.025
168 460 11 13 0.025
493 210 11 44 0.024
346 241 10 69 0.024
477 448 12 15 0.024
867 197 19 74 0.024
538 412 12 16 0.024
762 422 12 15 0.024
127 324 10 16 0.023
767 221 8 114 0.023
797 221 10 58 0.023
82 277 54 18 0.023
449 372 12 18 0.023
225 193 40 69 0.022
609 445 12 17 0.022
71 369 13 23 0.022
357 219 11 25 0.022
193 306 12 14 0.022
745 303 16 102 0.022
721 256 9 102 0.022
694 298 8 109 0.021
548 280 12 104 0.021
416 321 28 14 0.021
135 221 10 57 0.021
795 295 18 14 0.021
59 271 11 12 0.020
291 250 9 109 0.020
79 447 13 15 0.020
216 251 10 106 0.020
643 419 74 22 0.020
538 196 10 114 0.019
758 338 43 36 0.019
954 329 8 11 0.019
404 219 33 14 0.019
187 389 14 15 0.019
210 318 12 15 0.019
720 344 12 14 0.019
269 274 9 110 0.018
799 347 12 14 0.018
573 171 9 115 0.018
793 445 11 15 0.018
820 348 14 112 0.018
529 317 12 15 0.018
868 235 19 44 0.018
112 230 16 40 0.018
36 443 10 13 0.018
29 324 9 110 0.017
801 226 9 10 0.017
207 311 23 98 0.017
337 419 11 15 0.017
390 347 11 104 0.017
85 222 11 13 0.017
449 341 10 115 0.017
892 445 14 23 0.017
904 453 20 13 0.017
747 239 18 18 0.017
886 291 12 15 0.017
796 318 13 15 0.017
689 448 12 15 0.017
382 298 11 13 0.017
1011 218 9 14 0.016
723 265 28 23 0.016
650 293 53 26 0.016
332 318 12 16 0.016
206 331 12 25 0.016
673 296 8 113 0.016
645 420 12 15 0.016
568 295 26 109 0.016
900 253 10 20 0.015
414 197 10 116 0.015
725 278 9 104 0.015
465 313 10 14 0.015
849 224 8 113 0.015
97 242 9 12 0.014
444 353 12 15 0.014
190 223 18 58 0.014
387 195 8 118 0.014
578 411 13 18 0.014
238 297 24 13 0.014
875 415 12 15 0.014
740 342 10 117 0.014
338 389 12 126 0.014
760 295 13 13 0.014
835 351 11 14 0.013
435 223 15 19 0.013
469 320 10 127 0.013
843 246 17 109 0.013
116 300 37 62 0.013
936 227 8 11 0.013
824 419 12 14 0.013
575 408 52 100 0.013
236 356 11 14 0.013
732 261 49 81 0.013
103 276 10 13 0.013
621 280 17 98 0.013
623 327 14 113 0.012
366 230 9 114 0.012
377 430 11 15 0.012
405 173 30 102 0.012
974 340 10 14 0.012
245 270 47 65 0.012
300 449 11 14 0.012
748 314 10 116 0.012
112 309 11 131 0.011
792 317 11 14 0.011
693 232 14 86 0.011
521 347 15 18 0.011
446 350 11 14 0.011
306 456 12 14 0.011
691 259 32 95 0.011
658 254 41 105 0.011
187 361 12 13 0.011
624 194 10 116 0.011
69 450 13 15 0.011
84 218 9 12 0.011
148 257 29 52 0.011
777 322 8 118 0.011
113 386 12 15 0.010
162 401 12 20 0.010
210 217 13 13 0.010
38 452 14 17 0.010
630 262 10 14 0.010
332 426 11 16 0.010
846 326 29 110 0.010
427 210 11 13 0.010
505 210 10 14 0.010
931 450 12 14 0.010
338 448 14 16 0.010
