12_Group_Team_Organized_Group_12_Group_Team_Organized_Group_12_850
27
473 163 127 166 0.894
290 227 116 149 0.841
671 264 33 49 0.824
926 275 13 17 0.652
0 127 35 213 0.151
966 293 12 14 0.147
1009 270 10 16 0.080
910 283 12 13 0.071
56 259 16 19 0.058
971 290 13 15 0.053
930 277 13 16 0.047
970 296 12 15 0.041
147 244 10 12 0.038
905 284 11 12 0.030
1 242 14 82 0.024
122 261 7 9 0.021
59 255 16 19 0.020
1012 298 11 17 0.019
1 181 25 107 0.018
62 263 13 16 0.018
980 289 14 16 0.017
95 245 9 12 0.016
1014 287 10 23 0.014
28 243 16 20 0.013
13 213 28 70 0.013
53 263 14 17 0.012
711 270 28 46 0.011
