12_Group_Large_Group_12_Group_Large_Group_12_103
33
311 190 42 52 0.894
916 293 52 64 0.862
500 188 43 51 0.858
773 189 32 43 0.854
488 311 76 111 0.854
821 165 23 33 0.850
105 152 42 48 0.834
739 131 21 28 0.833
509 128 19 25 0.819
638 142 25 30 0.812
405 203 25 40 0.803
361 134 20 26 0.785
644 216 35 65 0.766
296 161 21 28 0.749
399 149 21 29 0.739
923 180 18 34 0.708
666 129 19 27 0.708
533 173 27 36 0.677
319 127 15 23 0.673
445 146 15 24 0.489
10 226 24 48 0.306
299 163 27 40 0.278
189 487 80 94 0.246
358 144 47 27 0.125
358 136 32 30 0.063
6 216 23 46 0.047
698 190 26 31 0.039
579 178 20 28 0.032
535 173 51 34 0.021
647 139 24 28 0.017
712 191 21 26 0.016
321 121 15 22 0.011
14 228 20 29 0.011
