12_Group_Team_Organized_Group_12_Group_Team_Organized_Group_12_617
90
905 193 47 50 0.883
563 156 40 52 0.877
195 191 49 62 0.851
276 178 16 18 0.802
653 156 17 22 0.795
805 161 18 25 0.776
358 228 21 29 0.770
756 168 18 22 0.752
67 202 25 29 0.732
848 130 20 28 0.731
382 162 13 15 0.638
693 176 9 12 0.617
980 157 17 21 0.609
347 175 14 17 0.603
297 169 14 17 0.601
634 167 11 11 0.597
439 203 8 11 0.552
512 191 6 8 0.506
138 202 21 35 0.467
967 175 16 21 0.460
276 227 15 25 0.444
714 152 13 20 0.436
973 156 16 20 0.374
738 158 14 21 0.291
969 163 18 23 0.284
0 193 6 23 0.279
48 184 11 15 0.231
264 223 19 27 0.189
499 199 7 9 0.166
258 223 18 24 0.158
103 207 19 25 0.090
604 167 11 17 0.081
762 156 12 16 0.070
402 198 8 10 0.068
636 167 12 14 0.066
899 158 14 19 0.061
254 192 13 16 0.060
137 204 16 24 0.055
0 190 7 14 0.053
251 187 18 27 0.051
384 158 11 15 0.050
409 215 7 11 0.049
498 201 6 9 0.047
204 90 8 6 0.046
716 159 18 21 0.042
404 197 9 20 0.040
246 194 15 16 0.039
349 170 13 15 0.038
138 215 17 29 0.037
241 252 9 13 0.037
141 210 24 38 0.035
46 285 16 23 0.034
715 160 11 16 0.033
606 169 9 12 0.030
272 179 15 19 0.029
196 89 7 6 0.028
309 159 10 13 0.027
846 160 10 14 0.026
435 204 8 11 0.024
282 226 16 22 0.023
847 137 14 26 0.022
0 192 10 28 0.022
45 181 11 15 0.022
227 221 36 34 0.022
48 194 17 22 0.020
16 249 22 31 0.019
181 91 10 7 0.018
776 177 11 16 0.018
237 199 12 17 0.018
42 198 14 21 0.017
638 161 14 19 0.017
240 248 14 18 0.017
163 92 10 7 0.016
101 216 19 24 0.016
83 201 22 26 0.016
182 91 6 6 0.016
0 201 6 24 0.015
138 228 16 22 0.015
842 162 12 17 0.014
857 154 14 18 0.014
295 162 16 17 0.014
160 91 6 7 0.013
229 195 20 33 0.012
193 85 16 14 0.012
507 189 8 9 0.012
37 202 15 20 0.012
232 195 16 17 0.012
250 222 21 30 0.012
739 165 17 21 0.011
234 244 13 19 0.011
