12_Group_Large_Group_12_Group_Large_Group_12_253
76
484 366 35 43 0.880
41 268 32 38 0.875
972 392 32 40 0.872
161 266 31 37 0.870
23 438 32 41 0.865
131 419 37 46 0.859
678 323 28 34 0.858
351 423 32 37 0.857
243 403 34 42 0.852
544 333 31 40 0.845
159 213 27 33 0.844
498 209 24 30 0.842
758 374 28 33 0.840
89 244 27 34 0.836
935 260 26 32 0.834
658 386 30 37 0.834
607 324 25 31 0.831
260 220 24 28 0.830
394 200 25 28 0.830
872 386 31 37 0.829
763 260 24 29 0.825
590 425 27 33 0.824
459 234 26 33 0.824
206 197 24 30 0.823
410 236 26 34 0.823
860 251 27 36 0.823
796 233 25 31 0.823
355 227 28 37 0.822
0 244 21 31 0.822
560 204 24 30 0.816
298 229 24 33 0.811
731 234 22 28 0.809
636 227 24 29 0.807
616 287 27 31 0.807
896 241 21 29 0.806
279 261 29 37 0.804
330 201 23 28 0.804
613 211 22 26 0.802
118 202 23 30 0.802
767 203 21 26 0.802
391 434 41 42 0.789
29 203 26 31 0.788
682 236 23 29 0.778
212 270 30 34 0.731
860 224 23 25 0.728
457 203 24 30 0.679
708 247 24 31 0.532
566 326 22 29 0.402
945 218 6 7 0.357
711 241 30 33 0.331
685 223 22 25 0.304
610 281 23 89 0.156
894 218 9 10 0.145
942 218 6 7 0.087
945 216 8 12 0.069
973 220 6 8 0.062
773 213 30 33 0.048
933 256 22 29 0.041
976 210 6 8 0.036
631 221 24 29 0.033
974 212 7 16 0.030
905 217 11 19 0.025
945 222 6 9 0.025
688 217 20 23 0.023
780 233 17 24 0.021
407 217 22 26 0.020
936 219 5 8 0.017
897 227 16 26 0.017
793 227 22 28 0.014
399 205 23 29 0.014
977 209 7 8 0.014
895 219 14 15 0.014
972 221 8 12 0.012
54 242 38 43 0.011
319 204 20 25 0.011
415 215 17 23 0.010
