12_Group_Group_12_Group_Group_12_268
28
343 355 40 55 0.902
486 190 34 46 0.890
245 348 36 46 0.884
914 321 35 45 0.876
457 325 37 49 0.875
707 385 38 45 0.873
443 215 36 47 0.870
586 363 37 47 0.869
571 221 34 46 0.867
368 209 35 41 0.866
626 219 36 47 0.865
703 192 32 42 0.865
896 209 37 47 0.863
810 396 41 46 0.862
726 265 36 42 0.861
102 245 37 46 0.858
150 261 32 40 0.857
808 224 30 39 0.855
219 210 34 40 0.855
757 212 34 43 0.849
854 230 34 41 0.841
156 348 41 48 0.835
304 245 31 35 0.834
239 91 24 28 0.778
602 200 32 39 0.665
826 224 40 44 0.254
424 163 29 34 0.086
153 219 23 30 0.011
