12_Group_Large_Group_12_Group_Large_Group_12_213
52
246 303 17 22 0.837
161 414 43 30 0.820
850 267 18 22 0.774
292 286 14 17 0.770
350 360 30 31 0.764
486 351 23 28 0.753
279 318 20 22 0.746
762 305 14 18 0.730
668 280 12 14 0.720
471 299 15 18 0.718
698 312 14 17 0.707
584 285 14 16 0.706
738 276 13 15 0.679
402 292 14 16 0.638
719 380 26 23 0.608
0 385 23 38 0.555
582 320 16 17 0.532
884 281 14 16 0.525
425 321 15 17 0.520
839 352 26 26 0.477
945 316 25 20 0.473
551 309 9 11 0.372
485 299 10 13 0.314
475 298 15 16 0.191
408 297 14 16 0.166
942 317 18 21 0.119
667 371 15 21 0.088
953 314 20 19 0.085
715 377 21 23 0.070
416 306 15 17 0.068
171 405 35 32 0.061
1 374 15 38 0.060
650 282 9 10 0.056
761 295 13 21 0.053
784 297 9 12 0.045
517 341 16 19 0.039
763 288 9 11 0.034
490 299 8 10 0.029
513 332 19 32 0.027
0 374 10 23 0.024
721 387 25 23 0.022
650 279 13 14 0.021
738 284 13 15 0.017
413 301 14 15 0.017
939 322 16 17 0.013
666 377 15 21 0.012
383 347 15 24 0.012
650 286 12 12 0.012
542 305 10 12 0.012
360 358 24 27 0.011
272 320 21 22 0.011
-1 400 21 25 0.011
