12_Group_Group_12_Group_Group_12_28
26
613 96 41 55 0.899
128 127 43 54 0.899
260 150 40 51 0.894
211 103 34 50 0.894
462 233 33 44 0.883
386 198 41 54 0.882
170 38 32 42 0.881
703 82 43 57 0.880
178 201 36 44 0.876
303 135 35 44 0.875
551 109 39 49 0.874
514 57 34 46 0.874
72 23 38 46 0.874
246 257 42 49 0.869
521 255 37 46 0.869
664 55 37 52 0.868
108 71 38 44 0.866
790 74 38 54 0.856
800 132 42 56 0.855
905 108 43 55 0.850
233 77 37 46 0.833
617 48 36 42 0.796
921 69 39 48 0.735
911 82 41 55 0.511
82 30 42 52 0.223
679 67 53 51 0.094
