12_Group_Team_Organized_Group_12_Group_Team_Organized_Group_12_28
32
214 0 56 47 0.880
682 52 42 59 0.855
926 241 27 34 0.851
601 270 27 33 0.837
521 256 39 49 0.837
431 262 29 36 0.828
985 285 32 41 0.819
466 260 24 28 0.792
139 267 26 34 0.776
825 276 21 32 0.664
998 246 20 28 0.644
5 220 25 26 0.642
675 258 19 33 0.566
871 277 26 28 0.548
333 247 20 26 0.525
968 255 23 28 0.513
779 271 19 29 0.418
15 219 23 26 0.211
973 268 43 41 0.203
152 243 17 22 0.091
337 251 21 29 0.087
682 258 22 33 0.066
108 212 20 26 0.059
883 277 22 28 0.052
65 234 15 18 0.046
161 162 18 25 0.040
328 249 18 24 0.025
342 265 17 24 0.015
563 289 15 20 0.013
667 259 18 28 0.013
25 222 17 22 0.011
97 221 18 25 0.010
