12_Group_Team_Organized_Group_12_Group_Team_Organized_Group_12_171
28
94 179 51 70 0.863
580 235 25 31 0.844
489 248 25 29 0.809
411 253 26 33 0.803
356 289 30 34 0.775
647 223 24 28 0.751
283 241 31 36 0.710
725 232 16 22 0.692
847 234 17 24 0.594
191 252 30 33 0.518
0 308 22 48 0.198
280 226 33 39 0.182
845 231 15 21 0.150
842 234 15 23 0.076
934 207 9 10 0.061
919 246 10 11 0.050
43 246 30 39 0.038
722 231 14 19 0.028
265 269 18 24 0.015
917 240 10 12 0.014
379 259 19 24 0.014
827 245 13 17 0.013
506 213 21 27 0.013
349 271 36 42 0.013
594 238 22 28 0.012
948 248 8 10 0.011
946 245 9 10 0.011
945 248 9 14 0.010
