12_Group_Large_Group_12_Group_Large_Group_12_1007
29
447 199 35 41 0.874
367 228 41 54 0.867
110 139 30 38 0.837
7 158 29 33 0.831
635 209 43 50 0.829
530 195 40 48 0.824
260 151 31 37 0.805
344 166 32 39 0.771
225 190 38 61 0.759
976 196 24 27 0.758
680 239 40 65 0.596
161 155 14 19 0.570
767 235 40 50 0.541
605 219 21 27 0.513
497 223 20 26 0.247
866 221 25 29 0.116
775 239 47 57 0.065
379 176 31 37 0.065
657 214 47 61 0.062
869 218 20 21 0.032
502 228 22 27 0.025
603 212 18 22 0.023
496 213 22 25 0.021
862 223 19 24 0.020
604 210 13 16 0.016
858 226 26 30 0.016
768 240 23 29 0.014
505 210 19 24 0.012
388 178 33 28 0.011
