12_Group_Group_12_Group_Group_12_519
122
449 206 39 53 0.877
712 220 35 50 0.862
822 202 32 43 0.857
568 197 37 50 0.856
903 206 30 40 0.848
1001 63 11 15 0.573
823 95 12 15 0.521
997 101 14 18 0.480
926 38 13 16 0.460
964 58 14 17 0.451
979 38 11 15 0.374
798 66 13 16 0.361
721 80 11 14 0.349
936 59 16 20 0.349
918 76 14 17 0.331
898 63 14 17 0.319
759 73 12 14 0.308
744 99 13 16 0.246
1003 364 9 12 0.216
854 42 14 18 0.174
822 42 12 14 0.166
708 49 12 15 0.153
804 177 16 21 0.133
898 90 13 16 0.130
928 45 16 26 0.127
1019 328 6 16 0.120
748 46 14 18 0.119
888 50 11 16 0.109
858 86 15 20 0.097
778 55 12 16 0.097
1010 81 14 15 0.096
771 30 12 15 0.095
931 59 15 19 0.083
991 19 12 16 0.080
993 21 13 17 0.078
995 24 14 18 0.076
755 70 34 18 0.073
929 20 12 15 0.072
969 54 50 26 0.062
943 108 13 16 0.062
952 32 14 17 0.060
892 17 12 15 0.060
890 20 11 13 0.059
986 18 15 14 0.059
723 131 21 28 0.058
704 102 13 16 0.058
1000 29 14 18 0.057
973 11 13 15 0.057
875 30 11 14 0.056
900 86 14 17 0.054
855 22 13 66 0.051
684 188 20 26 0.051
905 54 13 16 0.049
852 33 27 37 0.046
956 58 43 17 0.041
1016 328 8 18 0.040
862 52 13 17 0.039
1016 53 9 16 0.038
878 33 12 16 0.036
745 64 25 58 0.036
689 44 13 17 0.036
719 119 14 18 0.034
834 59 14 18 0.031
824 47 14 16 0.031
687 36 14 19 0.031
715 117 14 18 0.031
975 90 15 18 0.029
716 141 19 23 0.029
686 29 13 22 0.028
783 109 19 24 0.028
870 132 13 17 0.028
856 79 40 35 0.028
682 122 19 20 0.026
721 124 15 19 0.026
796 122 17 21 0.025
739 97 14 17 0.025
689 195 19 28 0.025
824 14 14 18 0.024
822 35 20 51 0.024
864 58 12 16 0.024
1007 7 14 18 0.022
730 137 17 22 0.020
852 87 14 17 0.020
997 84 16 18 0.020
823 16 14 42 0.020
803 138 17 20 0.019
801 38 30 60 0.019
663 10 14 16 0.018
774 11 12 70 0.018
745 148 18 23 0.018
796 128 20 30 0.018
856 31 16 25 0.017
700 226 13 18 0.017
965 71 15 19 0.017
1020 136 6 18 0.016
714 145 14 19 0.016
746 9 11 15 0.016
860 80 13 18 0.016
829 93 13 17 0.015
889 79 14 19 0.015
1001 55 13 18 0.014
840 161 15 20 0.014
950 -1 21 67 0.014
817 62 17 19 0.014
1019 277 6 18 0.014
804 170 16 20 0.014
776 50 13 16 0.014
943 88 21 47 0.013
882 20 20 17 0.012
866 135 15 19 0.012
984 85 17 17 0.012
950 8 19 15 0.012
1001 6 18 24 0.012
771 24 13 17 0.011
726 30 12 14 0.011
776 86 23 59 0.011
962 7 19 17 0.011
1005 359 10 16 0.011
707 43 13 18 0.011
765 116 17 26 0.010
539 182 31 41 0.010
850 31 16 25 0.010
