12_Group_Team_Organized_Group_12_Group_Team_Organized_Group_12_461
47
908 424 23 26 0.812
182 317 15 21 0.788
634 293 27 37 0.777
402 284 27 33 0.774
37 295 32 42 0.772
344 413 23 36 0.769
483 294 48 61 0.732
314 306 10 13 0.702
358 310 15 19 0.661
286 302 11 14 0.626
250 283 27 32 0.591
908 327 11 14 0.563
1013 325 10 13 0.515
156 309 11 14 0.506
331 329 16 19 0.446
943 441 18 25 0.292
239 282 22 27 0.246
121 309 10 15 0.120
929 329 11 12 0.089
306 327 10 16 0.070
1004 292 10 12 0.067
829 417 14 28 0.064
153 309 11 12 0.052
962 345 7 8 0.052
1010 293 10 12 0.033
435 283 17 24 0.031
938 53 29 37 0.031
372 323 15 20 0.030
378 326 11 14 0.028
650 279 27 44 0.023
993 291 11 12 0.023
428 277 36 33 0.020
862 429 13 19 0.018
357 307 12 14 0.017
230 312 15 20 0.017
979 349 8 10 0.016
441 283 26 41 0.014
635 304 19 25 0.013
232 302 23 30 0.013
662 268 14 29 0.013
931 331 10 12 0.012
362 305 18 19 0.012
236 281 14 22 0.012
928 331 26 14 0.012
863 419 13 22 0.011
258 290 28 25 0.010
1014 333 10 27 0.010
