12_Group_Large_Group_12_Group_Large_Group_12_228
24
430 416 16 20 0.872
781 411 17 21 0.869
202 410 15 19 0.857
698 416 18 21 0.853
906 414 17 21 0.849
564 405 17 21 0.849
111 410 16 20 0.845
483 398 17 21 0.836
156 415 15 19 0.835
526 408 16 21 0.832
337 412 16 20 0.829
743 407 17 22 0.827
654 418 17 23 0.824
293 407 17 21 0.823
607 412 17 22 0.815
392 412 17 21 0.812
828 407 17 22 0.807
248 411 16 20 0.806
869 420 18 21 0.795
306 476 15 18 0.763
465 503 12 15 0.678
408 428 11 17 0.030
124 276 11 12 0.024
105 408 17 21 0.021
