12_Group_Large_Group_12_Group_Large_Group_12_662
31
807 296 41 48 0.797
395 212 25 29 0.688
230 231 15 20 0.656
439 401 21 23 0.367
119 252 7 7 0.361
443 275 24 24 0.311
400 215 26 31 0.124
559 297 21 21 0.116
1007 195 17 45 0.100
268 223 16 21 0.098
53 232 18 22 0.079
237 231 15 21 0.076
51 239 15 17 0.064
117 252 6 7 0.061
480 418 21 22 0.053
55 228 17 19 0.050
61 222 14 21 0.040
63 219 10 14 0.032
26 213 16 22 0.027
324 183 10 13 0.025
249 234 15 19 0.020
3 229 11 17 0.018
329 263 19 27 0.018
993 204 31 44 0.017
84 184 6 8 0.014
425 407 28 26 0.014
448 402 17 21 0.014
61 238 14 16 0.012
15 211 30 28 0.012
59 215 16 16 0.010
85 251 6 8 0.010
