12_Group_Team_Organized_Group_12_Group_Team_Organized_Group_12_83
84
732 381 165 232 0.887
807 222 62 71 0.881
300 239 34 48 0.830
0 342 16 36 0.800
29 322 22 26 0.790
144 283 28 39 0.787
731 225 16 19 0.753
38 257 22 26 0.752
959 192 17 21 0.740
208 269 21 26 0.735
997 192 18 23 0.726
91 278 27 36 0.713
903 242 22 29 0.711
9 260 21 26 0.698
401 244 29 40 0.693
108 237 27 35 0.655
955 245 16 20 0.600
918 205 13 16 0.520
142 261 19 24 0.477
200 296 22 36 0.422
181 257 21 26 0.403
557 272 34 32 0.394
61 263 17 22 0.380
998 242 17 20 0.333
1004 238 15 18 0.316
586 264 27 30 0.314
996 249 13 17 0.264
13 294 18 26 0.225
191 275 21 34 0.222
759 211 15 19 0.194
122 250 20 25 0.120
910 208 14 15 0.112
195 290 22 32 0.106
193 246 19 23 0.101
954 192 62 23 0.100
762 220 21 41 0.099
992 429 33 52 0.080
899 212 11 16 0.079
261 268 23 27 0.074
780 207 17 21 0.073
126 255 19 24 0.070
758 243 27 43 0.060
974 388 50 96 0.059
778 209 14 15 0.054
217 234 16 21 0.052
760 220 16 23 0.045
753 258 29 40 0.045
389 285 23 28 0.043
197 242 20 23 0.042
378 254 21 33 0.041
700 260 24 31 0.039
207 233 18 20 0.035
193 238 41 24 0.031
904 210 18 15 0.031
546 266 34 36 0.026
218 255 19 24 0.026
146 248 19 29 0.024
1000 456 21 24 0.023
70 256 19 22 0.019
946 234 15 20 0.019
912 204 13 15 0.018
548 228 19 22 0.017
100 251 32 46 0.016
995 199 16 20 0.016
704 194 9 11 0.016
804 224 42 50 0.015
892 214 14 22 0.015
221 238 17 25 0.015
723 225 15 17 0.014
788 217 18 21 0.014
752 270 22 27 0.014
266 271 24 30 0.013
759 210 21 27 0.013
951 238 16 21 0.013
926 197 10 12 0.012
765 208 25 19 0.012
925 204 12 15 0.012
96 292 21 25 0.012
905 235 18 26 0.012
188 268 20 33 0.012
224 256 17 20 0.012
199 237 16 18 0.011
203 308 22 31 0.011
716 222 13 17 0.011
