12_Group_Group_12_Group_Group_12_367
25
695 350 26 35 0.878
324 363 27 33 0.878
566 323 23 30 0.872
203 340 25 31 0.871
627 355 24 34 0.870
548 370 26 32 0.870
394 342 24 31 0.869
351 294 23 28 0.867
214 298 25 31 0.866
259 364 26 34 0.866
561 281 20 26 0.864
470 282 21 25 0.864
423 281 25 31 0.864
293 262 21 28 0.864
382 270 23 27 0.860
518 337 25 31 0.859
287 306 19 28 0.857
520 285 23 29 0.855
653 323 24 30 0.852
635 265 22 28 0.851
200 259 22 27 0.847
457 356 26 30 0.843
611 292 23 30 0.841
438 331 21 29 0.840
444 345 25 32 0.499
