12_Group_Large_Group_12_Group_Large_Group_12_295
53
431 320 35 50 0.775
504 337 16 19 0.734
506 303 14 17 0.727
275 293 13 16 0.715
667 277 12 16 0.713
537 268 6 8 0.695
613 294 13 16 0.679
582 290 10 13 0.627
540 297 11 13 0.597
578 278 8 8 0.530
554 294 10 11 0.521
495 289 10 12 0.473
405 280 11 15 0.471
486 270 9 11 0.353
581 285 9 14 0.319
508 270 9 9 0.271
315 310 9 10 0.236
546 295 12 14 0.214
580 279 8 12 0.157
495 273 10 33 0.156
490 289 10 12 0.149
452 283 11 13 0.136
316 311 12 12 0.116
550 294 12 15 0.111
433 277 10 11 0.103
486 290 9 12 0.084
440 279 23 16 0.072
505 295 13 66 0.069
724 320 8 9 0.053
488 292 10 12 0.050
485 274 9 13 0.044
586 292 10 12 0.042
310 311 12 15 0.041
557 280 8 16 0.038
436 280 13 14 0.031
535 265 7 9 0.025
507 299 12 16 0.025
692 318 7 9 0.024
536 295 11 13 0.022
610 316 9 13 0.021
723 317 7 8 0.021
323 314 10 11 0.021
616 298 12 14 0.020
563 276 9 9 0.018
470 269 9 11 0.015
318 308 9 12 0.015
540 306 10 12 0.012
454 281 14 18 0.012
408 277 10 12 0.012
277 287 12 13 0.011
621 359 25 42 0.011
723 320 17 8 0.011
535 300 13 15 0.010
