12_Group_Large_Group_12_Group_Large_Group_12_276
28
593 95 56 63 0.903
218 240 56 68 0.899
519 83 52 57 0.897
848 86 61 68 0.894
570 206 61 70 0.893
439 235 57 73 0.883
324 224 59 72 0.878
354 36 54 74 0.878
438 70 52 62 0.877
491 2 46 52 0.875
297 7 42 52 0.874
137 10 50 51 0.872
224 64 53 59 0.871
669 265 65 75 0.870
0 69 34 72 0.866
696 152 59 77 0.859
710 78 47 55 0.857
582 26 40 50 0.849
649 67 46 50 0.837
105 291 68 74 0.818
981 24 18 27 0.484
1007 80 17 67 0.080
1017 66 7 33 0.034
65 -11 29 15 0.023
1002 107 21 63 0.021
989 92 33 66 0.018
1014 46 10 70 0.017
67 -7 28 17 0.012
