12_Group_Large_Group_12_Group_Large_Group_12_286
59
801 233 69 94 0.883
86 157 46 66 0.853
283 157 44 57 0.841
411 255 55 86 0.818
1003 265 21 26 0.799
492 240 31 40 0.799
0 195 30 39 0.784
970 256 17 20 0.727
919 263 13 16 0.686
724 250 16 21 0.679
596 247 21 29 0.663
268 223 30 62 0.567
481 218 20 23 0.558
904 258 12 17 0.524
571 256 14 17 0.513
134 189 30 39 0.451
400 217 26 29 0.439
606 267 36 47 0.207
321 195 14 18 0.179
567 258 14 16 0.154
153 206 25 35 0.147
144 200 23 28 0.116
312 182 23 33 0.100
766 259 19 27 0.085
943 250 7 9 0.073
644 220 12 14 0.067
898 258 15 20 0.059
142 191 20 26 0.059
408 216 19 23 0.053
901 262 15 19 0.044
991 252 12 14 0.041
720 252 14 19 0.041
711 250 9 12 0.037
940 252 10 11 0.036
138 195 34 47 0.035
768 269 18 22 0.033
132 196 23 28 0.032
972 215 10 11 0.028
944 250 10 14 0.028
486 223 21 26 0.027
755 260 19 19 0.027
924 264 12 16 0.027
921 258 17 15 0.023
992 217 11 14 0.021
790 242 15 28 0.020
319 197 19 28 0.017
947 262 12 12 0.016
758 266 19 23 0.016
761 245 29 33 0.015
539 263 9 13 0.015
773 260 16 22 0.015
747 232 11 15 0.014
113 204 15 20 0.013
326 225 23 42 0.013
396 209 34 50 0.012
945 246 8 23 0.012
970 251 16 19 0.012
711 249 22 17 0.012
790 242 12 18 0.011
