12_Group_Group_12_Group_Group_12_843
54
390 495 95 106 0.875
672 263 16 21 0.745
420 240 15 17 0.736
621 204 17 19 0.722
506 228 15 17 0.715
583 193 10 13 0.697
91 473 110 168 0.685
546 223 12 16 0.640
606 208 11 14 0.429
67 235 8 9 0.397
224 227 7 10 0.310
163 236 7 8 0.304
278 232 9 10 0.299
140 238 6 8 0.284
643 220 11 14 0.264
204 235 6 7 0.261
633 191 13 15 0.254
256 235 7 8 0.249
268 226 9 11 0.166
7 467 98 178 0.164
272 228 16 13 0.135
637 191 9 11 0.110
188 222 7 9 0.081
350 211 7 7 0.073
727 304 10 10 0.070
2 254 10 13 0.058
216 203 8 10 0.046
585 194 12 14 0.045
239 205 9 11 0.043
332 215 7 8 0.043
388 229 7 9 0.042
189 218 6 16 0.038
189 226 7 10 0.037
726 301 10 10 0.035
611 206 17 19 0.034
220 215 12 36 0.032
311 201 7 9 0.032
241 199 8 26 0.032
351 210 10 8 0.032
216 198 10 24 0.025
330 200 9 10 0.025
604 213 12 17 0.020
138 240 9 11 0.020
251 209 30 48 0.019
737 309 9 10 0.019
310 191 8 25 0.017
650 191 11 12 0.014
243 209 14 30 0.012
73 253 9 10 0.012
69 257 11 13 0.012
187 210 10 34 0.012
184 207 9 21 0.011
254 215 17 27 0.010
395 201 9 9 0.010
