12_Group_Team_Organized_Group_12_Group_Team_Organized_Group_12_21
25
470 276 20 25 0.856
561 303 25 28 0.831
263 322 40 44 0.809
355 299 25 31 0.775
379 289 19 25 0.473
518 319 20 24 0.422
428 299 19 21 0.340
499 291 18 23 0.316
300 322 18 20 0.197
431 307 19 21 0.173
242 347 17 23 0.169
304 325 11 15 0.066
429 296 15 16 0.058
392 298 13 20 0.056
422 310 20 23 0.043
395 302 13 18 0.039
556 362 22 30 0.030
387 291 12 19 0.017
247 317 21 31 0.016
201 412 14 18 0.016
516 311 21 25 0.013
296 318 16 23 0.013
281 315 29 36 0.012
224 361 12 16 0.012
392 305 13 20 0.010
