12_Group_Group_12_Group_Group_12_227
36
730 268 36 43 0.907
426 225 29 40 0.902
549 279 33 43 0.899
299 182 29 38 0.895
386 307 35 43 0.893
636 151 32 39 0.892
181 260 35 43 0.890
695 218 31 38 0.889
591 277 39 55 0.889
327 219 30 41 0.887
716 146 30 39 0.883
240 275 33 43 0.882
649 204 29 40 0.880
731 185 31 39 0.880
299 259 33 40 0.879
338 154 28 37 0.878
809 255 32 45 0.876
511 225 31 43 0.876
566 182 28 39 0.875
478 273 33 44 0.875
444 150 30 39 0.875
239 180 30 37 0.875
379 126 27 33 0.874
389 243 36 45 0.871
838 194 28 38 0.868
555 134 26 38 0.867
647 277 29 42 0.866
471 122 29 39 0.865
605 219 31 41 0.860
396 181 30 41 0.859
487 199 28 37 0.850
387 257 37 51 0.346
451 141 31 43 0.298
723 162 31 43 0.236
562 168 28 42 0.142
250 190 37 44 0.013
