12_Group_Large_Group_12_Group_Large_Group_12_43
26
743 251 30 36 0.904
474 266 31 42 0.894
565 270 36 46 0.891
703 266 33 44 0.889
223 230 40 51 0.885
648 270 33 46 0.878
487 206 22 28 0.876
384 279 34 43 0.876
683 214 24 33 0.872
778 293 30 36 0.872
451 222 27 37 0.870
100 236 44 49 0.870
896 282 41 43 0.867
815 250 30 34 0.866
616 233 27 35 0.865
185 208 36 43 0.854
546 207 20 27 0.846
545 247 28 35 0.844
341 216 29 36 0.840
404 202 21 28 0.789
640 219 18 25 0.679
328 196 18 25 0.241
322 207 19 26 0.106
785 265 32 42 0.087
507 210 12 20 0.015
323 190 19 23 0.014
