12_Group_Team_Organized_Group_12_Group_Team_Organized_Group_12_685
142
647 982 63 74 0.879
403 162 63 79 0.867
538 989 44 63 0.844
422 986 61 64 0.824
802 772 23 28 0.820
645 777 26 31 0.817
564 768 26 32 0.812
753 713 24 29 0.811
91 634 24 30 0.807
679 719 24 30 0.806
325 760 26 32 0.805
852 859 28 33 0.801
167 765 24 30 0.788
729 760 23 29 0.786
756 864 26 33 0.763
601 721 23 27 0.747
702 665 24 27 0.747
26 640 22 28 0.745
643 871 24 29 0.743
591 611 22 25 0.740
659 610 20 25 0.737
277 640 25 30 0.733
304 861 27 30 0.723
625 660 21 25 0.723
360 647 22 27 0.709
565 652 23 28 0.708
76 755 25 30 0.694
945 616 25 30 0.673
850 754 27 33 0.666
960 569 22 24 0.656
536 720 22 27 0.650
482 653 23 29 0.626
193 599 22 28 0.551
903 570 20 24 0.539
517 608 20 24 0.510
492 865 26 30 0.452
395 765 21 25 0.371
1002 680 20 27 0.311
260 880 32 43 0.277
149 492 22 25 0.270
156 1024 73 67 0.232
473 761 22 28 0.229
209 676 22 26 0.211
46 748 22 26 0.174
265 1001 42 63 0.149
800 758 72 33 0.148
54 747 31 31 0.127
522 817 24 29 0.122
434 903 37 44 0.118
952 832 24 29 0.103
928 663 24 28 0.100
308 602 19 25 0.097
187 499 31 27 0.096
323 681 22 27 0.094
693 639 24 129 0.092
133 525 20 23 0.091
699 649 22 79 0.091
191 495 22 24 0.089
181 490 21 23 0.087
144 502 23 31 0.082
112 830 23 28 0.078
480 861 30 37 0.072
583 842 24 27 0.069
163 486 31 27 0.068
445 690 21 29 0.067
204 508 18 25 0.063
446 824 34 39 0.056
469 617 69 103 0.055
1005 557 16 22 0.055
231 619 19 25 0.052
106 582 20 24 0.042
533 726 21 27 0.038
485 674 22 29 0.038
401 761 23 29 0.038
1001 668 20 32 0.036
209 513 22 29 0.034
378 764 27 28 0.033
168 479 20 22 0.032
118 745 25 30 0.030
528 675 77 107 0.028
478 623 21 26 0.028
898 563 21 24 0.028
618 736 24 29 0.027
1001 870 20 32 0.027
607 717 25 29 0.026
860 863 27 33 0.025
312 855 29 32 0.024
504 820 24 31 0.024
110 813 25 53 0.023
90 527 15 19 0.021
443 618 23 128 0.021
752 645 25 29 0.021
749 866 25 29 0.020
940 770 24 27 0.020
795 1125 26 29 0.020
946 860 31 37 0.019
24 750 29 28 0.019
999 637 20 27 0.019
128 749 25 31 0.019
900 570 25 44 0.018
224 610 28 39 0.017
358 726 20 24 0.016
447 901 35 40 0.016
152 1063 57 45 0.016
263 869 28 38 0.016
494 849 26 35 0.016
896 616 21 26 0.016
447 669 23 34 0.015
544 634 27 29 0.015
15 750 20 24 0.015
234 749 25 32 0.015
242 1014 57 61 0.015
628 744 24 29 0.014
123 518 26 64 0.014
1004 878 20 41 0.014
126 882 28 41 0.014
179 522 25 27 0.014
442 662 25 60 0.013
110 585 23 25 0.013
944 877 32 31 0.013
49 733 23 31 0.013
450 646 24 31 0.013
243 534 23 28 0.012
427 620 29 30 0.012
484 870 32 37 0.012
89 616 22 30 0.012
169 527 25 28 0.012
453 886 35 45 0.012
555 891 28 31 0.012
403 772 25 32 0.012
324 925 43 38 0.012
247 542 22 27 0.011
626 619 28 26 0.011
453 832 36 40 0.011
40 604 16 21 0.011
430 776 48 108 0.011
357 1124 17 20 0.011
348 847 24 31 0.011
163 1047 42 48 0.010
734 868 21 29 0.010
954 872 24 30 0.010
143 490 19 23 0.010
