12_Group_Team_Organized_Group_12_Group_Team_Organized_Group_12_283
93
670 271 20 25 0.888
297 349 21 26 0.872
390 258 19 23 0.871
825 249 19 23 0.869
441 330 21 28 0.867
519 347 21 26 0.863
736 231 18 22 0.863
360 340 22 28 0.863
235 346 24 31 0.860
95 260 20 22 0.859
735 286 19 24 0.858
768 245 20 24 0.858
889 267 21 26 0.857
672 357 21 26 0.856
800 242 19 21 0.854
653 259 19 24 0.851
353 265 20 24 0.851
135 333 25 30 0.850
667 235 18 21 0.848
459 251 21 26 0.840
575 360 20 25 0.835
64 320 25 30 0.834
306 267 20 24 0.833
845 249 20 24 0.831
283 232 17 21 0.829
148 252 16 21 0.827
560 240 20 25 0.826
69 235 21 25 0.823
586 237 21 26 0.823
264 249 21 26 0.817
234 257 22 28 0.815
386 229 19 23 0.813
952 265 19 22 0.811
477 269 21 27 0.805
625 261 18 23 0.802
481 216 17 21 0.799
520 261 17 23 0.798
247 234 15 18 0.798
331 261 17 23 0.798
710 247 17 19 0.791
410 243 19 24 0.783
468 235 19 20 0.780
613 235 20 23 0.780
177 262 20 24 0.772
522 223 16 18 0.768
177 227 14 18 0.763
136 237 16 19 0.743
359 244 18 22 0.740
644 232 16 19 0.730
216 231 17 20 0.726
700 231 16 19 0.724
108 234 19 21 0.710
204 240 16 19 0.701
335 241 18 20 0.686
306 231 18 22 0.684
432 245 22 30 0.678
541 250 15 21 0.624
316 221 15 18 0.591
303 248 17 22 0.573
341 262 21 25 0.515
203 234 27 22 0.380
353 228 16 17 0.280
99 234 22 48 0.201
362 230 16 18 0.171
322 261 20 25 0.159
47 256 13 17 0.152
332 241 18 46 0.098
388 214 18 76 0.089
361 229 40 19 0.078
289 259 18 24 0.074
642 240 17 18 0.064
523 227 17 27 0.060
307 201 16 85 0.057
270 227 29 49 0.041
362 234 17 25 0.041
652 206 20 100 0.040
284 256 16 21 0.039
706 252 15 17 0.032
178 197 16 110 0.030
128 238 18 20 0.027
331 229 17 19 0.025
309 248 20 23 0.025
585 227 20 22 0.023
206 244 19 22 0.022
337 213 11 16 0.019
297 266 18 22 0.017
588 220 16 19 0.016
382 253 21 24 0.016
434 230 18 18 0.014
579 229 15 19 0.013
355 224 14 16 0.011
559 230 18 20 0.011
181 229 15 17 0.010
