12_Group_Group_12_Group_Group_12_935
762
52 190 20 26 0.862
808 662 20 27 0.861
943 420 22 30 0.856
903 60 19 26 0.856
110 184 20 26 0.849
434 491 21 27 0.847
250 630 21 26 0.847
599 529 21 27 0.846
532 525 20 27 0.845
173 665 21 26 0.844
97 355 21 27 0.843
905 558 20 29 0.843
542 488 22 26 0.840
37 352 18 24 0.839
513 183 20 27 0.839
366 90 19 25 0.837
607 91 18 21 0.837
204 601 20 26 0.836
64 155 20 25 0.836
940 373 22 29 0.835
124 630 19 27 0.835
950 317 21 27 0.835
327 59 19 24 0.833
148 389 21 24 0.832
595 348 21 27 0.830
74 601 19 26 0.830
112 671 21 25 0.830
242 451 20 25 0.829
217 382 21 26 0.829
263 411 20 27 0.829
881 116 19 25 0.828
853 21 20 26 0.828
192 637 20 26 0.828
217 568 20 25 0.827
579 607 20 25 0.827
614 492 21 29 0.827
615 255 18 22 0.827
430 290 19 24 0.827
782 562 21 26 0.827
18 561 21 28 0.826
752 663 22 30 0.824
718 348 19 24 0.823
700 389 20 26 0.822
830 350 21 26 0.822
821 91 20 27 0.821
356 278 18 24 0.821
410 522 21 26 0.821
397 381 21 25 0.820
1009 120 15 26 0.820
299 154 19 24 0.820
569 221 18 23 0.820
303 283 20 26 0.820
505 457 21 27 0.819
649 157 18 23 0.819
869 460 21 26 0.819
20 455 21 25 0.818
654 115 19 25 0.818
830 605 20 25 0.818
443 406 20 26 0.817
846 221 21 24 0.816
319 424 20 25 0.816
387 639 18 26 0.816
561 421 19 25 0.815
620 425 20 26 0.815
793 490 19 24 0.815
759 378 21 27 0.814
762 419 21 28 0.814
33 89 19 23 0.813
276 598 19 23 0.813
92 86 18 24 0.812
653 310 21 27 0.812
831 383 20 25 0.812
590 159 18 24 0.811
341 382 20 26 0.811
441 645 21 28 0.811
757 177 19 25 0.810
614 285 18 25 0.810
240 662 22 28 0.810
411 350 20 26 0.809
62 636 20 27 0.809
742 -2 18 20 0.809
808 455 21 28 0.808
960 565 22 26 0.808
675 488 24 30 0.807
297 191 19 23 0.807
783 284 19 25 0.807
403 559 20 28 0.807
412 165 18 24 0.806
9 157 18 26 0.805
135 277 20 28 0.805
718 130 19 24 0.803
846 528 20 25 0.803
142 598 22 29 0.802
695 593 24 32 0.802
949 611 21 28 0.802
685 453 21 25 0.802
718 30 18 25 0.802
500 64 19 24 0.802
945 112 18 24 0.802
689 185 20 25 0.802
357 351 19 26 0.802
112 534 19 24 0.802
574 391 22 27 0.801
764 639 21 25 0.801
557 286 20 25 0.801
648 560 22 28 0.801
552 64 18 24 0.800
543 319 19 25 0.800
891 318 21 26 0.800
960 349 20 25 0.799
225 346 21 27 0.799
363 117 19 26 0.799
280 562 19 25 0.798
771 127 18 26 0.798
20 603 22 30 0.798
57 33 18 21 0.797
156 350 20 26 0.797
737 453 20 26 0.797
744 258 18 24 0.797
120 153 22 25 0.796
549 90 19 25 0.795
1009 388 15 27 0.794
463 529 21 27 0.794
635 190 19 26 0.794
168 536 19 25 0.793
279 385 21 26 0.793
216 62 19 24 0.793
553 256 21 26 0.793
204 287 19 25 0.793
628 3 17 22 0.791
48 526 20 23 0.791
533 122 21 26 0.791
533 353 21 27 0.789
1 634 17 28 0.789
523 390 19 24 0.788
84 571 21 26 0.788
67 317 21 28 0.788
456 1 18 26 0.787
799 229 19 24 0.787
780 528 20 23 0.786
294 492 19 26 0.786
769 603 21 25 0.786
888 663 21 27 0.786
233 318 20 25 0.784
974 524 21 27 0.784
113 316 21 23 0.784
325 621 21 26 0.784
356 151 21 26 0.783
39 266 20 25 0.783
833 315 20 25 0.783
860 486 20 26 0.783
682 5 19 24 0.781
400 20 20 24 0.781
262 251 19 22 0.781
358 322 20 23 0.781
393 58 21 27 0.780
617 217 21 27 0.780
659 537 21 24 0.779
912 529 19 27 0.779
1002 87 18 25 0.778
896 362 22 27 0.778
587 563 21 24 0.778
625 663 21 28 0.777
662 60 17 24 0.777
230 194 20 28 0.777
75 492 18 22 0.777
51 675 22 27 0.776
613 455 21 27 0.775
177 313 20 28 0.775
719 558 21 25 0.775
295 319 20 23 0.774
221 524 21 27 0.774
942 685 22 27 0.774
440 58 19 25 0.773
890 89 17 23 0.773
152 564 20 26 0.773
552 667 21 24 0.773
522 609 21 24 0.771
988 193 21 25 0.771
338 25 20 25 0.770
845 555 21 26 0.769
207 93 17 23 0.768
773 321 17 24 0.768
998 675 22 26 0.768
457 191 21 26 0.767
363 0 19 24 0.767
978 150 19 25 0.767
684 669 19 23 0.767
613 60 20 26 0.767
0 486 15 26 0.766
967 29 17 26 0.765
261 109 19 22 0.765
469 158 19 25 0.765
862 -4 20 20 0.762
686 217 22 27 0.762
482 113 20 25 0.762
39 391 20 26 0.762
894 634 20 26 0.762
420 95 19 25 0.761
778 348 17 23 0.761
512 627 20 27 0.761
704 283 22 26 0.759
789 25 19 23 0.759
563 460 21 24 0.758
463 561 21 28 0.758
1007 464 16 27 0.758
920 215 20 27 0.757
734 232 19 23 0.753
284 347 21 25 0.753
827 639 22 25 0.753
933 149 19 23 0.753
912 24 18 23 0.752
35 217 18 24 0.752
135 117 22 27 0.751
375 655 21 30 0.751
378 417 20 28 0.751
666 354 20 27 0.751
360 482 20 27 0.751
594 131 19 24 0.750
976 491 21 26 0.750
509 -2 21 22 0.750
0 47 16 24 0.750
0 184 10 25 0.750
427 116 19 24 0.749
696 150 17 23 0.749
596 316 19 25 0.749
246 132 18 22 0.748
972 291 20 24 0.748
122 15 19 25 0.747
816 428 21 26 0.747
17 107 20 27 0.746
566 642 19 25 0.745
222 160 18 22 0.745
987 246 21 24 0.743
510 424 21 25 0.743
629 604 25 27 0.742
723 509 21 27 0.742
695 646 22 23 0.739
433 591 22 28 0.738
818 176 21 27 0.737
498 493 20 23 0.737
431 455 21 24 0.736
804 -1 19 21 0.733
632 639 20 25 0.732
461 384 20 25 0.731
894 607 19 25 0.731
570 200 18 22 0.730
873 425 21 27 0.730
144 81 21 29 0.728
339 558 21 28 0.727
923 242 21 26 0.725
490 288 20 24 0.724
666 89 19 25 0.723
959 64 18 22 0.722
474 320 18 22 0.720
947 93 19 22 0.718
0 671 12 25 0.718
357 192 18 22 0.717
43 425 20 25 0.717
235 487 19 24 0.717
632 378 20 25 0.715
113 485 18 27 0.713
382 611 19 23 0.713
303 92 21 25 0.711
486 94 18 22 0.711
61 -4 16 18 0.709
213 1 16 19 0.709
304 126 18 20 0.709
476 348 21 26 0.708
77 291 18 23 0.706
284 28 20 26 0.704
936 467 20 27 0.702
504 661 20 23 0.699
486 261 18 23 0.692
975 226 18 22 0.684
8 -4 16 18 0.682
263 7 17 21 0.682
686 426 21 23 0.659
822 64 20 25 0.648
529 162 21 25 0.646
23 292 20 24 0.642
166 22 17 20 0.636
917 499 22 27 0.634
421 330 18 22 0.632
746 494 19 25 0.628
305 669 22 26 0.623
190 -1 17 19 0.622
317 535 21 27 0.616
182 174 19 23 0.615
135 -3 18 16 0.609
840 284 19 21 0.607
925 -2 19 20 0.600
371 457 19 24 0.592
780 85 17 21 0.582
326 251 16 20 0.567
528 568 19 23 0.562
294 -3 17 16 0.544
317 454 19 23 0.534
325 596 19 25 0.532
436 258 18 21 0.531
901 289 19 24 0.516
0 23 9 22 0.501
798 262 18 21 0.499
383 206 20 23 0.458
0 314 10 24 0.457
167 185 16 23 0.446
0 656 12 34 0.442
1015 48 10 24 0.440
403 132 16 20 0.427
347 552 20 26 0.412
258 86 16 17 0.368
187 431 23 25 0.367
1015 323 9 29 0.363
405 201 15 20 0.347
507 141 17 21 0.345
655 231 17 22 0.343
229 700 20 12 0.339
187 425 20 23 0.328
199 27 15 17 0.327
460 52 16 21 0.325
876 409 20 22 0.289
1015 1 9 23 0.268
333 484 17 22 0.261
0 30 12 32 0.254
550 70 18 43 0.253
728 82 18 22 0.244
971 2 16 21 0.239
324 534 19 25 0.239
229 315 20 63 0.229
625 639 19 25 0.225
66 -4 21 17 0.222
223 258 18 21 0.216
879 194 16 21 0.214
289 339 22 28 0.214
189 443 19 21 0.210
664 62 19 57 0.206
25 441 38 32 0.205
21 96 27 29 0.204
689 650 22 25 0.204
829 371 20 56 0.203
173 478 20 22 0.202
243 531 16 21 0.201
688 184 19 69 0.195
903 133 19 24 0.194
1010 496 11 17 0.194
227 488 22 25 0.194
452 55 19 23 0.193
831 324 19 61 0.193
871 700 21 12 0.192
597 317 17 67 0.191
662 298 17 21 0.188
434 206 18 23 0.187
42 195 20 45 0.184
948 250 18 22 0.183
287 324 23 57 0.181
301 470 19 23 0.178
218 493 19 23 0.178
511 578 18 22 0.171
358 142 17 70 0.166
832 159 20 25 0.166
538 14 17 23 0.165
13 229 16 19 0.164
686 413 21 77 0.163
1 278 13 21 0.163
473 328 21 29 0.163
213 27 18 22 0.158
559 566 17 22 0.158
87 424 22 23 0.156
897 210 16 21 0.154
464 151 20 68 0.153
324 602 22 55 0.153
545 -3 16 17 0.151
899 138 16 22 0.148
853 158 20 25 0.146
996 59 18 22 0.144
210 58 21 65 0.143
382 643 23 32 0.142
364 244 18 22 0.140
825 285 18 23 0.139
491 15 14 19 0.138
641 380 19 23 0.136
296 465 18 23 0.135
980 231 22 33 0.131
277 553 18 78 0.131
141 511 18 24 0.131
69 279 23 67 0.127
514 392 22 66 0.126
271 488 19 25 0.125
42 404 20 44 0.122
161 0 15 18 0.117
306 256 17 22 0.117
542 5 18 27 0.114
882 196 19 25 0.113
474 702 28 10 0.113
910 134 16 20 0.112
942 0 16 17 0.111
70 297 22 31 0.110
742 144 15 20 0.108
182 444 28 29 0.105
432 -3 16 14 0.104
968 8 19 26 0.103
394 220 18 23 0.100
822 164 23 29 0.100
141 656 18 21 0.099
666 301 16 24 0.098
169 119 17 21 0.092
17 285 21 24 0.092
841 519 21 25 0.092
87 -2 18 14 0.091
126 81 17 22 0.090
1013 280 10 23 0.090
745 66 18 22 0.090
256 3 51 22 0.090
594 325 20 25 0.090
46 318 15 19 0.089
143 506 16 20 0.089
222 483 20 93 0.087
852 395 15 20 0.087
829 281 19 23 0.086
839 156 22 25 0.085
135 263 17 21 0.085
534 565 18 21 0.083
0 283 34 23 0.083
1015 331 10 31 0.083
441 254 18 23 0.082
811 295 15 20 0.082
894 295 19 25 0.082
164 140 18 23 0.081
857 152 19 22 0.079
268 478 19 24 0.078
136 221 19 27 0.077
902 127 17 20 0.076
948 350 21 25 0.075
65 115 20 26 0.074
732 78 18 22 0.073
25 386 20 27 0.073
299 476 19 24 0.073
531 20 17 20 0.072
535 320 21 27 0.071
491 492 20 25 0.070
16 -2 20 15 0.068
663 286 18 22 0.066
358 236 18 81 0.066
996 457 16 23 0.064
606 489 21 27 0.064
168 644 19 27 0.064
673 272 19 23 0.064
294 460 17 21 0.063
1015 626 10 23 0.063
293 268 17 20 0.063
0 561 10 22 0.061
576 695 22 16 0.061
873 373 24 26 0.058
281 23 20 25 0.058
164 483 20 23 0.058
972 496 21 27 0.054
669 308 15 22 0.054
865 700 18 12 0.054
220 -1 16 20 0.054
1015 372 10 17 0.054
513 264 19 21 0.053
80 423 22 24 0.052
97 553 17 20 0.051
351 219 17 21 0.050
975 245 20 25 0.050
704 654 29 24 0.049
793 254 19 22 0.049
164 85 17 22 0.049
981 141 19 30 0.049
326 487 20 23 0.048
670 265 18 57 0.048
201 242 16 18 0.048
655 428 18 21 0.048
479 82 18 22 0.047
312 666 20 26 0.047
26 274 23 30 0.046
414 335 22 25 0.046
468 376 22 30 0.045
677 265 17 22 0.045
2 261 14 38 0.045
927 145 21 24 0.044
206 500 19 24 0.044
455 246 16 22 0.044
218 261 17 21 0.044
846 264 20 22 0.044
430 258 19 22 0.043
461 323 20 23 0.043
705 58 17 21 0.043
174 639 21 27 0.043
3 375 14 23 0.042
673 703 24 8 0.042
811 615 17 21 0.042
270 61 16 21 0.042
594 154 20 27 0.042
473 114 20 24 0.041
411 241 18 23 0.041
855 390 19 26 0.040
456 553 16 22 0.040
933 112 18 24 0.040
489 665 34 27 0.040
290 272 14 19 0.039
353 550 17 24 0.039
665 56 21 25 0.039
1005 494 19 20 0.038
87 13 15 20 0.038
71 289 19 22 0.037
404 235 20 23 0.037
134 266 19 33 0.036
171 318 21 26 0.036
717 401 15 21 0.036
498 387 19 23 0.035
1014 36 11 21 0.035
693 528 19 23 0.034
659 465 16 20 0.034
263 477 16 20 0.034
883 412 15 20 0.034
26 298 19 25 0.034
954 339 22 28 0.034
660 309 20 53 0.033
950 22 16 21 0.033
366 455 18 23 0.033
316 523 18 22 0.032
98 -3 17 18 0.032
980 493 38 26 0.032
815 172 19 24 0.032
500 260 24 26 0.031
874 382 19 23 0.031
916 388 17 21 0.031
526 25 19 23 0.030
730 134 17 23 0.030
535 165 20 25 0.030
858 166 20 23 0.030
493 666 19 22 0.030
149 522 20 24 0.030
259 88 18 22 0.030
470 118 15 20 0.030
663 476 21 26 0.029
195 243 19 21 0.029
609 51 20 27 0.029
1015 56 9 23 0.029
321 0 17 19 0.029
888 200 17 23 0.029
846 163 25 24 0.028
123 381 19 23 0.028
118 479 21 26 0.028
1002 42 18 23 0.028
942 89 20 24 0.028
61 120 17 22 0.027
989 122 16 21 0.027
980 626 16 20 0.027
168 114 16 21 0.027
0 254 8 18 0.027
781 74 17 23 0.027
221 626 17 20 0.027
717 667 20 23 0.027
547 14 18 25 0.027
3 -2 16 20 0.027
360 234 19 24 0.027
785 2 14 14 0.026
209 38 18 21 0.026
974 72 15 20 0.026
19 385 16 23 0.026
961 -2 22 14 0.026
977 66 18 22 0.026
424 208 21 24 0.026
394 320 16 20 0.026
801 251 20 23 0.025
343 257 20 22 0.025
823 276 18 22 0.025
695 428 18 22 0.025
198 503 21 27 0.025
508 213 16 20 0.025
511 665 17 21 0.025
1007 555 17 22 0.025
97 428 20 22 0.025
298 671 21 24 0.025
545 701 21 10 0.024
832 68 16 21 0.024
1010 379 15 24 0.024
0 343 6 22 0.024
506 121 15 22 0.024
203 187 17 21 0.024
937 56 19 22 0.024
527 323 17 23 0.023
277 493 20 25 0.023
396 10 18 23 0.023
1 310 19 25 0.023
969 224 17 22 0.023
1011 615 13 34 0.023
568 388 22 26 0.023
230 160 18 22 0.023
104 517 18 23 0.022
655 301 21 25 0.022
881 164 16 20 0.022
426 -2 16 19 0.022
650 431 18 22 0.022
173 431 21 26 0.022
93 -3 18 15 0.022
846 148 19 27 0.021
620 -1 20 25 0.021
908 285 19 24 0.021
707 395 21 24 0.021
1012 558 14 26 0.021
316 468 22 27 0.020
160 489 17 21 0.020
53 420 21 26 0.020
429 599 21 25 0.020
52 27 19 25 0.020
201 92 18 25 0.020
629 67 13 18 0.020
713 215 16 21 0.020
354 625 17 21 0.020
578 686 20 22 0.020
630 703 21 8 0.020
841 514 18 20 0.019
1014 585 11 22 0.019
89 31 16 20 0.019
862 146 19 23 0.019
318 -4 19 16 0.019
180 464 18 23 0.019
640 640 17 25 0.019
131 232 19 24 0.018
58 632 20 26 0.018
223 -1 19 15 0.018
315 189 17 22 0.018
280 66 18 22 0.018
455 240 17 21 0.018
437 -6 15 14 0.018
264 193 19 22 0.018
713 660 19 24 0.018
517 31 16 21 0.017
48 196 21 25 0.017
35 118 19 22 0.017
313 529 20 28 0.017
662 431 15 21 0.017
940 362 21 27 0.017
669 260 24 36 0.017
611 -1 18 16 0.017
614 375 20 25 0.017
91 418 18 21 0.017
938 81 19 22 0.016
438 -4 20 18 0.016
576 196 18 22 0.016
698 423 18 22 0.016
378 485 16 23 0.016
0 356 13 39 0.016
0 378 12 22 0.016
513 393 21 25 0.016
880 523 17 20 0.016
929 119 15 19 0.015
980 329 16 20 0.015
245 535 18 23 0.015
434 611 21 24 0.015
944 352 18 30 0.015
158 342 20 25 0.015
194 570 17 21 0.015
912 62 19 25 0.015
994 26 17 23 0.015
89 564 19 28 0.015
113 617 17 26 0.015
680 646 37 27 0.015
1015 515 10 23 0.015
237 -1 18 16 0.015
537 348 22 26 0.015
201 132 17 21 0.015
164 432 18 23 0.015
376 218 19 23 0.015
607 -2 16 13 0.014
670 484 21 27 0.014
1017 286 7 25 0.014
93 -5 45 18 0.014
411 198 18 23 0.014
160 437 17 22 0.014
928 527 18 23 0.014
382 426 21 26 0.014
292 465 14 20 0.014
121 9 17 23 0.014
1009 48 17 28 0.014
854 257 20 23 0.014
169 125 18 24 0.014
400 135 17 27 0.014
427 217 18 24 0.014
866 312 16 21 0.014
975 -2 16 14 0.014
978 77 19 22 0.014
263 1 18 20 0.013
241 -1 18 22 0.013
977 29 22 25 0.013
39 0 16 19 0.013
520 36 19 23 0.013
534 39 20 26 0.013
491 97 18 25 0.013
208 185 19 24 0.013
454 321 18 24 0.013
387 226 19 23 0.013
488 387 33 27 0.013
231 259 15 20 0.013
685 533 18 23 0.013
-1 333 9 26 0.013
1006 6 16 21 0.013
255 187 20 22 0.013
1005 324 19 22 0.013
110 614 17 21 0.013
458 622 19 25 0.013
155 -2 21 15 0.013
498 287 19 24 0.012
554 4 16 22 0.012
198 568 20 25 0.012
49 0 20 19 0.012
1018 632 6 29 0.012
868 693 17 20 0.012
588 20 17 23 0.012
694 273 21 23 0.012
701 667 23 24 0.012
289 63 31 47 0.012
968 250 17 22 0.012
998 19 17 21 0.012
327 150 16 20 0.012
757 395 19 47 0.012
882 176 17 27 0.012
35 0 19 13 0.012
295 29 17 22 0.012
990 465 18 23 0.012
904 280 20 24 0.012
338 626 20 24 0.012
816 702 24 9 0.011
471 71 17 21 0.011
106 619 17 22 0.011
447 616 22 23 0.011
986 152 17 23 0.011
680 667 20 39 0.011
114 429 20 23 0.011
660 476 17 21 0.011
1017 25 7 38 0.011
488 385 21 24 0.011
823 183 19 23 0.011
351 258 18 23 0.011
951 -4 29 15 0.011
473 696 26 18 0.011
209 259 19 21 0.011
209 495 20 23 0.011
39 125 15 18 0.011
509 146 20 22 0.011
557 603 19 24 0.011
606 0 17 24 0.011
0 161 17 28 0.011
410 18 17 23 0.011
273 38 21 42 0.011
743 232 17 22 0.011
607 375 17 20 0.011
691 458 19 23 0.011
134 647 20 24 0.011
785 1 19 22 0.010
82 417 19 22 0.010
484 491 22 23 0.010
123 429 18 24 0.010
382 0 17 16 0.010
295 77 21 26 0.010
166 639 18 22 0.010
440 5 17 24 0.010
982 388 18 22 0.010
197 704 22 8 0.010
