12_Group_Large_Group_12_Group_Large_Group_12_107
29
188 379 41 52 0.904
636 313 34 44 0.894
758 199 33 42 0.894
718 374 38 46 0.891
297 324 36 43 0.888
232 174 35 47 0.886
470 377 34 44 0.884
467 203 29 33 0.882
385 316 37 44 0.882
433 240 32 40 0.880
510 205 34 42 0.880
590 204 32 44 0.879
838 194 36 44 0.875
700 193 31 43 0.874
410 205 30 34 0.872
301 201 33 40 0.865
546 295 34 46 0.865
644 216 31 37 0.857
160 204 36 44 0.852
347 215 28 37 0.848
550 191 28 39 0.844
617 182 28 32 0.832
79 216 45 51 0.823
119 208 53 55 0.303
898 183 25 30 0.068
865 168 13 18 0.046
1018 246 6 30 0.033
905 191 26 32 0.020
846 182 41 40 0.018
