12_Group_Large_Group_12_Group_Large_Group_12_86
160
621 394 9 11 0.630
700 436 10 13 0.615
571 458 9 12 0.547
823 395 9 12 0.545
462 358 13 18 0.530
716 399 10 11 0.524
900 405 11 12 0.521
913 393 8 10 0.486
577 391 8 10 0.477
673 397 9 10 0.462
404 379 5 7 0.425
701 395 11 11 0.423
871 402 9 10 0.412
747 398 8 10 0.405
917 406 11 13 0.397
504 408 10 13 0.331
963 408 9 11 0.331
652 397 7 10 0.308
962 404 9 13 0.301
770 397 7 9 0.266
958 393 8 11 0.264
694 437 10 12 0.259
44 361 10 12 0.253
778 399 8 8 0.247
772 398 11 9 0.204
914 408 10 12 0.172
854 394 9 11 0.165
983 405 12 12 0.155
799 401 7 9 0.152
857 393 7 8 0.146
463 404 12 15 0.145
383 381 6 8 0.134
339 371 13 20 0.133
250 389 7 8 0.129
799 397 8 11 0.126
304 391 6 7 0.126
274 389 6 8 0.125
595 392 7 9 0.125
960 407 19 12 0.125
918 392 10 35 0.122
904 405 18 14 0.107
985 401 9 12 0.104
985 408 8 10 0.098
687 439 8 10 0.094
509 406 10 13 0.094
843 403 9 10 0.090
859 395 10 11 0.090
555 394 7 10 0.089
678 393 9 9 0.088
690 438 10 12 0.085
996 402 8 11 0.080
739 416 8 10 0.079
237 385 6 8 0.079
125 384 6 8 0.079
684 436 14 11 0.075
148 379 5 7 0.074
166 374 7 8 0.074
874 402 10 11 0.072
342 376 14 17 0.071
253 390 6 8 0.070
249 382 8 19 0.068
839 404 10 13 0.065
232 379 8 9 0.064
938 397 9 11 0.063
148 394 7 7 0.063
648 396 26 11 0.062
509 401 10 14 0.062
830 417 8 10 0.061
1016 404 7 14 0.060
931 405 10 20 0.058
999 398 9 12 0.056
336 367 12 17 0.052
875 398 9 10 0.051
981 400 11 11 0.050
641 396 10 11 0.049
211 378 7 8 0.049
763 398 24 8 0.048
960 406 9 13 0.046
127 385 6 7 0.045
57 394 9 12 0.045
980 388 18 42 0.044
276 362 6 7 0.044
726 398 15 13 0.044
1018 409 6 10 0.044
673 392 8 11 0.042
232 376 11 20 0.041
1008 394 8 14 0.041
49 363 11 18 0.039
551 398 8 9 0.038
675 431 9 11 0.037
748 391 9 11 0.036
147 374 5 18 0.036
575 387 8 10 0.034
161 369 10 16 0.034
692 392 10 10 0.032
274 383 8 15 0.032
554 398 8 9 0.031
896 394 30 34 0.031
628 396 9 11 0.030
276 357 5 20 0.029
328 375 22 20 0.028
547 406 8 10 0.028
211 372 6 20 0.027
48 358 10 13 0.027
246 379 7 9 0.025
638 387 10 18 0.025
229 382 16 9 0.025
163 369 13 17 0.023
731 395 15 23 0.023
164 373 7 8 0.023
707 369 27 69 0.022
440 374 8 12 0.020
248 388 20 9 0.019
516 406 10 12 0.019
601 390 9 11 0.019
553 386 9 30 0.019
123 379 7 10 0.018
974 409 12 10 0.018
570 401 9 13 0.018
697 424 9 12 0.018
470 362 12 17 0.018
383 384 6 7 0.018
977 403 15 11 0.017
978 409 9 9 0.017
506 400 10 15 0.017
249 379 17 26 0.016
358 395 10 12 0.015
875 384 8 12 0.015
951 379 11 20 0.015
300 392 9 9 0.014
528 389 11 11 0.014
147 397 7 8 0.014
249 391 7 9 0.013
1005 394 8 8 0.013
778 419 9 13 0.013
694 396 12 11 0.013
702 371 8 116 0.013
335 363 11 15 0.013
767 388 8 17 0.013
753 390 10 11 0.013
604 397 11 9 0.013
349 382 17 17 0.013
950 381 6 7 0.012
593 397 8 9 0.012
946 382 8 15 0.012
799 401 9 14 0.012
274 384 12 23 0.012
949 381 10 10 0.012
754 396 13 11 0.011
577 386 8 10 0.011
38 360 10 11 0.011
361 397 10 18 0.011
1002 392 8 10 0.011
652 391 9 12 0.010
248 404 7 9 0.010
501 414 11 17 0.010
791 419 10 13 0.010
1014 391 6 10 0.010
36 362 12 13 0.010
782 416 12 16 0.010
