12_Group_Large_Group_12_Group_Large_Group_12_315
211
578 405 35 46 0.889
692 410 36 43 0.876
258 409 23 33 0.868
807 385 37 48 0.865
505 314 20 27 0.862
647 303 30 38 0.862
181 409 25 30 0.858
294 359 19 25 0.857
753 267 33 41 0.857
682 275 28 33 0.857
794 258 27 35 0.854
950 449 20 27 0.852
335 381 21 27 0.851
534 331 23 30 0.850
897 350 17 22 0.847
600 302 26 33 0.846
926 409 21 25 0.845
116 424 26 33 0.844
406 296 16 20 0.839
186 341 22 26 0.839
881 392 21 26 0.839
495 379 30 37 0.839
311 277 16 22 0.838
479 330 22 29 0.836
228 334 21 27 0.830
489 303 19 23 0.827
430 315 16 20 0.826
446 329 19 25 0.826
386 288 16 22 0.823
355 279 14 20 0.823
119 345 21 27 0.818
368 358 24 31 0.817
157 341 20 25 0.817
321 350 18 23 0.815
452 281 15 19 0.813
428 347 21 26 0.812
953 385 18 21 0.810
286 315 17 21 0.809
474 260 16 21 0.807
396 257 14 17 0.807
499 271 17 22 0.806
370 319 19 24 0.803
265 337 19 25 0.803
456 232 13 17 0.802
191 316 20 23 0.798
553 235 15 20 0.794
482 220 12 16 0.791
436 224 14 17 0.791
347 309 17 21 0.791
536 254 15 19 0.787
320 323 17 21 0.773
519 209 11 14 0.771
446 261 12 16 0.768
883 418 19 26 0.763
613 217 12 16 0.754
526 233 12 16 0.753
413 265 15 19 0.753
456 215 12 15 0.753
134 328 17 21 0.753
389 314 16 20 0.745
383 269 13 17 0.725
475 241 13 18 0.725
210 339 17 22 0.720
569 237 14 19 0.718
420 240 13 16 0.717
658 184 11 14 0.709
863 410 21 27 0.706
811 128 10 11 0.701
495 241 13 18 0.694
772 139 9 11 0.688
612 184 9 13 0.679
707 145 9 12 0.677
554 213 12 14 0.658
498 215 11 13 0.654
723 136 9 10 0.652
534 210 11 16 0.647
595 189 9 12 0.636
565 200 11 12 0.636
752 132 8 11 0.627
656 163 10 11 0.607
611 166 10 13 0.594
838 59 10 13 0.585
506 229 12 15 0.582
797 137 10 12 0.571
665 145 9 11 0.519
692 172 10 12 0.515
679 148 9 11 0.501
580 218 13 17 0.499
607 202 11 15 0.490
728 148 10 13 0.466
831 77 10 12 0.405
836 62 12 17 0.389
187 329 22 29 0.388
695 142 9 11 0.361
332 373 22 28 0.345
530 214 14 16 0.325
695 195 9 12 0.322
836 112 9 14 0.314
593 216 11 14 0.312
366 318 34 24 0.308
834 116 10 12 0.286
792 153 9 11 0.280
826 124 10 13 0.279
750 133 9 12 0.261
671 147 18 11 0.251
865 414 40 27 0.240
670 166 11 13 0.239
879 399 22 33 0.212
611 172 9 30 0.204
534 216 13 16 0.194
673 164 14 11 0.178
509 219 13 28 0.178
613 161 8 11 0.177
563 234 19 24 0.172
655 151 10 30 0.167
430 217 17 38 0.159
772 133 9 22 0.155
601 216 14 16 0.152
571 227 14 28 0.146
834 96 11 16 0.135
697 145 21 12 0.135
596 187 12 20 0.132
603 217 23 15 0.128
611 163 9 11 0.127
679 144 10 29 0.112
693 154 10 49 0.111
580 219 27 14 0.106
664 146 19 10 0.100
448 216 16 16 0.098
834 84 11 24 0.089
413 247 13 66 0.084
535 242 15 39 0.083
825 136 10 17 0.080
390 284 17 44 0.077
836 93 10 14 0.076
438 213 19 39 0.069
592 219 13 15 0.068
553 220 14 45 0.064
445 240 12 49 0.061
654 164 8 11 0.061
770 123 15 39 0.060
773 135 10 11 0.058
845 134 8 11 0.057
388 269 17 75 0.057
776 157 9 12 0.056
658 138 9 90 0.054
415 220 13 87 0.054
664 142 9 10 0.052
410 254 14 76 0.051
471 217 47 16 0.049
607 254 15 20 0.048
494 207 14 21 0.045
732 167 10 13 0.044
792 131 32 18 0.044
417 259 14 23 0.042
689 177 13 12 0.042
523 212 45 15 0.042
506 226 20 19 0.040
575 200 17 29 0.040
369 270 19 102 0.039
708 240 12 16 0.037
705 178 13 15 0.035
832 93 9 13 0.034
448 254 41 57 0.033
463 254 15 20 0.032
663 149 11 31 0.028
710 181 9 12 0.027
911 397 16 19 0.027
452 234 14 18 0.027
476 200 11 112 0.027
613 151 8 115 0.026
499 214 14 107 0.025
835 55 7 101 0.025
727 139 11 27 0.025
822 146 9 10 0.023
835 76 9 12 0.021
597 149 29 84 0.021
661 226 9 12 0.021
665 129 8 56 0.021
749 146 9 12 0.020
442 198 12 113 0.017
515 235 12 16 0.017
460 265 15 19 0.017
614 155 8 10 0.016
436 318 22 30 0.016
683 262 13 16 0.016
604 258 15 18 0.016
617 217 12 16 0.016
725 138 11 14 0.016
734 172 8 10 0.015
779 159 9 11 0.015
271 326 17 23 0.015
596 146 9 116 0.015
680 207 9 13 0.015
251 335 20 29 0.015
836 106 10 16 0.014
494 182 15 105 0.014
610 256 16 20 0.013
806 90 39 83 0.013
972 436 16 20 0.013
752 148 10 12 0.012
517 181 25 98 0.012
662 219 13 19 0.012
725 93 10 115 0.012
558 306 18 26 0.012
386 225 15 111 0.012
656 218 12 24 0.011
735 159 13 21 0.011
656 142 13 15 0.010
561 198 10 15 0.010
557 315 17 21 0.010
