12_Group_Team_Organized_Group_12_Group_Team_Organized_Group_12_927
38
604 210 23 29 0.870
555 208 25 31 0.868
909 150 30 36 0.866
843 167 28 33 0.864
745 154 24 31 0.863
1000 198 24 33 0.863
166 176 37 46 0.861
583 277 27 34 0.853
667 374 28 35 0.852
969 167 26 30 0.851
404 198 27 31 0.851
633 159 25 29 0.850
795 188 25 30 0.847
712 156 23 27 0.847
864 339 23 30 0.845
288 171 27 33 0.842
670 293 25 30 0.842
443 173 26 31 0.839
347 178 28 37 0.836
725 341 25 30 0.834
512 287 28 31 0.827
785 317 23 29 0.825
677 174 25 32 0.820
740 426 22 27 0.818
478 154 24 28 0.816
581 180 22 29 0.815
214 199 27 34 0.814
811 340 21 24 0.811
504 180 24 32 0.808
402 168 26 29 0.798
125 191 25 32 0.789
548 177 21 25 0.788
796 163 22 26 0.776
527 184 21 28 0.722
362 166 22 27 0.484
754 332 17 20 0.370
23 126 8 9 0.027
31 152 10 15 0.013
