12_Group_Group_12_Group_Group_12_112
41
181 306 37 44 0.877
488 265 36 40 0.873
455 481 37 39 0.872
924 321 34 38 0.869
258 118 36 41 0.864
234 275 35 39 0.863
319 459 35 40 0.861
186 484 36 38 0.861
852 247 35 41 0.859
365 154 33 37 0.859
448 238 33 38 0.858
861 155 33 38 0.857
787 123 32 42 0.856
542 484 35 37 0.855
257 315 35 45 0.854
720 454 34 36 0.851
786 459 35 38 0.850
86 302 34 39 0.849
369 317 34 38 0.847
527 216 32 37 0.846
640 487 35 36 0.844
791 200 36 36 0.844
468 153 33 36 0.836
364 263 30 37 0.835
263 240 35 37 0.834
144 174 32 35 0.828
580 257 34 41 0.828
701 206 31 41 0.827
149 234 33 37 0.826
727 250 33 36 0.826
742 321 34 36 0.824
579 145 31 35 0.820
673 278 32 32 0.817
395 254 31 36 0.786
612 240 29 33 0.770
580 214 29 30 0.769
704 162 31 37 0.685
701 180 33 47 0.210
227 302 55 50 0.137
375 258 34 41 0.065
714 162 22 27 0.019
