9_Press_Conference_Press_Conference_9_31
86
47 285 14 18 0.783
586 209 15 20 0.768
442 206 15 20 0.740
18 311 15 17 0.713
82 377 16 25 0.679
122 373 14 26 0.658
193 377 18 25 0.617
958 432 17 31 0.573
77 595 23 36 0.564
84 480 17 34 0.555
596 385 15 18 0.541
79 433 16 29 0.516
1 572 32 70 0.511
273 376 14 20 0.472
311 595 21 37 0.460
860 431 17 26 0.453
167 429 14 26 0.446
745 387 14 21 0.440
957 219 14 17 0.438
812 377 14 23 0.436
918 229 15 19 0.425
797 443 14 25 0.361
8 418 20 31 0.319
929 365 17 23 0.291
976 351 18 24 0.205
345 387 14 22 0.184
215 449 18 30 0.173
659 388 13 20 0.170
1015 311 9 21 0.129
2 309 9 18 0.126
0 478 9 35 0.112
418 384 13 23 0.080
923 235 15 19 0.077
494 110 7 7 0.072
406 452 19 26 0.058
970 495 21 31 0.058
78 424 17 30 0.048
539 100 7 10 0.046
974 346 16 21 0.044
925 363 16 22 0.041
872 391 17 23 0.033
538 99 7 8 0.033
800 444 17 25 0.030
401 456 20 20 0.030
981 358 18 22 0.028
1016 405 9 24 0.028
13 416 17 25 0.026
309 441 22 32 0.026
750 387 16 21 0.024
87 345 14 34 0.024
79 382 17 26 0.023
875 515 19 34 0.022
315 449 18 22 0.022
936 371 15 20 0.022
741 388 13 20 0.021
401 649 21 34 0.021
539 107 9 20 0.020
538 116 9 9 0.020
557 139 7 10 0.020
412 387 14 22 0.019
662 392 14 17 0.018
84 337 14 17 0.018
70 606 27 39 0.017
360 505 14 28 0.017
304 448 20 25 0.017
305 591 32 48 0.016
420 380 13 20 0.016
209 437 19 29 0.015
614 444 19 24 0.015
962 215 12 17 0.015
1018 341 8 20 0.015
536 115 9 11 0.015
595 393 16 18 0.014
346 380 13 21 0.014
410 446 18 24 0.014
413 439 17 24 0.013
218 457 16 29 0.013
538 103 9 13 0.012
276 378 17 22 0.012
878 396 16 19 0.012
931 223 18 21 0.011
456 637 22 32 0.011
236 512 18 39 0.011
168 423 15 24 0.010
378 583 23 40 0.010
297 446 19 22 0.010
