9_Press_Conference_Press_Conference_9_12
61
107 221 31 37 0.864
673 260 16 19 0.836
933 208 31 49 0.830
389 312 21 25 0.830
615 289 15 19 0.826
567 287 13 17 0.811
262 305 18 21 0.810
317 317 21 25 0.776
804 431 30 54 0.760
182 256 17 20 0.725
51 244 9 11 0.695
513 292 13 16 0.688
203 341 19 26 0.640
118 377 22 43 0.592
831 304 18 19 0.547
17 246 9 12 0.497
473 345 15 29 0.456
463 497 31 49 0.434
321 235 17 20 0.354
203 314 16 19 0.290
190 234 9 11 0.284
329 232 14 17 0.169
19 301 12 15 0.145
191 235 16 19 0.107
201 239 14 16 0.096
317 238 14 17 0.087
197 235 13 16 0.071
155 275 7 9 0.070
1013 224 10 31 0.064
749 300 13 17 0.059
623 470 29 59 0.055
103 335 21 26 0.053
150 273 11 12 0.049
702 290 10 14 0.048
425 344 15 24 0.039
0 279 5 10 0.038
139 272 9 10 0.036
470 336 17 29 0.030
207 238 11 15 0.029
71 264 7 9 0.029
16 304 12 14 0.028
837 323 13 16 0.027
21 298 12 15 0.026
0 280 8 12 0.026
176 239 8 11 0.025
1009 287 15 35 0.024
213 342 16 26 0.023
832 310 19 22 0.022
1012 322 8 17 0.022
-1 251 7 13 0.021
136 270 11 11 0.019
721 285 11 14 0.017
71 251 8 12 0.017
66 248 13 25 0.017
296 353 12 24 0.014
203 236 13 14 0.014
1015 235 9 33 0.013
138 389 21 38 0.012
803 432 22 30 0.012
484 315 13 23 0.011
309 241 16 16 0.011
