9_Press_Conference_Press_Conference_9_655
56
499 222 36 44 0.861
366 226 28 43 0.859
197 189 26 32 0.857
63 206 24 30 0.854
792 241 51 59 0.844
661 219 42 57 0.841
306 199 25 34 0.841
847 187 24 32 0.831
885 209 29 41 0.827
161 203 28 33 0.825
941 183 29 39 0.814
134 221 24 34 0.809
1009 204 15 41 0.808
580 214 28 34 0.789
758 204 29 42 0.772
955 211 31 45 0.763
464 191 22 25 0.730
545 184 23 27 0.715
392 197 24 30 0.693
138 198 21 27 0.668
726 188 26 29 0.649
420 192 23 30 0.649
231 216 24 28 0.589
707 188 21 29 0.547
652 203 22 28 0.513
642 224 16 25 0.493
342 211 25 32 0.487
488 200 18 27 0.468
117 216 19 29 0.416
657 206 36 50 0.397
623 199 15 22 0.109
643 221 43 37 0.079
649 189 20 23 0.052
687 192 34 46 0.039
645 228 20 30 0.030
642 196 20 25 0.029
571 222 25 35 0.029
422 228 16 22 0.025
349 204 27 34 0.025
677 198 19 25 0.023
718 203 21 25 0.020
470 198 22 26 0.020
515 198 21 25 0.018
850 222 19 26 0.018
1018 242 7 35 0.017
725 199 19 26 0.016
369 196 21 27 0.016
843 190 37 48 0.016
648 206 17 29 0.016
344 204 22 27 0.013
647 229 13 20 0.013
114 203 20 29 0.013
569 236 20 32 0.012
366 202 22 28 0.011
385 201 24 29 0.011
500 193 41 26 0.011
