9_Press_Conference_Press_Conference_9_35
49
686 214 16 20 0.848
188 192 19 22 0.811
623 217 14 18 0.810
401 187 13 16 0.800
309 215 15 17 0.748
306 284 15 26 0.743
854 143 12 15 0.735
601 198 13 15 0.710
288 210 11 16 0.654
955 209 32 44 0.640
197 285 19 24 0.617
267 303 22 38 0.597
377 214 11 15 0.563
954 187 34 53 0.496
330 215 14 19 0.459
369 317 15 31 0.445
296 214 28 16 0.207
374 244 12 16 0.203
292 210 15 18 0.157
583 313 16 24 0.143
261 316 20 28 0.075
337 206 11 15 0.073
311 211 18 18 0.049
180 313 16 22 0.047
958 224 23 29 0.045
509 320 17 25 0.044
601 193 14 14 0.042
322 221 12 15 0.040
269 299 17 25 0.034
335 216 14 18 0.032
506 312 18 23 0.028
344 203 10 11 0.028
599 202 15 15 0.022
227 406 28 26 0.021
560 303 18 22 0.020
244 298 16 24 0.019
479 306 16 21 0.017
375 236 11 17 0.016
2 323 11 19 0.016
499 308 17 21 0.016
312 212 30 17 0.015
362 414 36 64 0.015
370 243 12 17 0.015
255 312 21 31 0.015
189 297 19 25 0.014
482 309 18 21 0.012
954 212 23 31 0.011
852 141 10 14 0.010
558 303 13 18 0.010
