9_Press_Conference_Press_Conference_9_40
63
220 231 36 52 0.848
751 117 27 36 0.835
13 170 17 21 0.823
49 225 19 24 0.802
369 235 19 26 0.799
424 165 15 22 0.797
108 186 16 20 0.793
245 170 15 17 0.786
373 177 13 17 0.781
187 179 15 20 0.778
334 180 12 15 0.768
206 171 15 19 0.767
404 162 17 22 0.759
300 177 13 18 0.758
463 178 19 23 0.756
459 156 17 21 0.753
353 168 14 18 0.752
528 168 19 26 0.752
512 168 15 20 0.737
897 171 32 38 0.718
694 160 18 27 0.715
715 158 31 40 0.676
261 216 17 23 0.675
593 125 22 31 0.564
322 228 20 50 0.524
973 171 42 37 0.493
664 174 19 24 0.475
577 108 8 9 0.364
587 133 22 31 0.262
859 175 13 17 0.180
670 166 49 27 0.153
565 169 15 20 0.108
405 164 37 21 0.108
595 170 18 22 0.100
326 220 17 42 0.082
561 165 15 21 0.075
583 145 21 25 0.067
971 170 24 27 0.052
906 146 26 30 0.051
568 108 8 9 0.042
856 173 12 18 0.037
579 108 12 14 0.036
564 122 10 12 0.029
913 160 22 28 0.025
933 159 52 48 0.024
862 179 13 17 0.022
711 148 21 29 0.021
987 177 25 28 0.021
444 171 16 20 0.018
991 183 32 39 0.017
575 155 20 26 0.017
250 216 24 35 0.016
562 112 8 11 0.016
904 152 27 40 0.015
563 117 10 13 0.014
379 172 28 17 0.014
576 104 12 15 0.014
559 158 13 19 0.014
558 169 16 21 0.013
997 182 23 28 0.012
664 170 14 18 0.011
594 161 18 23 0.011
858 171 13 16 0.010
