15_Stock_Market_Stock_Market_15_569
28
183 440 53 63 0.886
231 375 45 57 0.865
322 438 34 38 0.846
0 241 85 238 0.828
401 434 20 25 0.801
392 471 19 27 0.784
467 465 15 20 0.781
361 456 20 23 0.669
115 367 56 86 0.643
66 347 86 112 0.441
389 445 13 18 0.184
383 448 16 18 0.072
45 312 96 165 0.063
294 442 18 20 0.040
277 433 14 17 0.034
1017 478 8 21 0.027
282 436 17 20 0.024
371 473 17 19 0.024
50 367 74 103 0.023
282 439 29 21 0.021
388 453 13 17 0.020
279 430 10 14 0.019
365 465 21 24 0.019
6 384 53 103 0.017
840 489 10 11 0.017
300 439 17 20 0.014
880 534 9 11 0.014
5 425 45 75 0.014
