47_Matador_Bullfighter_Matador_Bullfighter_47_912
223
915 0 36 40 0.839
738 11 20 27 0.827
841 57 30 39 0.801
602 102 20 26 0.788
731 64 25 30 0.784
775 124 29 33 0.782
847 122 30 38 0.770
684 57 22 27 0.768
325 96 22 25 0.765
630 112 23 33 0.764
246 179 22 32 0.758
433 28 18 24 0.758
92 36 17 20 0.752
728 302 42 57 0.749
593 165 22 28 0.747
777 7 24 31 0.747
565 2 21 22 0.733
817 -2 24 25 0.725
628 19 20 26 0.723
180 45 20 22 0.723
546 57 19 23 0.722
478 18 18 22 0.718
497 106 20 25 0.714
849 345 41 58 0.706
380 38 17 20 0.706
881 119 32 43 0.694
236 22 17 19 0.694
58 14 17 21 0.681
370 99 20 24 0.671
93 302 33 66 0.668
687 26 22 25 0.663
656 5 19 25 0.660
510 18 20 22 0.656
950 284 50 78 0.634
120 20 14 16 0.630
158 21 14 17 0.588
86 -1 11 13 0.586
279 4 13 17 0.567
593 49 19 22 0.547
676 6 19 24 0.545
32 20 16 18 0.537
0 27 12 17 0.525
383 15 17 21 0.521
686 118 27 34 0.519
716 123 25 33 0.479
358 0 16 15 0.462
858 0 21 26 0.445
830 224 31 40 0.435
960 430 43 78 0.418
345 50 14 17 0.410
183 2 12 15 0.393
487 83 16 22 0.361
158 0 12 11 0.351
857 26 24 29 0.328
766 -2 19 22 0.304
435 3 17 18 0.292
911 56 24 32 0.273
764 108 22 29 0.259
955 63 45 64 0.231
275 301 29 35 0.207
427 1 14 17 0.199
572 143 20 27 0.194
533 45 17 22 0.188
111 0 13 13 0.172
561 29 18 21 0.169
60 0 10 12 0.168
497 378 25 41 0.166
191 34 17 20 0.165
104 -1 13 13 0.164
637 81 18 27 0.160
716 520 48 106 0.159
489 109 20 25 0.153
852 119 63 41 0.149
197 163 20 23 0.142
720 3 21 24 0.138
364 0 15 16 0.133
476 18 57 24 0.132
239 0 10 10 0.131
846 91 33 48 0.129
300 210 24 31 0.127
350 0 14 15 0.126
366 182 27 35 0.124
14 21 16 17 0.111
478 117 19 24 0.105
113 0 13 25 0.104
36 1 10 11 0.102
991 262 34 77 0.092
482 110 19 24 0.091
271 13 12 15 0.087
216 25 11 14 0.086
25 21 16 17 0.079
33 4 13 25 0.078
790 85 22 27 0.074
165 0 14 13 0.073
857 11 22 29 0.071
603 16 18 22 0.065
752 113 21 26 0.063
266 0 12 11 0.062
56 1 16 15 0.062
9 22 18 23 0.059
689 111 22 28 0.059
1015 109 10 66 0.058
0 562 27 69 0.057
482 81 15 23 0.057
750 317 37 60 0.053
207 0 9 12 0.052
284 3 14 17 0.050
582 39 17 24 0.048
184 39 21 24 0.047
194 32 19 17 0.047
560 11 18 30 0.047
218 -1 13 18 0.047
81 0 14 13 0.046
955 412 37 67 0.045
189 0 14 14 0.045
472 128 20 28 0.045
214 1 14 10 0.044
570 33 17 23 0.042
441 4 16 15 0.041
16 11 12 18 0.038
782 94 27 43 0.038
241 -10 54 63 0.037
631 4 19 23 0.037
203 0 17 11 0.035
366 2 20 18 0.035
36 0 11 24 0.034
537 30 17 21 0.034
534 52 18 23 0.033
141 0 11 13 0.033
419 60 18 21 0.033
234 0 18 12 0.033
404 7 16 18 0.032
297 397 30 47 0.032
428 59 21 23 0.032
182 11 13 17 0.031
651 0 20 23 0.031
425 16 16 24 0.031
307 0 13 14 0.030
300 0 13 13 0.030
1000 -2 23 24 0.029
639 77 16 21 0.028
13 39 13 15 0.028
206 0 26 14 0.028
625 77 30 41 0.028
305 217 25 29 0.027
65 17 16 19 0.026
470 6 19 22 0.025
55 8 16 25 0.024
416 188 29 37 0.024
852 0 19 23 0.023
541 48 20 25 0.023
228 2 15 23 0.023
775 474 54 62 0.022
405 11 18 22 0.021
393 9 19 21 0.021
14 5 14 16 0.021
971 256 48 80 0.021
845 113 22 33 0.021
228 153 20 24 0.021
963 50 42 58 0.020
725 0 20 22 0.020
497 0 17 16 0.020
256 17 18 17 0.020
185 31 17 20 0.020
710 561 48 70 0.019
619 3 22 20 0.019
311 17 13 18 0.019
439 59 18 23 0.019
789 94 24 28 0.019
151 54 16 19 0.018
185 -1 29 12 0.018
382 169 30 37 0.018
833 208 37 52 0.018
428 0 19 24 0.018
681 3 24 22 0.017
-6 553 59 68 0.017
639 -1 19 17 0.017
0 90 9 18 0.017
17 3 10 12 0.017
380 45 19 21 0.017
1015 132 10 66 0.017
631 92 18 25 0.016
238 378 34 40 0.016
979 60 41 71 0.016
221 -14 31 85 0.016
188 24 17 22 0.016
408 2 16 15 0.016
537 111 17 21 0.015
55 -25 47 98 0.015
465 3 20 18 0.015
297 206 23 25 0.015
301 0 31 13 0.015
194 40 18 21 0.015
186 51 21 23 0.014
0 9 11 22 0.014
0 436 14 36 0.014
397 180 21 26 0.014
417 65 16 21 0.013
0 34 13 17 0.013
481 90 17 22 0.013
414 56 19 21 0.013
759 334 29 45 0.013
838 62 21 28 0.013
458 3 18 21 0.013
626 1 20 19 0.013
391 59 17 20 0.013
199 174 18 21 0.013
307 -2 18 31 0.012
441 8 18 20 0.012
759 0 20 23 0.012
244 385 38 44 0.012
917 60 26 33 0.012
538 23 16 20 0.012
311 1 15 12 0.012
713 593 40 44 0.011
156 49 33 22 0.011
253 399 41 43 0.011
0 2 9 15 0.011
337 0 17 23 0.011
20 5 26 24 0.011
198 153 18 23 0.011
-1 441 12 22 0.010
48 20 18 19 0.010
