47_Matador_Bullfighter_matadorbullfighting_47_536
125
475 318 20 25 0.774
777 288 19 25 0.752
333 284 21 27 0.737
238 391 26 31 0.705
897 341 19 23 0.690
968 340 18 22 0.627
833 324 18 22 0.611
623 271 20 24 0.593
110 408 26 31 0.494
645 292 17 24 0.475
698 194 12 14 0.386
404 217 19 21 0.337
74 190 11 12 0.324
403 289 16 21 0.316
0 194 13 19 0.293
446 198 12 14 0.275
930 353 21 21 0.274
151 427 24 29 0.244
580 301 19 21 0.222
329 400 21 25 0.201
1008 337 16 26 0.184
10 439 19 24 0.175
666 237 16 19 0.174
407 290 16 26 0.126
334 396 22 27 0.124
2 394 21 31 0.100
1005 324 17 24 0.096
547 289 25 25 0.095
855 196 9 12 0.093
901 327 19 24 0.092
910 321 15 19 0.086
665 214 12 13 0.085
921 355 18 19 0.080
938 311 15 17 0.078
969 353 18 22 0.076
142 422 27 30 0.070
959 349 24 25 0.068
520 288 18 21 0.067
553 292 49 27 0.065
665 216 14 25 0.064
359 392 21 28 0.062
730 319 16 18 0.059
894 330 19 25 0.057
416 317 19 24 0.056
797 300 15 19 0.055
696 335 14 18 0.055
5 382 21 84 0.055
1001 344 21 23 0.054
885 273 13 17 0.053
533 288 26 22 0.051
171 311 18 22 0.048
725 320 18 21 0.047
949 312 15 18 0.045
406 193 13 15 0.045
544 293 21 24 0.045
569 295 25 23 0.043
987 354 17 22 0.040
904 322 20 24 0.039
10 408 21 29 0.038
108 396 26 30 0.037
376 338 20 28 0.034
639 279 17 24 0.034
427 196 32 18 0.034
548 285 18 21 0.034
121 410 29 29 0.034
1007 320 16 20 0.032
147 416 22 27 0.031
45 373 21 27 0.031
2 421 22 33 0.030
667 208 11 47 0.029
822 325 20 24 0.028
570 313 22 26 0.027
922 312 39 21 0.027
7 197 13 17 0.027
72 186 13 31 0.026
2 185 10 17 0.026
695 313 16 50 0.025
1 385 17 24 0.025
725 305 21 41 0.024
144 432 22 25 0.024
683 219 17 17 0.023
973 360 18 21 0.022
406 364 24 28 0.022
935 358 20 21 0.022
956 318 19 28 0.022
356 399 22 29 0.021
400 282 23 58 0.021
985 363 18 21 0.021
287 379 22 25 0.021
714 262 15 23 0.019
402 214 16 20 0.019
693 291 17 20 0.019
16 335 20 20 0.018
400 294 18 23 0.018
536 296 20 24 0.018
326 410 19 23 0.017
0 223 11 18 0.017
200 423 22 23 0.016
12 199 15 16 0.016
567 325 20 26 0.016
46 361 21 26 0.016
713 258 18 55 0.015
697 294 17 20 0.015
652 292 17 23 0.015
711 288 20 23 0.015
699 199 14 28 0.015
859 263 14 17 0.014
166 414 22 26 0.014
720 306 20 34 0.014
699 290 22 21 0.014
272 415 25 27 0.013
507 295 21 26 0.013
720 328 17 20 0.013
360 383 20 25 0.013
953 308 16 20 0.012
412 219 17 19 0.012
706 270 22 28 0.012
249 378 26 31 0.012
235 352 32 32 0.010
908 361 18 21 0.010
122 398 35 34 0.010
98 409 19 24 0.010
279 368 30 31 0.010
882 276 16 34 0.010
902 351 22 25 0.010
