47_Matador_Bullfighter_matadorbullfighting_47_511
856
763 275 9 11 0.673
637 296 9 11 0.656
992 98 6 9 0.654
13 54 7 9 0.634
412 257 9 10 0.627
68 109 7 9 0.626
857 188 8 11 0.616
950 152 8 10 0.609
235 67 6 8 0.578
972 134 8 9 0.575
241 130 7 9 0.565
960 170 8 9 0.560
384 80 6 9 0.558
62 16 8 10 0.550
429 18 7 8 0.550
702 46 6 7 0.545
124 78 7 9 0.541
882 48 6 9 0.536
554 67 6 7 0.535
906 84 7 7 0.535
498 61 7 8 0.532
965 22 6 7 0.525
6 76 7 10 0.525
383 50 6 8 0.524
272 36 6 8 0.517
861 100 5 6 0.517
58 51 7 8 0.510
873 77 7 8 0.508
166 24 6 8 0.506
209 50 6 8 0.504
956 76 6 8 0.504
772 129 7 8 0.499
471 49 6 7 0.490
405 27 7 8 0.488
176 58 6 8 0.488
113 105 7 8 0.482
159 101 7 8 0.479
770 100 7 9 0.479
117 45 7 8 0.475
407 84 7 9 0.475
479 13 6 8 0.473
146 43 7 10 0.473
68 81 8 10 0.468
32 69 7 10 0.466
670 11 7 9 0.464
572 99 7 8 0.462
845 58 7 8 0.453
532 81 6 7 0.451
362 33 7 8 0.447
919 111 6 7 0.447
747 67 6 7 0.436
32 55 7 10 0.429
160 78 8 9 0.427
35 162 7 9 0.427
458 16 6 8 0.423
390 35 7 8 0.423
566 37 5 7 0.421
1006 149 6 8 0.421
828 54 6 7 0.416
197 4 7 8 0.412
215 76 7 8 0.412
555 22 5 7 0.410
247 35 6 9 0.410
128 28 7 8 0.405
718 78 6 8 0.403
367 4 6 8 0.401
67 566 12 15 0.401
450 48 6 7 0.397
666 92 7 9 0.395
360 437 10 13 0.395
496 8 7 9 0.388
603 49 7 8 0.384
144 14 6 8 0.382
964 118 8 8 0.376
959 165 8 10 0.376
102 380 10 15 0.374
34 92 7 9 0.374
196 111 7 8 0.372
803 7 6 8 0.365
698 25 6 9 0.361
666 35 5 6 0.361
809 91 6 8 0.355
90 24 7 9 0.351
935 19 7 8 0.351
983 79 7 8 0.351
696 76 7 8 0.347
322 60 7 9 0.345
61 2 6 7 0.343
417 3 6 9 0.343
824 26 6 8 0.343
628 41 6 7 0.343
907 51 7 8 0.343
221 38 7 9 0.341
153 67 7 9 0.341
1003 125 7 8 0.341
266 67 7 9 0.339
181 31 7 9 0.337
1010 6 7 10 0.331
942 55 6 9 0.327
937 37 6 8 0.325
677 61 6 7 0.325
189 47 6 8 0.319
938 578 10 14 0.319
936 77 7 7 0.316
833 92 6 7 0.316
967 39 7 9 0.314
865 45 6 7 0.314
611 23 7 10 0.312
859 28 5 8 0.306
91 53 7 8 0.304
518 46 7 9 0.304
804 37 5 7 0.299
474 67 6 8 0.297
47 33 8 10 0.295
787 33 6 8 0.293
343 58 7 9 0.288
109 1 7 9 0.286
895 130 8 9 0.286
226 133 7 9 0.280
859 526 10 15 0.278
762 2 6 8 0.275
31 113 8 10 0.273
727 46 5 8 0.271
298 53 8 9 0.270
320 125 7 8 0.270
176 -1 6 8 0.268
756 92 6 8 0.264
186 91 7 9 0.264
293 42 7 8 0.259
703 123 6 8 0.259
1 164 7 10 0.259
607 487 11 13 0.259
0 0 6 9 0.256
91 2 7 7 0.256
780 0 7 7 0.256
543 52 6 8 0.256
249 166 7 8 0.256
232 26 7 8 0.254
792 87 6 7 0.252
410 123 7 8 0.252
883 1 7 8 0.251
343 20 7 9 0.249
886 97 6 9 0.249
897 2 7 8 0.246
724 31 6 10 0.246
313 34 5 7 0.246
108 27 7 10 0.241
19 593 11 15 0.234
397 120 7 8 0.233
178 125 6 7 0.230
521 35 7 9 0.227
101 85 7 9 0.223
106 60 7 10 0.222
851 115 7 9 0.217
279 127 7 8 0.216
245 7 8 9 0.213
697 13 6 9 0.213
808 58 6 8 0.213
623 7 5 8 0.210
19 33 7 10 0.210
268 113 7 8 0.208
666 30 7 15 0.205
212 43 8 10 0.205
655 119 6 8 0.205
912 145 8 9 0.204
935 191 8 9 0.204
27 34 9 9 0.202
985 44 8 9 0.202
990 498 9 13 0.201
520 35 7 15 0.199
423 62 7 8 0.197
78 70 7 10 0.195
744 4 7 8 0.194
724 36 6 8 0.191
972 169 8 9 0.191
306 75 7 8 0.188
224 90 6 9 0.188
686 137 6 7 0.188
321 5 7 8 0.187
896 111 8 8 0.187
610 596 12 15 0.187
491 50 7 9 0.186
963 96 7 10 0.186
845 83 7 8 0.184
872 119 6 9 0.184
251 21 7 10 0.183
218 103 7 9 0.183
146 578 11 18 0.182
567 9 7 8 0.180
35 14 6 9 0.179
22 137 8 10 0.179
624 72 6 8 0.178
954 112 8 9 0.178
935 109 7 9 0.176
943 34 7 7 0.175
298 5 8 9 0.169
752 23 6 8 0.166
576 51 6 8 0.166
963 61 7 9 0.166
658 49 6 9 0.164
821 113 9 8 0.164
762 597 12 12 0.164
895 449 10 13 0.163
915 47 7 9 0.163
446 3 7 8 0.161
697 74 6 8 0.160
728 66 7 8 0.159
1006 86 6 8 0.159
825 112 6 8 0.158
988 28 10 11 0.157
966 34 6 22 0.157
233 445 14 16 0.156
540 34 6 9 0.155
343 105 7 9 0.155
781 53 7 13 0.154
714 78 13 8 0.154
804 34 6 8 0.153
500 32 7 17 0.153
914 44 7 9 0.153
263 66 9 8 0.152
0 116 8 10 0.152
323 20 7 9 0.150
426 57 8 10 0.147
262 3 8 10 0.146
269 4 9 10 0.145
119 46 7 9 0.144
530 29 6 9 0.143
342 52 7 13 0.143
798 110 7 8 0.143
177 -1 7 6 0.142
295 2 10 12 0.141
788 510 10 12 0.140
603 106 7 7 0.140
768 91 8 20 0.140
883 -3 8 21 0.138
501 30 7 9 0.138
932 19 12 12 0.138
367 97 7 16 0.136
872 112 7 18 0.136
843 84 6 8 0.136
824 6 7 9 0.135
31 60 7 22 0.135
727 21 5 9 0.132
907 48 12 11 0.132
6 24 7 11 0.131
551 55 7 15 0.131
394 29 9 15 0.130
31 62 7 10 0.128
358 85 7 9 0.128
108 -5 7 24 0.126
216 101 7 9 0.126
800 22 6 15 0.125
893 78 12 9 0.124
935 73 7 23 0.124
457 114 6 8 0.124
229 24 7 15 0.123
791 85 9 11 0.123
603 126 7 8 0.123
5 71 9 11 0.121
201 26 7 9 0.120
737 81 8 12 0.120
339 89 6 9 0.119
697 19 7 19 0.118
517 108 10 8 0.118
112 101 7 18 0.118
883 41 8 19 0.117
3 160 10 11 0.117
83 561 12 15 0.117
660 49 6 15 0.116
101 79 7 20 0.116
481 85 6 7 0.115
261 37 15 8 0.112
468 3 7 9 0.112
498 55 7 20 0.111
242 122 7 26 0.110
297 44 8 21 0.110
827 7 6 8 0.109
134 107 7 8 0.107
781 147 7 8 0.106
19 134 9 11 0.104
75 606 11 14 0.104
721 2 12 8 0.103
667 11 7 9 0.103
69 70 14 17 0.103
927 4 8 8 0.102
314 32 6 12 0.102
799 107 7 9 0.102
340 107 6 8 0.102
241 575 12 16 0.102
208 48 10 10 0.101
83 32 7 9 0.101
32 159 9 14 0.100
799 26 6 9 0.100
217 7 8 10 0.100
267 2 9 20 0.100
431 60 7 8 0.100
933 31 11 22 0.099
346 2 12 9 0.098
761 58 7 8 0.098
190 40 7 18 0.096
534 80 7 8 0.096
808 50 5 20 0.096
919 27 6 8 0.095
822 109 7 10 0.095
992 26 8 10 0.094
498 34 7 16 0.092
246 38 7 9 0.092
436 86 7 9 0.092
642 2 7 8 0.092
305 85 7 10 0.092
113 43 10 19 0.091
317 65 9 11 0.090
934 97 8 24 0.090
670 6 8 14 0.090
769 2 8 8 0.090
210 44 6 24 0.090
506 106 7 8 0.090
160 -1 6 6 0.089
73 563 16 16 0.088
121 8 7 9 0.087
340 40 7 25 0.087
158 -3 10 15 0.086
177 52 9 11 0.086
679 115 7 8 0.086
794 129 7 8 0.086
29 9 11 20 0.085
481 9 17 12 0.085
218 90 8 25 0.085
590 19 7 10 0.084
1007 35 6 9 0.083
895 102 7 21 0.082
663 59 7 8 0.082
516 26 8 22 0.082
471 40 8 20 0.082
324 626 12 15 0.082
344 8 8 27 0.081
822 117 6 7 0.081
726 2 14 8 0.080
221 83 8 22 0.080
345 122 6 7 0.080
720 0 9 15 0.079
817 563 11 13 0.079
958 117 15 8 0.079
637 113 12 9 0.078
201 20 7 17 0.078
87 19 10 23 0.078
726 68 7 9 0.078
160 0 8 8 0.077
890 107 10 16 0.077
977 220 8 10 0.077
248 21 7 25 0.077
987 30 8 27 0.077
856 99 8 17 0.077
336 34 7 22 0.075
112 551 9 11 0.075
823 -1 8 20 0.074
928 3 8 14 0.074
636 104 7 16 0.074
965 98 7 10 0.073
357 87 9 11 0.073
621 0 7 26 0.072
415 0 15 12 0.072
116 145 7 7 0.072
859 99 7 11 0.071
84 34 7 9 0.071
387 33 17 8 0.071
973 120 7 38 0.068
802 -3 8 24 0.068
369 107 8 9 0.068
391 120 13 12 0.068
748 124 6 8 0.068
981 79 7 8 0.067
357 83 11 20 0.065
14 24 13 20 0.064
880 74 17 14 0.064
396 120 12 11 0.064
9 152 9 11 0.064
36 162 9 10 0.064
424 64 7 8 0.063
338 3 9 9 0.063
811 136 6 8 0.063
992 68 5 66 0.062
553 105 7 9 0.062
757 594 16 14 0.061
520 106 6 8 0.061
792 510 10 13 0.060
686 39 7 10 0.060
625 71 7 8 0.060
178 -2 7 21 0.060
499 29 7 8 0.059
761 1 17 9 0.059
915 145 11 9 0.059
173 -2 7 7 0.058
941 143 8 10 0.058
86 108 11 11 0.058
265 6 11 11 0.057
468 14 21 9 0.057
118 3 10 18 0.057
729 -3 6 21 0.056
68 562 31 17 0.056
178 1 6 11 0.056
2 24 8 23 0.056
35 90 11 23 0.056
634 99 6 18 0.056
391 2 6 9 0.055
582 39 8 9 0.055
453 66 6 18 0.055
341 96 7 22 0.055
597 7 7 11 0.054
113 61 12 19 0.054
143 3 7 27 0.054
909 45 10 24 0.053
406 101 7 13 0.053
90 10 8 29 0.052
301 0 13 20 0.052
586 37 6 16 0.052
183 80 8 11 0.052
794 148 7 7 0.052
884 -1 6 6 0.052
662 50 8 24 0.052
442 77 8 13 0.051
748 41 6 54 0.050
27 14 16 10 0.050
717 61 7 45 0.050
135 132 7 8 0.050
419 61 19 9 0.050
15 540 13 15 0.049
141 -2 7 7 0.049
247 85 10 9 0.049
497 24 8 15 0.049
454 73 11 14 0.049
159 85 7 44 0.048
384 124 6 8 0.048
368 5 8 8 0.048
132 -5 12 16 0.048
824 19 6 30 0.048
895 453 8 11 0.048
813 133 6 8 0.047
1 196 6 8 0.047
28 7 8 9 0.047
522 2 7 8 0.047
598 1 8 26 0.047
365 89 10 26 0.047
289 37 10 25 0.046
133 -3 7 8 0.046
865 -2 8 14 0.046
323 618 11 21 0.046
517 79 8 9 0.045
606 48 7 18 0.045
731 61 10 29 0.045
251 87 7 8 0.045
35 92 8 17 0.045
696 0 8 17 0.045
213 38 8 25 0.045
291 4 18 8 0.044
13 14 7 83 0.044
338 12 13 27 0.043
224 22 15 27 0.043
994 503 9 12 0.043
810 657 13 18 0.043
282 15 10 19 0.043
533 20 13 24 0.043
265 37 16 8 0.042
392 112 8 22 0.042
158 131 7 9 0.042
594 1 9 27 0.042
29 111 10 30 0.042
526 120 6 8 0.042
852 31 12 19 0.041
455 74 8 10 0.041
988 493 11 15 0.041
216 4 11 15 0.040
800 -1 7 6 0.040
448 70 14 19 0.040
40 11 11 29 0.039
358 28 10 20 0.039
408 26 11 19 0.039
465 35 14 29 0.039
890 30 8 20 0.039
498 65 6 8 0.039
680 122 9 26 0.039
48 162 8 9 0.039
872 122 6 8 0.039
322 -1 8 28 0.039
238 578 11 14 0.039
531 68 7 36 0.038
909 148 8 9 0.038
978 268 8 11 0.038
866 0 8 8 0.038
2 -4 6 29 0.038
483 118 8 11 0.038
748 119 7 16 0.038
406 635 13 15 0.038
519 76 8 13 0.038
715 95 11 9 0.038
820 -2 7 7 0.037
429 4 14 27 0.037
922 146 11 9 0.037
933 574 10 15 0.037
588 18 7 16 0.037
698 -1 5 57 0.037
932 84 9 18 0.037
612 108 7 11 0.036
632 118 7 9 0.036
245 564 10 14 0.036
596 0 7 19 0.036
747 78 17 26 0.036
752 123 14 10 0.036
87 552 15 17 0.036
426 -2 8 7 0.035
591 -1 13 19 0.035
458 11 7 27 0.035
33 121 8 81 0.035
323 64 7 9 0.035
33 126 9 14 0.035
729 120 8 8 0.035
956 37 6 84 0.035
669 132 7 8 0.035
236 7 9 25 0.034
868 120 10 13 0.034
32 82 10 70 0.034
48 18 11 24 0.034
592 74 9 10 0.034
112 28 28 9 0.034
165 -7 20 21 0.034
364 28 8 9 0.034
506 122 6 8 0.034
384 54 6 58 0.034
552 4 7 7 0.034
711 93 10 11 0.034
220 432 13 13 0.033
882 49 7 15 0.033
714 1 24 8 0.033
795 27 15 25 0.033
860 23 7 32 0.033
604 100 8 27 0.033
836 139 7 9 0.033
435 -2 7 7 0.033
138 -7 11 19 0.033
490 -3 12 21 0.033
578 -2 13 15 0.033
652 117 8 17 0.033
358 439 10 13 0.033
569 1 10 26 0.032
11 155 10 9 0.032
786 35 27 8 0.032
590 15 6 18 0.032
997 122 10 13 0.032
245 0 12 28 0.032
115 21 19 22 0.032
653 145 6 7 0.032
452 71 9 9 0.032
414 39 10 16 0.032
763 -2 6 7 0.031
114 142 9 14 0.031
977 17 7 10 0.031
335 17 17 16 0.031
122 64 7 9 0.031
1003 213 8 9 0.030
523 2 10 8 0.030
29 14 9 30 0.030
158 0 31 7 0.030
235 31 7 81 0.030
20 582 13 32 0.030
299 4 23 14 0.030
978 78 11 12 0.029
35 132 10 11 0.029
672 127 7 12 0.029
795 110 6 8 0.029
676 -3 11 17 0.029
506 101 6 23 0.029
294 19 9 15 0.029
41 5 9 10 0.028
475 11 29 9 0.028
435 -6 16 26 0.028
884 15 10 29 0.028
344 102 8 29 0.028
322 631 12 15 0.028
887 -4 9 20 0.028
895 121 14 35 0.028
726 116 7 10 0.028
636 108 7 18 0.028
862 94 17 26 0.027
954 95 11 27 0.027
872 77 29 8 0.027
286 109 8 9 0.027
794 127 6 26 0.027
178 85 7 13 0.027
674 112 13 16 0.027
224 437 15 16 0.027
14 102 10 15 0.027
879 110 26 10 0.027
1008 615 14 21 0.026
742 589 9 10 0.026
690 93 8 10 0.026
93 551 29 16 0.026
607 594 12 15 0.026
810 -1 11 6 0.026
734 100 10 10 0.026
654 121 6 9 0.025
809 -3 7 8 0.025
893 18 9 20 0.025
618 60 10 27 0.025
439 118 8 9 0.025
6 149 8 10 0.025
219 -2 7 6 0.025
174 79 9 19 0.025
70 45 5 107 0.025
283 7 7 36 0.024
62 -28 7 98 0.024
814 566 12 14 0.024
523 649 12 17 0.024
390 119 17 9 0.024
955 115 7 8 0.024
550 104 7 9 0.024
938 191 8 10 0.024
135 -2 22 9 0.024
897 -2 7 7 0.023
70 37 10 18 0.023
955 90 6 44 0.023
696 52 7 60 0.023
856 26 7 28 0.023
488 -2 7 6 0.023
282 -5 19 24 0.023
1003 1 9 13 0.023
644 57 8 12 0.023
678 -1 6 6 0.023
125 -1 24 8 0.023
941 32 16 14 0.023
606 46 7 12 0.023
205 78 12 28 0.023
899 448 9 11 0.023
953 114 8 12 0.023
20 12 5 45 0.023
996 575 12 15 0.023
471 -1 16 20 0.023
379 76 12 24 0.022
347 81 19 23 0.022
782 65 8 21 0.022
757 1 33 8 0.022
459 95 10 17 0.022
135 0 18 30 0.022
321 106 9 10 0.022
97 148 8 9 0.022
217 83 13 38 0.022
196 -21 8 55 0.022
295 -1 6 6 0.021
437 81 8 17 0.021
955 57 14 29 0.021
985 495 10 15 0.021
322 600 12 17 0.021
15 104 13 22 0.021
953 17 12 23 0.021
567 11 7 64 0.021
159 159 7 8 0.021
159 138 7 9 0.021
604 50 8 13 0.020
53 70 14 20 0.020
281 67 8 9 0.020
793 108 8 12 0.020
989 10 8 73 0.020
417 -2 7 7 0.020
280 590 9 12 0.020
429 0 27 12 0.020
33 16 5 110 0.020
110 -3 7 9 0.020
867 30 11 30 0.020
965 55 11 26 0.020
483 115 6 21 0.019
860 13 6 53 0.019
262 2 24 14 0.019
107 103 11 14 0.019
83 552 14 17 0.019
703 106 7 40 0.019
874 71 7 13 0.019
186 609 11 16 0.019
802 -6 15 28 0.019
245 573 11 15 0.019
958 56 7 39 0.019
69 49 12 24 0.019
149 70 10 18 0.019
1000 124 7 9 0.019
739 586 11 12 0.019
240 71 10 24 0.019
720 -2 7 7 0.018
74 600 11 16 0.018
186 104 18 28 0.018
767 52 14 24 0.018
809 100 17 27 0.018
523 580 9 10 0.018
86 545 12 15 0.018
458 2 5 44 0.018
777 44 12 24 0.018
96 68 12 25 0.018
809 73 7 23 0.018
409 33 7 99 0.018
994 40 9 24 0.018
922 117 8 8 0.018
654 79 8 11 0.018
700 115 10 15 0.018
247 -10 7 45 0.017
213 -2 6 7 0.017
295 8 6 35 0.017
266 92 7 44 0.017
160 154 7 16 0.017
408 62 7 9 0.017
556 607 14 14 0.017
31 5 7 53 0.017
290 106 8 20 0.017
297 583 11 14 0.017
280 0 14 29 0.017
36 564 12 16 0.017
456 111 8 12 0.017
995 26 15 29 0.017
651 74 8 17 0.017
728 116 8 13 0.017
465 2 24 10 0.017
520 103 11 28 0.017
243 166 7 10 0.017
773 78 5 97 0.016
578 266 13 16 0.016
234 575 13 16 0.016
865 -1 6 6 0.016
994 489 11 24 0.016
461 90 6 28 0.016
604 93 6 40 0.016
897 521 10 15 0.016
256 -3 18 30 0.016
753 26 8 24 0.016
438 104 9 19 0.016
904 -1 14 16 0.016
512 9 9 22 0.016
447 -2 7 7 0.016
477 109 12 23 0.016
631 144 8 9 0.015
934 580 9 13 0.015
631 661 14 14 0.015
552 608 15 15 0.015
388 -1 9 26 0.015
452 115 7 11 0.015
84 565 13 16 0.015
331 141 8 10 0.015
19 191 8 10 0.015
263 -1 6 6 0.015
872 10 15 30 0.015
590 112 6 8 0.015
249 4 5 50 0.015
274 1 28 10 0.015
185 565 11 18 0.015
100 553 16 15 0.015
594 64 8 22 0.015
419 43 16 11 0.015
92 -2 7 7 0.015
937 -24 5 102 0.015
216 433 10 12 0.015
730 630 12 15 0.015
222 63 8 70 0.014
727 111 11 21 0.014
424 35 11 23 0.014
659 100 9 20 0.014
438 74 14 18 0.014
494 -6 7 31 0.014
1010 -25 7 83 0.014
38 167 8 9 0.014
734 98 16 14 0.014
834 32 13 23 0.014
451 96 13 25 0.014
8 29 8 113 0.014
326 629 13 16 0.014
99 147 13 12 0.014
871 1 13 31 0.014
296 580 11 13 0.014
324 599 12 13 0.013
905 49 6 16 0.013
294 -19 13 54 0.013
590 106 7 19 0.013
605 587 15 24 0.013
729 -2 7 7 0.013
967 1 10 8 0.013
404 11 9 23 0.013
547 612 15 15 0.013
345 -6 6 51 0.013
133 130 16 9 0.013
99 60 6 44 0.013
256 60 10 10 0.013
846 2 7 110 0.013
748 22 10 28 0.013
594 73 13 14 0.013
460 117 7 8 0.013
49 154 9 20 0.013
62 -1 6 7 0.013
633 94 7 13 0.013
279 110 12 29 0.013
697 -13 6 41 0.013
415 33 10 29 0.013
176 39 20 30 0.013
824 -10 7 41 0.013
911 145 21 8 0.013
597 2 9 13 0.012
901 47 11 23 0.012
349 67 12 25 0.012
802 -22 8 63 0.012
279 52 15 25 0.012
836 78 8 21 0.012
777 66 10 23 0.012
224 -2 11 15 0.012
851 181 10 12 0.012
607 600 12 14 0.012
638 300 9 11 0.012
306 89 7 12 0.012
863 -3 6 8 0.012
844 -2 6 7 0.012
32 166 8 11 0.012
338 63 10 29 0.012
729 138 7 9 0.012
20 4 14 27 0.012
351 570 10 13 0.012
631 87 8 24 0.012
224 93 10 20 0.012
293 102 8 19 0.012
906 22 6 112 0.011
352 61 7 9 0.011
588 7 7 37 0.011
24 -2 7 41 0.011
696 -1 8 6 0.011
178 128 6 8 0.011
472 102 9 18 0.011
919 52 11 22 0.011
839 647 14 17 0.011
4 100 13 19 0.011
441 91 10 29 0.011
847 207 7 9 0.011
709 -6 18 24 0.011
94 141 10 17 0.011
544 619 10 14 0.011
104 -27 16 70 0.011
2 455 9 17 0.011
193 614 11 15 0.011
306 88 10 18 0.011
2 15 11 43 0.010
42 6 12 47 0.010
280 106 6 41 0.010
253 168 8 9 0.010
770 -5 10 11 0.010
840 -1 15 10 0.010
857 4 12 29 0.010
460 79 9 28 0.010
507 117 12 17 0.010
609 486 13 16 0.010
996 53 8 24 0.010
804 -16 9 46 0.010
773 -1 10 6 0.010
870 110 8 39 0.010
823 649 14 18 0.010
459 116 6 8 0.010
11 544 10 16 0.010
