47_Matador_Bullfighter_matadorbullfighting_47_731
782
913 110 10 13 0.783
906 135 11 14 0.777
426 172 16 20 0.765
922 90 11 14 0.762
997 130 13 14 0.745
643 93 9 11 0.743
529 183 11 14 0.739
360 116 10 13 0.723
402 133 12 15 0.723
622 129 12 16 0.718
12 168 12 13 0.718
388 149 11 12 0.711
302 135 11 14 0.706
29 153 11 14 0.706
50 83 11 13 0.702
1007 6 9 12 0.701
523 126 10 13 0.699
485 113 10 12 0.697
625 108 11 14 0.697
973 48 9 13 0.694
166 159 10 12 0.692
780 137 11 13 0.688
86 100 10 13 0.686
645 118 10 14 0.681
645 150 11 14 0.675
841 147 11 13 0.671
396 62 9 12 0.669
106 139 9 13 0.667
279 144 11 14 0.667
311 20 10 11 0.665
833 112 11 12 0.665
327 143 11 14 0.665
404 35 9 12 0.663
10 117 10 12 0.654
882 129 11 14 0.654
766 126 10 14 0.652
859 132 10 13 0.648
68 96 9 12 0.646
870 92 10 13 0.646
2 149 11 14 0.644
577 139 20 24 0.642
873 112 10 14 0.642
444 66 10 13 0.640
969 92 11 13 0.636
183 72 8 11 0.634
593 102 10 14 0.632
141 12 10 13 0.630
515 71 10 13 0.626
839 86 10 13 0.624
64 115 10 14 0.624
264 137 10 12 0.622
536 6 9 12 0.619
85 23 9 12 0.619
377 100 9 11 0.619
950 113 11 15 0.619
39 127 11 13 0.619
324 4 9 12 0.617
58 22 10 13 0.617
24 3 10 11 0.615
34 97 11 12 0.615
602 117 10 14 0.615
189 140 11 13 0.615
819 158 11 13 0.615
565 121 11 14 0.611
907 58 10 12 0.609
1014 86 9 13 0.609
680 116 11 14 0.609
364 13 9 12 0.605
713 110 10 13 0.605
783 81 9 12 0.603
991 79 11 14 0.603
125 104 9 11 0.603
559 82 9 13 0.601
154 99 10 13 0.599
83 123 11 15 0.599
453 120 10 14 0.599
142 79 11 13 0.597
29 78 10 13 0.594
513 9 9 12 0.593
962 72 10 13 0.593
889 102 10 15 0.593
308 77 10 11 0.591
304 93 9 12 0.586
719 134 11 14 0.586
611 47 10 13 0.582
687 61 9 12 0.582
912 10 10 12 0.580
502 88 10 12 0.580
183 90 9 13 0.580
73 149 12 14 0.580
976 4 10 13 0.577
469 179 11 14 0.575
587 85 10 13 0.573
429 106 10 12 0.573
462 96 9 13 0.571
295 120 9 11 0.571
944 52 10 13 0.569
411 156 11 13 0.567
196 161 11 12 0.567
779 43 9 12 0.565
124 145 11 12 0.565
145 133 9 13 0.563
863 17 10 12 0.560
867 37 10 12 0.558
749 86 9 12 0.558
103 121 10 13 0.556
478 87 9 11 0.550
164 124 10 12 0.550
493 10 8 11 0.547
831 54 9 12 0.545
477 69 9 12 0.545
439 130 11 12 0.543
861 78 9 11 0.541
114 13 10 12 0.539
209 101 9 13 0.539
670 111 11 13 0.535
616 24 9 11 0.532
880 35 10 11 0.532
557 64 9 12 0.528
192 10 10 12 0.525
339 10 10 12 0.525
677 89 10 14 0.525
19 137 11 12 0.521
832 131 10 12 0.521
177 5 10 11 0.513
44 7 10 12 0.513
247 56 9 11 0.513
330 74 9 12 0.513
354 74 9 11 0.513
804 10 9 12 0.512
61 49 10 12 0.510
204 81 9 11 0.510
657 77 8 12 0.510
185 115 9 12 0.510
775 9 9 13 0.508
496 117 11 12 0.508
60 175 12 14 0.499
303 2 9 12 0.497
228 117 8 11 0.497
546 115 10 13 0.490
664 42 10 12 0.488
694 91 9 12 0.488
157 144 9 11 0.488
713 80 10 12 0.486
610 92 9 12 0.486
927 48 9 13 0.484
99 89 10 13 0.484
163 7 9 12 0.484
82 80 11 13 0.482
972 139 13 16 0.477
403 2 9 10 0.475
950 14 10 12 0.475
626 9 9 11 0.473
566 22 9 12 0.473
757 20 8 11 0.471
231 137 9 11 0.471
1009 50 10 15 0.464
273 11 10 12 0.462
852 97 10 11 0.462
250 7 10 12 0.457
598 59 10 12 0.457
872 62 10 12 0.457
667 92 11 12 0.457
768 29 9 11 0.453
406 112 10 13 0.453
251 84 9 12 0.449
750 46 9 12 0.447
262 69 10 12 0.447
857 59 9 12 0.442
459 146 13 15 0.442
542 79 10 12 0.440
692 39 10 12 0.438
204 120 10 12 0.438
285 86 10 11 0.436
841 4 9 11 0.433
345 109 11 13 0.431
802 119 10 14 0.429
862 0 8 9 0.423
716 17 10 12 0.423
504 141 12 14 0.421
69 67 10 12 0.416
422 5 9 11 0.414
758 73 10 13 0.414
879 5 9 11 0.412
18 94 9 12 0.412
767 100 10 13 0.412
100 5 9 10 0.410
212 154 10 12 0.408
227 70 9 13 0.405
0 81 7 12 0.405
265 99 11 15 0.405
370 155 11 14 0.403
724 3 8 10 0.399
906 86 11 13 0.399
703 15 9 11 0.397
737 31 10 12 0.397
652 12 10 12 0.395
642 28 9 12 0.395
741 59 10 13 0.391
946 39 11 13 0.382
986 109 11 14 0.382
710 66 8 11 0.378
102 85 10 13 0.378
825 29 10 12 0.376
787 20 9 12 0.374
227 88 9 14 0.374
24 25 10 12 0.370
624 79 10 12 0.368
231 6 9 11 0.364
911 41 10 12 0.364
664 24 10 12 0.361
339 85 10 12 0.355
227 44 8 11 0.351
169 103 9 13 0.339
805 93 9 12 0.337
128 6 9 11 0.335
977 32 10 12 0.335
141 115 10 13 0.335
453 143 13 13 0.335
942 0 9 10 0.331
684 157 13 16 0.325
803 55 9 12 0.324
481 49 9 12 0.322
1017 153 7 15 0.319
406 80 8 10 0.318
580 54 9 12 0.316
495 65 10 12 0.316
623 116 12 21 0.316
604 22 8 12 0.314
219 5 9 10 0.312
624 103 10 15 0.312
724 104 10 12 0.310
800 114 11 13 0.310
436 5 10 10 0.306
203 6 10 10 0.304
380 83 9 12 0.304
185 136 14 13 0.304
539 59 9 11 0.302
818 61 9 12 0.301
337 118 11 14 0.301
536 108 10 13 0.297
463 6 9 11 0.291
245 129 10 14 0.289
654 63 9 11 0.286
101 176 11 13 0.286
1016 25 9 15 0.282
386 35 8 11 0.280
716 46 11 12 0.279
256 145 10 13 0.277
723 72 10 12 0.275
777 64 9 13 0.273
923 67 10 12 0.273
899 76 10 12 0.271
394 90 10 13 0.271
106 108 12 16 0.266
386 6 10 11 0.264
109 106 11 13 0.264
883 49 11 16 0.261
562 39 8 11 0.259
557 17 8 10 0.258
757 90 11 12 0.258
612 151 12 14 0.252
11 111 10 23 0.251
944 2 9 12 0.250
105 75 10 12 0.247
144 125 10 25 0.244
147 157 9 11 0.244
887 54 12 15 0.243
504 50 9 12 0.236
499 61 11 13 0.234
689 7 9 11 0.233
664 37 10 14 0.233
506 58 9 13 0.233
659 64 10 11 0.233
103 9 15 12 0.229
837 29 9 13 0.228
74 68 11 19 0.227
12 2 8 10 0.225
385 80 9 12 0.225
425 87 10 11 0.223
308 114 11 13 0.223
581 6 9 11 0.222
239 158 9 12 0.222
256 65 12 12 0.214
565 19 9 23 0.213
827 28 14 13 0.211
12 79 9 12 0.211
773 131 13 13 0.211
169 126 11 14 0.210
905 196 12 15 0.209
414 102 11 12 0.208
540 111 16 17 0.208
397 54 9 28 0.208
787 30 9 13 0.207
641 62 10 12 0.207
0 7 9 11 0.205
218 17 10 13 0.205
579 74 10 14 0.205
726 6 9 12 0.203
653 15 12 12 0.202
742 35 14 13 0.202
234 106 9 14 0.202
782 37 11 17 0.198
584 71 9 12 0.198
16 85 10 22 0.198
716 117 11 26 0.197
254 147 10 14 0.194
504 132 11 28 0.193
447 136 12 16 0.192
664 142 11 15 0.192
116 82 10 12 0.191
834 20 10 18 0.188
488 65 15 13 0.182
984 106 11 14 0.180
819 12 10 14 0.179
536 60 10 13 0.178
129 8 14 14 0.176
447 6 10 11 0.175
396 87 11 12 0.172
501 55 10 23 0.172
211 69 10 11 0.171
719 107 12 12 0.171
241 131 11 16 0.171
440 4 12 11 0.170
605 21 13 13 0.168
65 136 11 13 0.163
366 12 13 12 0.161
975 145 13 14 0.161
958 153 13 16 0.161
924 151 11 13 0.160
470 180 11 19 0.160
836 5 13 15 0.157
264 87 11 15 0.157
25 -7 9 37 0.156
330 144 12 19 0.156
777 83 14 13 0.155
340 116 12 16 0.155
805 89 13 14 0.154
148 146 10 18 0.154
763 0 9 10 0.153
847 45 9 12 0.153
111 79 11 12 0.153
118 160 12 15 0.152
696 18 11 13 0.151
815 85 10 12 0.151
217 69 16 13 0.150
612 126 12 15 0.150
730 7 13 19 0.147
639 25 11 17 0.146
733 12 9 17 0.145
634 49 11 14 0.145
230 90 9 26 0.143
425 100 10 19 0.143
781 68 10 29 0.139
482 114 20 13 0.138
817 15 9 11 0.138
82 212 10 13 0.138
25 154 18 16 0.137
620 75 11 14 0.135
596 89 12 48 0.135
739 10 16 12 0.134
836 18 9 14 0.134
912 -10 11 54 0.134
64 50 10 29 0.132
404 123 12 36 0.132
699 15 17 12 0.131
580 38 8 12 0.131
862 99 12 13 0.131
266 117 9 13 0.131
303 115 11 14 0.131
804 56 16 13 0.129
451 140 11 15 0.128
106 128 9 33 0.128
629 57 15 13 0.127
207 59 9 49 0.126
59 5 11 12 0.126
4 4 10 10 0.124
971 33 9 12 0.124
515 56 10 41 0.119
759 123 12 15 0.118
853 -1 20 10 0.116
657 68 13 18 0.116
52 52 9 67 0.114
598 115 12 17 0.114
91 1 10 11 0.113
709 130 12 14 0.113
96 157 10 14 0.113
833 5 11 11 0.112
337 162 10 12 0.112
73 176 9 12 0.112
680 94 10 63 0.112
844 142 13 15 0.111
768 16 10 27 0.110
237 154 13 14 0.110
601 136 12 15 0.109
821 15 10 28 0.109
327 107 15 16 0.109
192 157 30 14 0.108
708 40 10 12 0.107
905 37 10 12 0.107
753 80 13 25 0.107
179 7 27 12 0.106
148 0 10 11 0.106
976 19 11 22 0.106
229 102 11 30 0.106
84 -2 9 58 0.105
336 110 17 15 0.105
388 140 24 18 0.104
166 79 10 12 0.103
755 54 10 24 0.101
738 33 15 12 0.100
862 151 11 15 0.100
720 49 14 13 0.100
110 168 14 14 0.099
362 164 12 15 0.099
821 161 13 15 0.097
348 5 11 12 0.096
581 50 10 13 0.096
557 67 13 26 0.096
671 1 9 11 0.096
825 9 21 11 0.095
812 36 10 13 0.095
833 85 9 69 0.095
10 147 11 40 0.095
333 8 18 12 0.094
228 108 9 22 0.093
772 99 11 13 0.092
607 145 14 15 0.091
203 5 25 10 0.091
57 0 11 13 0.090
815 184 11 14 0.090
685 1 13 21 0.090
640 59 17 15 0.090
536 135 12 16 0.090
637 25 10 13 0.088
714 35 9 23 0.088
562 93 11 19 0.087
752 10 13 26 0.086
284 103 10 13 0.086
103 118 14 18 0.086
220 4 16 15 0.083
711 120 10 19 0.083
623 107 12 63 0.083
167 78 12 21 0.082
43 178 11 13 0.082
566 91 11 70 0.081
893 49 12 14 0.080
645 138 11 32 0.080
0 9 6 12 0.079
69 0 14 22 0.078
55 176 12 14 0.078
1 203 11 14 0.077
559 74 10 24 0.076
73 3 14 21 0.075
713 70 11 23 0.074
804 124 9 12 0.074
829 173 15 14 0.074
81 189 9 49 0.074
113 -6 11 48 0.074
580 134 23 24 0.073
889 160 12 15 0.071
904 59 12 26 0.070
31 202 13 14 0.070
386 86 17 14 0.068
751 86 14 15 0.068
161 126 22 12 0.068
766 64 17 20 0.068
211 107 13 17 0.066
253 6 11 11 0.066
242 91 11 19 0.065
261 115 13 21 0.065
288 77 10 13 0.064
68 57 11 23 0.064
222 10 11 14 0.063
319 103 11 14 0.063
1013 29 9 94 0.062
331 68 23 35 0.061
33 88 12 26 0.061
730 155 12 15 0.060
79 36 9 87 0.059
83 99 12 23 0.058
471 203 14 15 0.058
57 55 11 18 0.058
669 -1 13 16 0.057
385 78 16 26 0.057
31 98 12 14 0.057
508 163 11 14 0.057
717 49 13 29 0.056
208 94 11 22 0.055
522 149 13 15 0.055
224 0 8 69 0.054
916 82 12 29 0.054
472 71 11 13 0.054
504 94 12 15 0.054
926 10 10 83 0.054
64 99 10 48 0.054
47 61 9 13 0.053
78 69 13 24 0.053
1012 77 9 15 0.052
453 112 12 30 0.052
910 90 22 13 0.052
84 146 12 17 0.052
718 4 11 29 0.051
44 131 13 15 0.051
603 3 22 51 0.051
377 50 8 100 0.051
77 2 12 11 0.051
880 17 10 22 0.051
946 15 10 12 0.051
220 65 11 15 0.051
759 113 12 14 0.050
575 71 18 17 0.050
75 4 29 11 0.050
95 178 11 12 0.049
757 69 27 11 0.049
591 74 10 55 0.048
638 35 14 28 0.048
256 104 13 21 0.048
485 201 11 14 0.048
220 24 10 13 0.048
603 7 10 23 0.047
564 101 11 15 0.046
376 93 12 22 0.046
311 12 11 24 0.046
872 98 12 28 0.046
851 41 12 23 0.046
38 105 10 47 0.046
423 114 11 23 0.045
822 163 14 25 0.045
352 74 18 91 0.045
974 68 10 82 0.045
725 73 11 13 0.045
625 3 9 35 0.045
915 40 17 12 0.045
68 153 13 15 0.044
102 138 12 78 0.044
955 151 12 16 0.043
256 118 19 11 0.043
622 10 16 28 0.043
747 115 13 14 0.043
398 8 9 94 0.042
635 42 24 14 0.042
803 1 10 13 0.041
361 66 10 12 0.041
744 5 11 11 0.041
160 8 10 12 0.041
448 9 8 11 0.041
921 40 12 14 0.041
476 200 15 17 0.041
674 2 12 11 0.040
874 57 22 15 0.040
501 43 9 12 0.040
580 34 10 12 0.040
339 6 10 12 0.039
800 1 10 11 0.039
323 74 12 14 0.039
128 168 11 14 0.039
838 177 14 15 0.039
909 74 9 100 0.039
140 -21 11 78 0.039
954 5 15 18 0.038
-1 5 20 9 0.038
254 9 12 12 0.038
680 19 14 16 0.038
231 126 11 28 0.038
114 164 16 17 0.038
911 173 13 15 0.037
44 160 12 15 0.037
547 216 13 14 0.037
994 78 12 15 0.037
290 72 10 14 0.036
443 111 20 35 0.036
263 132 11 27 0.036
363 5 19 33 0.036
599 6 17 12 0.036
30 98 11 94 0.035
84 126 12 23 0.034
417 -24 17 68 0.034
867 32 16 16 0.034
866 153 16 15 0.034
841 183 14 15 0.034
533 -14 24 58 0.034
89 76 14 15 0.034
871 197 12 16 0.032
759 159 13 16 0.032
965 153 16 23 0.031
771 180 12 15 0.031
646 101 9 96 0.031
355 3 9 11 0.031
205 126 11 25 0.030
814 173 33 22 0.030
406 104 19 22 0.030
386 6 12 21 0.029
445 143 13 15 0.029
717 68 10 108 0.029
778 33 11 30 0.029
894 84 10 14 0.029
265 62 13 18 0.028
322 150 13 15 0.028
538 97 17 67 0.028
923 85 13 16 0.028
300 107 10 50 0.028
513 101 13 14 0.027
602 1 11 11 0.027
615 2 10 12 0.027
962 2 10 11 0.027
554 137 14 15 0.027
0 80 11 16 0.026
23 206 15 18 0.026
442 54 12 29 0.026
156 157 40 14 0.026
430 130 10 13 0.026
610 22 13 14 0.026
403 68 10 115 0.026
878 146 24 37 0.026
989 60 11 14 0.026
18 215 12 14 0.026
896 72 10 14 0.026
421 119 10 16 0.025
830 31 11 48 0.025
434 62 9 12 0.025
71 94 13 109 0.025
798 150 12 15 0.025
143 120 13 46 0.025
826 40 15 25 0.025
796 151 10 12 0.025
891 62 14 21 0.025
195 4 11 12 0.024
980 43 13 21 0.024
494 136 13 15 0.024
567 99 11 14 0.024
886 162 13 15 0.024
338 3 14 27 0.024
493 99 12 15 0.024
307 -36 11 112 0.024
826 3 11 12 0.024
422 9 9 11 0.023
531 103 12 14 0.023
761 152 15 36 0.023
603 49 13 22 0.023
802 7 14 22 0.022
958 53 15 47 0.022
814 187 14 18 0.022
167 177 10 12 0.022
968 57 10 22 0.022
947 17 20 99 0.022
886 155 12 15 0.021
215 108 22 16 0.021
801 151 14 14 0.021
552 180 12 14 0.021
556 85 13 21 0.021
972 171 12 15 0.021
757 163 13 15 0.020
78 203 11 23 0.020
872 232 11 13 0.020
795 43 13 25 0.020
0 86 7 25 0.020
538 79 10 12 0.020
1013 179 11 16 0.020
50 201 12 15 0.020
660 137 12 17 0.020
900 190 15 18 0.019
279 54 34 68 0.019
281 85 26 13 0.019
680 137 12 16 0.019
260 57 11 41 0.019
191 89 8 113 0.019
588 1 13 12 0.019
506 170 13 17 0.019
986 150 12 13 0.019
902 48 12 50 0.018
838 104 29 84 0.018
903 3 14 18 0.018
151 70 16 24 0.018
277 61 10 12 0.018
709 139 12 16 0.018
165 171 11 17 0.018
56 132 22 14 0.017
360 168 12 15 0.017
426 70 12 20 0.017
839 69 11 14 0.017
44 39 11 14 0.017
20 219 11 13 0.017
796 67 13 24 0.017
65 153 14 23 0.017
109 177 15 14 0.017
266 69 9 97 0.016
805 64 14 27 0.016
514 38 11 91 0.016
833 72 12 18 0.016
565 5 11 26 0.016
220 10 18 18 0.016
38 63 8 116 0.016
833 177 17 21 0.016
480 40 8 13 0.016
315 115 12 19 0.016
200 161 14 21 0.016
129 172 20 15 0.016
419 147 14 25 0.016
873 190 13 16 0.016
975 127 13 18 0.016
363 64 8 10 0.016
54 48 14 29 0.016
143 87 12 113 0.015
949 87 12 15 0.015
140 167 14 18 0.015
882 150 13 20 0.015
891 0 12 11 0.015
30 171 20 61 0.015
733 157 13 16 0.015
980 58 23 68 0.015
880 67 10 107 0.015
799 -36 18 108 0.014
613 19 10 61 0.014
299 66 8 117 0.014
1000 131 14 15 0.014
456 64 11 116 0.014
340 37 11 115 0.014
524 234 16 17 0.014
813 178 11 16 0.014
871 215 11 32 0.014
542 40 10 13 0.014
854 98 11 14 0.014
401 0 12 14 0.014
2 178 11 15 0.014
986 0 12 13 0.013
85 40 9 115 0.013
469 71 20 49 0.013
733 153 39 22 0.013
262 90 14 107 0.013
906 15 11 103 0.013
67 116 14 99 0.013
107 63 8 127 0.013
818 46 25 21 0.013
160 171 12 18 0.013
592 37 10 117 0.013
971 8 10 114 0.013
376 1 10 12 0.013
663 150 15 16 0.013
564 1 10 11 0.012
454 87 12 15 0.012
606 151 16 16 0.012
610 -23 24 102 0.012
624 61 10 126 0.012
512 5 11 12 0.012
672 53 17 92 0.012
570 106 16 18 0.012
58 -36 10 114 0.012
496 11 12 11 0.012
827 125 12 15 0.012
272 2 12 14 0.012
401 14 12 26 0.012
891 31 17 42 0.012
947 117 11 15 0.011
638 1 10 12 0.011
485 61 10 106 0.011
329 69 11 12 0.011
2 143 13 16 0.011
-8 115 45 74 0.011
912 4 11 13 0.011
129 176 13 14 0.011
655 39 10 72 0.011
280 10 14 13 0.011
722 154 18 16 0.011
7 176 14 22 0.011
879 191 18 20 0.011
40 27 15 21 0.011
160 63 9 12 0.011
496 202 14 20 0.011
30 190 15 33 0.011
532 52 11 13 0.011
910 165 14 18 0.010
208 63 9 102 0.010
817 103 34 103 0.010
190 179 13 13 0.010
650 149 14 16 0.010
140 75 10 12 0.010
858 166 15 19 0.010
416 153 24 15 0.010
891 164 15 17 0.010
728 157 24 17 0.010
310 -38 18 109 0.010
