47_Matador_Bullfighter_matadorbullfighting_47_300
31
226 545 32 30 0.844
817 341 32 31 0.822
841 99 26 30 0.795
10 157 25 32 0.774
926 362 35 36 0.767
96 479 29 34 0.667
137 558 26 28 0.592
9 0 21 24 0.578
47 314 15 21 0.439
0 96 9 30 0.388
47 270 18 22 0.259
52 399 19 22 0.138
302 180 28 42 0.103
75 250 16 22 0.082
48 266 15 82 0.076
50 404 18 21 0.043
52 311 14 22 0.041
43 270 20 35 0.029
891 14 30 19 0.028
0 91 7 19 0.020
20 391 18 22 0.019
57 260 18 23 0.017
56 391 18 25 0.017
42 321 17 20 0.013
42 267 19 23 0.013
1002 412 15 17 0.012
41 275 18 20 0.012
0 101 17 24 0.012
371 337 48 43 0.011
942 368 25 29 0.011
831 18 27 30 0.010
