47_Matador_Bullfighter_Matador_Bullfighter_47_761
63
40 120 29 37 0.788
347 40 28 34 0.786
886 115 27 35 0.780
72 33 31 38 0.779
237 30 32 38 0.770
472 29 29 38 0.763
185 39 28 37 0.758
196 122 30 37 0.749
596 47 26 33 0.713
559 17 28 31 0.673
702 127 30 36 0.608
700 44 32 37 0.604
349 116 32 39 0.557
1011 131 13 36 0.495
478 136 33 39 0.449
280 544 26 42 0.278
860 51 28 35 0.252
828 145 25 30 0.200
763 2 41 34 0.191
857 23 30 32 0.180
1 112 26 34 0.098
243 0 25 23 0.094
1011 125 14 28 0.062
858 121 27 36 0.053
388 134 29 33 0.049
852 17 30 31 0.041
623 344 32 37 0.039
822 48 27 39 0.037
809 0 52 22 0.036
694 56 22 25 0.036
762 0 35 22 0.032
1012 119 14 22 0.031
857 28 36 47 0.031
762 12 31 31 0.031
574 27 37 45 0.029
58 -1 31 17 0.029
436 71 26 31 0.027
586 33 37 42 0.026
929 0 36 16 0.026
707 36 24 29 0.025
676 97 39 38 0.024
162 109 29 36 0.023
886 28 28 37 0.022
639 100 27 31 0.021
816 29 33 39 0.020
658 95 41 35 0.019
52 67 26 34 0.019
855 61 31 39 0.018
867 112 37 46 0.016
923 169 27 29 0.016
488 131 35 39 0.016
315 112 29 32 0.015
992 0 32 13 0.015
526 308 37 44 0.014
350 138 29 38 0.013
327 105 52 42 0.012
54 0 25 13 0.012
832 0 28 16 0.011
258 0 28 14 0.011
270 126 34 38 0.011
666 119 33 45 0.010
768 8 50 50 0.010
970 1 55 18 0.010
