47_Matador_Bullfighter_matadorbullfighting_47_152
30
191 215 34 44 0.829
117 9 16 19 0.762
778 274 28 50 0.752
470 0 18 20 0.597
313 9 17 19 0.571
174 17 15 19 0.553
424 1 17 18 0.545
626 6 15 19 0.479
678 45 19 23 0.430
172 9 17 18 0.264
305 99 25 31 0.190
613 49 16 18 0.104
687 40 18 21 0.085
680 52 20 21 0.084
467 39 18 21 0.061
419 1 14 17 0.047
436 43 15 20 0.041
588 -1 16 15 0.033
677 54 13 16 0.028
461 33 20 22 0.026
565 2 14 16 0.024
170 5 14 15 0.024
448 30 17 23 0.019
694 56 15 18 0.016
1011 5 13 14 0.016
690 61 14 16 0.016
617 54 17 18 0.015
688 35 16 20 0.013
123 9 14 16 0.012
382 26 15 17 0.010
