47_Matador_Bullfighter_matadorbullfighting_47_236
110
390 274 93 110 0.864
716 108 21 26 0.815
266 206 19 22 0.788
750 48 15 19 0.773
454 186 23 28 0.759
84 107 19 24 0.745
352 196 18 23 0.722
34 189 19 24 0.701
110 195 20 23 0.701
386 139 19 22 0.695
727 184 18 22 0.686
153 137 20 25 0.686
679 43 15 19 0.677
589 125 20 24 0.677
66 197 18 23 0.677
943 47 20 23 0.660
278 121 18 23 0.646
788 114 19 24 0.609
389 191 22 27 0.586
991 97 21 25 0.574
603 189 21 24 0.565
829 129 20 21 0.560
156 179 20 24 0.496
436 127 18 22 0.477
702 175 17 19 0.435
546 202 20 22 0.419
266 69 17 20 0.407
120 175 20 24 0.365
216 205 18 22 0.326
521 115 20 24 0.314
-1 179 8 24 0.308
416 126 16 20 0.289
635 181 17 22 0.271
606 186 27 24 0.214
253 183 16 19 0.208
417 127 28 21 0.200
704 176 23 22 0.174
782 116 18 23 0.170
230 205 17 20 0.163
33 192 49 23 0.137
53 166 18 23 0.135
521 107 19 23 0.088
68 137 19 23 0.071
718 100 22 26 0.069
738 88 22 21 0.067
208 200 20 26 0.062
838 130 19 23 0.056
852 152 18 21 0.055
386 205 23 26 0.054
64 134 18 22 0.050
34 179 20 25 0.049
336 198 22 23 0.049
793 111 19 25 0.047
275 114 19 25 0.046
747 87 21 22 0.046
52 208 17 21 0.043
637 173 19 25 0.042
327 199 20 23 0.041
582 129 21 25 0.040
0 183 15 26 0.039
96 186 17 23 0.038
72 131 21 26 0.037
518 121 20 24 0.036
984 0 19 15 0.032
1007 104 18 32 0.030
641 207 20 25 0.028
638 191 18 23 0.027
426 137 24 24 0.027
393 187 25 27 0.027
485 157 17 19 0.026
985 0 30 20 0.026
277 129 19 23 0.025
585 182 19 23 0.025
102 206 18 21 0.025
948 44 22 25 0.025
221 127 21 23 0.023
892 150 29 29 0.023
1004 133 17 27 0.023
846 148 21 23 0.022
0 194 16 27 0.022
217 198 20 24 0.021
379 210 18 21 0.020
387 131 19 22 0.020
356 175 18 22 0.019
155 187 24 27 0.018
776 107 20 23 0.016
998 95 19 23 0.016
536 111 20 22 0.016
865 148 25 28 0.016
410 140 21 25 0.015
436 141 23 25 0.015
773 123 18 20 0.015
1006 7 18 21 0.015
833 123 22 24 0.015
321 202 17 22 0.015
310 204 23 25 0.015
380 140 18 25 0.014
942 135 20 27 0.013
263 118 37 44 0.013
1007 108 16 58 0.013
194 131 19 24 0.013
492 173 18 23 0.012
895 162 19 22 0.012
210 122 33 33 0.012
792 125 18 23 0.011
479 147 23 34 0.011
178 118 24 32 0.011
108 169 25 29 0.011
117 159 20 25 0.010
581 179 18 22 0.010
