47_Matador_Bullfighter_matadorbullfighting_47_443
91
194 252 21 26 0.835
350 197 16 21 0.739
583 203 14 18 0.718
858 165 14 17 0.707
777 228 16 20 0.699
420 216 16 20 0.692
367 213 17 22 0.688
314 202 17 21 0.684
189 166 17 20 0.682
833 268 14 15 0.658
972 195 14 18 0.605
668 263 16 19 0.603
951 258 15 17 0.542
873 255 13 17 0.536
899 204 17 20 0.532
412 197 15 17 0.436
427 177 15 19 0.364
820 208 14 18 0.345
549 260 24 27 0.294
75 186 19 22 0.269
356 219 17 20 0.241
686 240 15 21 0.194
502 226 18 20 0.188
684 256 16 19 0.175
679 257 17 21 0.175
778 208 14 16 0.172
416 207 17 21 0.164
415 192 18 20 0.157
567 186 16 18 0.123
87 226 16 20 0.123
557 259 19 22 0.111
571 192 17 20 0.110
1010 192 13 24 0.071
428 183 18 20 0.065
817 212 13 16 0.060
70 188 18 22 0.060
897 210 16 20 0.045
906 196 16 19 0.042
974 199 18 20 0.038
1005 188 16 21 0.038
501 231 17 21 0.036
815 206 15 18 0.036
174 175 15 18 0.034
84 180 18 24 0.032
707 167 12 16 0.031
782 205 16 17 0.030
179 171 20 21 0.029
234 207 17 22 0.028
762 261 14 18 0.028
773 231 15 20 0.026
428 172 14 18 0.026
893 204 14 19 0.025
559 246 21 36 0.022
656 261 20 21 0.022
2 226 12 20 0.021
645 255 15 18 0.020
762 227 15 19 0.018
768 226 16 23 0.018
768 213 18 20 0.018
566 179 15 19 0.017
1009 185 11 18 0.017
652 256 20 19 0.017
928 192 15 18 0.016
686 234 14 18 0.016
1 332 15 22 0.016
921 198 16 18 0.016
689 228 15 21 0.015
693 242 16 19 0.015
829 207 21 20 0.015
538 257 38 47 0.015
389 243 17 19 0.015
320 200 17 23 0.014
576 231 15 20 0.014
60 190 26 23 0.014
620 193 12 16 0.014
441 192 19 20 0.013
564 254 16 21 0.013
87 210 17 23 0.012
914 193 32 20 0.012
765 264 15 18 0.012
497 237 22 28 0.012
762 219 15 18 0.012
698 256 19 18 0.012
879 253 14 19 0.012
860 195 13 16 0.011
995 199 17 20 0.011
1014 207 10 19 0.011
505 204 16 17 0.011
84 217 17 21 0.010
541 260 22 27 0.010
425 223 21 23 0.010
