47_Matador_Bullfighter_matadorbullfighting_47_207
58
883 481 20 25 0.787
743 424 17 22 0.780
575 399 22 29 0.778
920 479 18 22 0.754
1001 467 22 28 0.664
377 418 21 26 0.661
719 487 20 24 0.609
469 427 19 24 0.599
60 340 19 22 0.586
243 420 22 26 0.562
599 469 21 25 0.543
411 518 35 35 0.488
720 480 20 23 0.286
408 430 18 22 0.284
817 482 19 23 0.243
554 414 17 22 0.092
174 216 21 26 0.077
653 475 21 27 0.067
235 424 20 25 0.047
167 415 19 26 0.046
591 472 22 26 0.041
509 474 19 24 0.039
678 406 19 25 0.036
969 479 19 25 0.035
792 491 21 25 0.034
777 474 20 23 0.032
379 405 19 29 0.032
650 575 26 28 0.031
248 412 20 26 0.030
780 467 19 23 0.028
798 489 25 26 0.027
718 468 25 41 0.026
39 387 19 24 0.026
565 739 74 85 0.023
727 427 32 90 0.023
398 428 22 27 0.022
781 472 29 26 0.020
169 450 18 24 0.020
722 473 17 20 0.018
404 507 48 56 0.017
412 438 21 23 0.017
442 431 23 23 0.017
64 352 21 24 0.017
803 487 32 26 0.016
552 420 20 27 0.015
653 469 20 24 0.015
381 390 17 22 0.014
176 413 15 21 0.013
158 419 22 28 0.013
426 521 21 30 0.013
553 403 39 28 0.013
821 489 19 22 0.012
167 457 17 21 0.012
576 368 21 23 0.012
246 426 24 28 0.012
462 415 22 32 0.012
588 373 19 23 0.011
576 577 39 43 0.011
