47_Matador_Bullfighter_matadorbullfighting_47_491
78
983 198 14 17 0.784
345 195 13 17 0.767
315 196 15 18 0.765
748 193 19 22 0.751
184 156 14 17 0.733
949 64 11 15 0.726
5 151 15 18 0.720
406 189 15 20 0.719
86 133 16 19 0.717
100 191 14 17 0.692
196 202 14 17 0.670
868 139 13 17 0.665
890 134 16 19 0.656
915 138 14 17 0.566
227 179 14 17 0.436
35 188 15 17 0.434
1011 177 12 15 0.414
931 191 13 15 0.356
632 154 13 16 0.243
773 125 14 17 0.224
348 191 15 17 0.197
226 188 15 19 0.134
56 190 13 15 0.126
360 185 14 17 0.119
490 162 16 17 0.118
969 174 12 15 0.110
243 166 13 16 0.107
719 114 14 16 0.092
375 140 17 19 0.083
460 168 17 21 0.082
497 161 19 21 0.076
218 199 14 16 0.075
241 171 15 18 0.070
226 194 17 19 0.069
600 139 15 19 0.058
529 161 13 21 0.057
478 163 16 18 0.053
103 187 19 21 0.044
730 118 12 14 0.038
495 167 15 16 0.035
953 166 14 16 0.035
122 188 15 19 0.034
527 168 13 16 0.032
243 186 15 20 0.031
174 138 14 18 0.030
493 122 13 16 0.029
449 168 17 16 0.027
33 184 15 18 0.027
383 144 18 20 0.025
362 167 13 17 0.023
463 212 28 28 0.023
200 205 14 15 0.023
217 206 12 15 0.022
952 182 12 16 0.021
465 173 19 21 0.021
529 139 13 18 0.021
360 178 16 19 0.020
86 140 16 18 0.020
529 151 13 23 0.020
483 168 17 19 0.018
508 164 17 18 0.017
734 115 11 14 0.017
350 197 16 18 0.016
1013 159 10 15 0.016
29 193 13 16 0.015
234 199 14 19 0.015
475 158 16 19 0.015
979 157 11 13 0.014
365 137 25 43 0.014
169 133 14 17 0.012
822 211 11 14 0.012
925 134 14 17 0.012
56 180 15 21 0.012
401 192 15 18 0.011
948 187 16 15 0.010
392 150 15 19 0.010
561 158 19 32 0.010
932 128 15 17 0.010
