14_Traffic_Traffic_14_55
345
211 464 14 16 0.683
575 348 12 14 0.550
305 283 11 14 0.492
233 397 14 15 0.459
947 346 12 15 0.441
546 211 12 14 0.408
260 287 10 12 0.310
679 84 11 12 0.293
621 286 11 13 0.292
365 25 11 14 0.263
383 171 11 12 0.243
812 26 10 12 0.240
485 364 13 15 0.238
889 220 12 14 0.238
888 217 10 12 0.197
163 170 12 13 0.184
436 165 12 13 0.177
540 211 12 13 0.167
258 186 10 11 0.163
625 285 11 13 0.161
270 353 15 18 0.161
108 181 12 14 0.161
395 62 10 12 0.152
483 224 14 15 0.151
356 117 12 14 0.151
888 224 11 13 0.148
605 284 12 14 0.143
897 215 10 12 0.143
825 137 11 14 0.142
60 394 14 17 0.132
241 397 13 15 0.130
854 29 14 15 0.129
369 24 9 12 0.129
896 226 11 13 0.128
683 88 12 14 0.127
439 163 10 12 0.125
445 246 11 15 0.123
320 33 11 11 0.105
858 35 11 13 0.105
951 345 13 15 0.104
618 18 10 13 0.102
536 208 12 13 0.101
795 137 14 14 0.100
900 212 11 12 0.099
160 168 11 14 0.096
366 28 13 14 0.096
616 284 12 14 0.095
823 133 11 14 0.094
309 273 12 14 0.093
175 419 11 14 0.091
519 49 8 10 0.090
134 167 10 12 0.090
139 472 15 18 0.088
948 334 12 15 0.086
579 346 12 15 0.082
312 277 11 13 0.080
902 216 10 13 0.080
681 92 12 14 0.080
295 158 10 11 0.075
846 26 13 14 0.071
838 227 15 16 0.071
827 148 12 12 0.070
228 228 12 15 0.067
887 213 11 12 0.067
621 15 12 12 0.066
370 21 10 11 0.066
301 284 13 16 0.066
663 298 12 13 0.065
127 23 8 8 0.064
93 116 11 13 0.063
943 336 12 14 0.062
272 350 14 16 0.062
883 84 10 13 0.061
855 25 14 15 0.061
204 47 7 8 0.061
302 229 12 13 0.061
587 275 11 14 0.061
260 486 12 14 0.060
529 208 13 15 0.060
40 109 8 9 0.059
165 16 9 11 0.059
439 159 11 13 0.059
890 222 15 18 0.059
158 16 10 11 0.058
671 81 11 13 0.057
841 221 14 26 0.057
405 164 11 12 0.057
830 26 13 14 0.055
87 69 12 11 0.055
498 211 10 11 0.055
566 343 13 16 0.053
410 166 11 12 0.052
786 137 13 14 0.052
232 401 20 15 0.052
591 273 12 13 0.051
83 69 10 12 0.051
685 84 12 14 0.050
418 166 16 15 0.050
364 21 10 12 0.050
270 46 13 17 0.048
354 110 13 29 0.048
227 224 12 16 0.048
951 332 11 14 0.047
266 357 16 16 0.047
131 169 11 12 0.047
351 119 13 13 0.047
331 119 11 13 0.046
829 140 11 15 0.046
409 166 25 11 0.046
548 202 12 16 0.046
409 162 11 11 0.045
541 70 10 11 0.045
222 200 11 15 0.045
863 24 10 13 0.043
309 238 13 16 0.043
315 269 11 14 0.043
804 133 12 13 0.043
579 351 12 15 0.043
313 244 11 13 0.042
591 276 15 14 0.042
871 218 12 14 0.041
860 19 11 13 0.041
569 48 9 10 0.041
386 172 12 13 0.040
598 432 13 15 0.040
270 26 11 16 0.040
876 353 15 17 0.039
825 144 12 15 0.039
312 227 10 12 0.039
296 270 13 15 0.038
942 349 14 16 0.038
842 231 13 13 0.038
618 15 10 10 0.038
595 12 12 14 0.038
262 358 14 16 0.037
553 214 11 13 0.037
895 230 12 13 0.037
325 121 14 13 0.036
199 46 13 12 0.036
844 17 29 32 0.036
684 96 15 15 0.035
422 152 28 40 0.035
624 101 11 14 0.034
424 168 12 12 0.034
955 347 14 15 0.034
589 8 14 13 0.034
165 14 11 20 0.034
488 101 10 12 0.034
542 72 12 12 0.034
592 12 10 11 0.033
844 222 13 14 0.032
631 289 11 13 0.031
246 394 12 16 0.031
597 286 14 14 0.031
744 48 12 14 0.031
577 276 15 15 0.030
61 384 14 18 0.030
444 159 10 12 0.030
782 31 13 13 0.030
437 173 10 12 0.030
363 116 10 13 0.029
554 288 13 16 0.029
615 294 11 12 0.029
155 15 14 17 0.029
900 226 15 14 0.029
603 272 12 14 0.028
610 149 10 12 0.028
878 7 10 11 0.028
184 51 10 11 0.028
222 207 12 15 0.027
37 137 8 9 0.027
622 110 12 13 0.027
582 74 11 13 0.027
588 7 11 10 0.027
38 110 9 11 0.027
675 97 20 13 0.027
834 223 13 15 0.027
224 215 12 15 0.026
622 106 14 14 0.026
401 160 11 12 0.026
389 53 11 14 0.026
402 293 14 15 0.026
393 53 13 19 0.025
930 266 15 14 0.025
827 132 12 14 0.025
145 14 10 14 0.025
902 208 10 12 0.024
870 221 13 17 0.024
185 55 9 14 0.024
363 122 11 13 0.024
601 16 12 12 0.024
878 3 10 11 0.023
691 98 10 14 0.023
306 224 12 15 0.023
115 437 11 14 0.023
285 265 15 15 0.023
366 213 11 12 0.023
224 396 15 16 0.023
345 33 15 13 0.023
795 30 13 13 0.022
696 100 11 13 0.022
549 215 12 14 0.022
283 257 13 15 0.022
222 414 13 16 0.022
880 79 11 13 0.022
43 109 9 9 0.022
689 104 14 13 0.022
568 46 9 10 0.022
783 134 12 13 0.022
268 228 11 13 0.022
270 10 12 64 0.022
663 291 12 15 0.021
948 325 12 14 0.021
207 448 15 18 0.021
490 225 16 14 0.021
906 220 11 14 0.021
870 233 14 11 0.020
330 31 17 13 0.020
883 89 10 11 0.020
846 154 14 14 0.020
298 155 10 11 0.020
322 115 13 17 0.020
505 215 14 13 0.020
602 286 20 14 0.019
478 223 13 15 0.019
400 62 11 12 0.019
855 214 16 16 0.019
785 140 10 12 0.019
875 4 12 18 0.019
857 209 12 14 0.019
298 160 10 11 0.019
859 9 14 40 0.018
624 92 13 34 0.018
627 94 13 14 0.018
664 109 17 14 0.018
789 31 14 14 0.018
314 251 14 18 0.018
322 33 16 12 0.018
563 75 13 16 0.018
309 249 15 21 0.018
848 160 11 17 0.018
524 79 12 14 0.018
369 40 12 12 0.018
187 61 8 11 0.018
103 101 13 13 0.018
825 228 13 16 0.018
137 479 16 16 0.018
642 84 13 13 0.017
100 119 12 11 0.017
148 17 8 10 0.017
299 219 17 33 0.017
107 171 12 13 0.017
166 28 11 16 0.017
320 269 11 14 0.017
171 46 9 11 0.017
626 13 10 12 0.016
646 84 14 14 0.016
831 154 13 14 0.016
140 16 14 21 0.016
272 342 13 17 0.016
87 116 11 11 0.016
830 231 15 15 0.016
917 269 10 12 0.015
136 168 12 13 0.015
879 350 16 17 0.015
242 518 12 14 0.015
447 163 9 13 0.015
14 229 10 12 0.015
293 258 13 15 0.015
376 23 10 13 0.015
161 16 18 10 0.015
886 230 12 13 0.015
293 160 11 11 0.015
441 171 11 12 0.015
589 268 20 14 0.015
615 274 12 14 0.015
415 166 29 13 0.015
220 400 17 22 0.015
312 118 11 13 0.015
554 348 14 16 0.015
800 146 14 16 0.014
506 225 14 13 0.014
881 357 14 15 0.014
114 166 14 21 0.014
406 290 13 17 0.014
555 203 11 14 0.014
276 356 16 17 0.013
551 352 13 15 0.013
566 339 12 14 0.013
346 315 13 15 0.013
655 273 11 12 0.013
299 233 12 18 0.013
264 27 12 15 0.013
817 277 10 11 0.013
172 15 7 9 0.013
523 86 9 12 0.013
855 219 17 25 0.013
220 466 13 15 0.013
670 294 10 12 0.013
647 545 11 12 0.013
907 232 13 14 0.013
818 25 16 16 0.013
564 80 12 20 0.013
676 107 15 15 0.013
128 19 13 18 0.013
565 272 14 14 0.013
173 12 9 13 0.013
177 416 13 14 0.012
919 341 17 16 0.012
874 350 13 15 0.012
493 209 12 12 0.012
595 427 14 15 0.012
329 263 10 14 0.012
200 465 15 17 0.012
172 422 11 13 0.012
654 110 16 12 0.012
549 295 14 13 0.012
885 354 14 15 0.012
170 174 10 12 0.011
575 79 13 13 0.011
643 80 22 15 0.011
381 179 12 13 0.011
289 277 13 16 0.011
84 67 12 17 0.011
375 36 14 13 0.011
655 81 13 13 0.011
397 3 10 10 0.011
252 186 15 14 0.011
34 109 9 10 0.011
929 305 15 14 0.011
342 116 19 11 0.011
297 195 10 13 0.011
387 65 13 12 0.011
848 18 12 14 0.011
269 219 14 35 0.011
849 208 13 14 0.011
857 237 16 13 0.011
144 472 16 17 0.011
123 156 11 13 0.011
578 269 16 18 0.010
912 342 16 15 0.010
108 99 14 13 0.010
274 257 13 14 0.010
851 174 12 14 0.010
268 158 8 10 0.010
