14_Traffic_Traffic_14_361
33
845 299 15 18 0.371
672 323 9 10 0.143
845 306 16 16 0.119
634 328 6 7 0.085
522 366 6 8 0.078
671 316 10 20 0.066
668 310 7 8 0.061
444 366 6 8 0.056
424 332 6 7 0.041
510 375 7 9 0.026
327 369 10 11 0.026
663 318 9 11 0.026
719 318 9 11 0.025
846 291 14 17 0.023
719 317 17 13 0.022
421 332 8 9 0.022
658 321 10 10 0.022
735 316 8 10 0.021
506 376 9 8 0.021
726 317 13 11 0.021
442 360 8 16 0.020
732 316 9 12 0.019
847 308 17 19 0.019
416 354 8 9 0.019
906 290 13 17 0.018
852 298 17 20 0.015
720 312 10 13 0.013
878 73 6 8 0.012
369 395 8 10 0.011
496 347 10 19 0.011
842 313 13 14 0.011
670 309 7 8 0.010
867 326 18 18 0.010
