14_Traffic_Traffic_14_267
89
168 460 17 22 0.858
74 446 17 20 0.798
230 478 18 22 0.785
154 437 17 20 0.730
637 527 19 22 0.340
540 435 9 11 0.280
14 548 17 20 0.271
77 393 9 10 0.256
632 435 10 11 0.222
636 382 8 10 0.217
713 369 7 8 0.211
659 553 14 17 0.169
586 431 10 12 0.163
304 339 10 11 0.155
673 380 9 11 0.141
206 426 11 16 0.121
742 340 7 9 0.082
418 396 6 8 0.057
444 388 7 9 0.054
638 380 10 12 0.048
467 437 7 9 0.041
613 413 11 12 0.038
538 437 9 12 0.038
444 378 8 21 0.036
532 357 6 8 0.035
630 437 11 13 0.035
689 405 8 10 0.032
713 536 13 15 0.031
580 340 5 6 0.030
696 304 6 7 0.029
662 367 9 18 0.028
509 549 13 17 0.028
607 411 14 12 0.027
467 440 8 10 0.027
481 302 8 12 0.026
662 353 10 9 0.024
582 430 10 12 0.023
444 384 7 10 0.022
530 358 7 8 0.022
412 398 10 8 0.022
358 339 8 10 0.022
658 350 10 10 0.021
360 335 8 14 0.021
623 426 11 12 0.020
651 539 17 19 0.020
806 311 6 8 0.020
495 325 9 7 0.019
572 516 20 18 0.018
13 556 16 19 0.018
249 446 10 11 0.018
323 416 7 12 0.017
676 382 9 11 0.017
301 337 11 12 0.017
717 338 11 9 0.017
529 355 10 13 0.016
478 301 8 7 0.016
632 524 18 22 0.015
429 354 8 11 0.015
754 309 6 8 0.015
287 435 10 12 0.014
671 354 8 9 0.014
749 339 6 9 0.014
580 514 16 20 0.014
323 413 7 10 0.013
495 355 7 11 0.013
320 442 9 11 0.013
511 300 7 24 0.012
288 437 11 13 0.012
377 383 9 11 0.012
612 406 13 20 0.012
511 310 6 8 0.012
81 393 9 11 0.012
657 373 14 11 0.011
689 401 9 10 0.011
589 423 12 13 0.011
477 296 11 21 0.011
583 434 11 13 0.011
997 264 7 9 0.011
604 407 11 13 0.010
431 361 10 21 0.010
419 397 8 10 0.010
726 331 10 13 0.010
679 373 10 11 0.010
581 436 11 16 0.010
6 545 13 20 0.010
267 236 9 11 0.010
444 398 8 18 0.010
627 372 11 13 0.010
752 307 7 9 0.010
