14_Traffic_Traffic_14_834
145
952 340 9 11 0.670
598 124 9 11 0.636
340 351 7 8 0.607
689 419 16 23 0.593
695 351 6 6 0.433
588 374 7 10 0.433
639 64 13 17 0.397
52 365 7 9 0.361
832 426 13 22 0.354
577 349 6 8 0.271
868 342 7 9 0.256
71 360 8 9 0.246
937 343 8 9 0.246
715 349 8 9 0.243
921 339 7 9 0.199
93 359 7 8 0.191
694 413 15 23 0.182
794 407 12 17 0.180
600 352 7 8 0.171
732 350 7 8 0.160
149 353 7 8 0.160
895 346 6 8 0.154
731 360 7 9 0.146
389 351 5 7 0.142
783 406 14 22 0.127
364 347 8 8 0.116
464 346 6 7 0.115
71 356 9 17 0.110
123 352 7 9 0.108
712 412 11 15 0.108
74 362 6 8 0.105
621 347 6 7 0.092
733 347 6 21 0.089
789 349 5 6 0.087
576 351 6 8 0.086
665 455 13 23 0.086
37 353 6 6 0.085
702 411 14 17 0.084
834 340 8 13 0.083
532 401 7 8 0.082
693 351 6 7 0.080
731 355 8 10 0.079
938 340 8 9 0.075
389 343 6 18 0.075
480 347 6 7 0.074
417 344 6 9 0.073
836 339 7 10 0.072
292 352 13 9 0.068
830 348 8 9 0.066
602 348 8 14 0.062
807 340 7 8 0.060
22 351 5 7 0.059
592 124 10 22 0.057
287 346 8 22 0.055
735 348 6 7 0.054
701 343 15 22 0.054
789 394 10 14 0.052
787 406 18 21 0.050
389 343 7 9 0.049
122 348 8 17 0.049
730 364 8 9 0.045
152 352 7 8 0.044
610 131 10 13 0.044
593 350 8 9 0.043
863 346 9 9 0.042
461 343 8 14 0.042
297 352 7 8 0.041
25 352 7 7 0.041
604 375 7 10 0.040
388 340 7 9 0.039
780 413 10 16 0.039
352 346 7 10 0.038
864 339 8 10 0.038
836 380 9 10 0.038
814 490 15 19 0.037
824 349 11 9 0.037
499 338 6 8 0.037
529 341 6 8 0.035
350 341 8 20 0.035
286 342 7 24 0.035
200 348 5 6 0.035
733 352 9 12 0.034
622 341 7 17 0.032
94 349 10 25 0.032
285 358 7 8 0.031
67 352 8 9 0.030
511 357 6 7 0.030
797 350 7 15 0.030
770 348 6 8 0.030
297 343 8 24 0.029
695 350 28 8 0.028
920 341 22 10 0.027
790 345 12 14 0.027
144 353 13 11 0.026
618 339 10 22 0.026
835 335 7 24 0.025
797 410 13 16 0.024
299 347 9 17 0.024
667 345 7 8 0.024
864 342 9 11 0.023
717 347 9 9 0.022
588 136 9 12 0.022
493 397 7 8 0.021
481 350 7 9 0.020
836 376 10 23 0.020
642 61 13 17 0.020
596 115 9 24 0.020
591 135 10 14 0.019
915 336 9 11 0.019
146 356 8 9 0.018
19 353 27 6 0.017
588 142 9 10 0.017
530 337 7 17 0.017
529 345 6 7 0.017
884 316 6 9 0.016
255 338 9 27 0.016
640 143 11 13 0.016
115 378 7 9 0.016
853 391 10 12 0.016
370 343 14 20 0.014
797 357 8 16 0.014
471 330 8 16 0.014
767 348 7 7 0.014
21 352 15 6 0.013
453 346 8 8 0.013
424 345 10 9 0.012
687 427 15 21 0.012
170 345 11 12 0.012
263 344 12 29 0.012
473 326 6 8 0.012
490 397 7 8 0.011
658 367 7 9 0.011
851 384 9 12 0.011
658 124 7 10 0.011
812 378 10 10 0.011
587 350 19 8 0.011
518 324 7 14 0.010
664 335 14 23 0.010
256 342 12 29 0.010
895 337 12 21 0.010
198 333 6 29 0.010
125 343 10 21 0.010
1005 271 7 10 0.010
52 370 7 8 0.010
250 362 6 13 0.010
