14_Traffic_Traffic_14_380
60
294 244 87 78 0.823
719 231 44 55 0.811
539 191 36 45 0.801
770 120 16 22 0.792
651 198 32 37 0.787
45 168 27 29 0.769
930 286 70 93 0.764
190 164 23 26 0.709
0 152 17 24 0.681
222 164 25 28 0.646
492 186 27 34 0.625
453 158 18 23 0.599
117 163 22 30 0.507
1001 150 14 19 0.349
403 178 21 34 0.288
240 207 21 28 0.215
392 147 16 19 0.184
557 155 16 21 0.101
404 198 22 36 0.095
394 148 19 30 0.094
894 214 46 60 0.092
407 192 21 28 0.080
106 149 20 27 0.070
458 195 18 24 0.056
22 167 12 17 0.045
381 167 17 24 0.041
224 179 20 21 0.040
907 284 48 74 0.039
975 231 49 91 0.038
465 209 17 21 0.036
453 168 21 24 0.036
405 210 16 23 0.034
119 129 13 14 0.032
171 178 18 20 0.030
31 162 38 27 0.028
398 174 21 31 0.025
229 171 23 23 0.023
385 158 15 22 0.023
12 160 20 22 0.022
1007 148 11 18 0.020
554 152 14 20 0.019
278 167 17 23 0.019
494 202 21 23 0.018
995 151 16 17 0.018
390 155 21 29 0.018
849 131 10 13 0.015
895 242 47 58 0.014
149 139 12 13 0.014
455 189 18 23 0.014
377 166 16 19 0.014
119 131 17 21 0.013
73 132 8 10 0.013
109 135 19 28 0.013
461 186 19 23 0.012
259 165 13 16 0.011
238 203 17 22 0.011
123 139 16 19 0.011
152 139 9 9 0.010
430 148 13 15 0.010
107 141 14 21 0.010
