14_Traffic_Traffic_14_170
403
314 536 7 9 0.684
500 646 7 9 0.640
370 738 9 9 0.630
303 601 6 8 0.547
251 530 7 8 0.543
532 704 7 9 0.525
515 624 7 8 0.515
351 606 7 8 0.510
368 480 6 6 0.451
420 626 6 8 0.438
376 512 6 7 0.364
373 436 6 7 0.345
333 679 7 8 0.304
207 392 6 7 0.291
551 419 7 8 0.280
350 477 6 7 0.279
967 478 7 8 0.259
645 425 7 9 0.188
254 410 6 7 0.188
363 511 7 8 0.184
348 479 7 7 0.176
646 428 7 9 0.176
351 475 5 7 0.172
613 615 5 8 0.160
411 616 6 8 0.159
949 616 8 10 0.155
608 389 7 8 0.152
605 390 7 10 0.148
380 318 5 7 0.148
989 580 7 10 0.145
250 444 6 8 0.144
953 565 9 10 0.143
600 600 6 7 0.143
852 608 7 10 0.138
153 704 8 10 0.138
532 685 5 7 0.131
490 297 6 8 0.126
412 618 7 10 0.123
666 669 5 8 0.118
580 418 7 11 0.118
448 408 6 7 0.117
364 426 5 7 0.115
646 659 7 9 0.110
507 511 6 7 0.107
613 613 6 7 0.107
366 271 6 9 0.104
747 568 7 8 0.103
647 647 5 7 0.102
1008 565 8 10 0.099
654 536 7 8 0.096
597 379 6 8 0.095
303 560 5 8 0.093
832 585 7 8 0.091
579 412 7 16 0.090
613 611 5 16 0.090
745 569 7 9 0.090
808 384 5 7 0.089
329 563 5 7 0.087
969 597 8 10 0.086
487 671 6 7 0.085
267 459 5 7 0.085
665 671 6 10 0.085
515 332 6 9 0.085
673 563 6 8 0.082
647 655 6 9 0.080
419 412 6 7 0.079
380 317 6 10 0.079
959 698 10 12 0.078
212 440 6 7 0.076
705 719 7 9 0.075
932 633 7 9 0.073
155 382 6 8 0.073
647 435 6 9 0.073
666 667 5 7 0.069
651 537 8 8 0.068
983 548 6 8 0.067
431 359 6 8 0.066
549 421 9 13 0.064
612 453 6 8 0.064
575 412 8 12 0.063
446 722 7 9 0.063
597 378 10 9 0.063
430 356 6 9 0.062
370 222 6 16 0.061
707 633 7 7 0.060
890 525 6 8 0.059
450 348 7 7 0.059
247 564 7 8 0.059
335 387 5 7 0.058
351 318 6 8 0.057
354 437 6 8 0.057
420 388 5 10 0.057
769 663 9 10 0.056
468 423 6 8 0.055
685 691 6 8 0.054
415 622 8 10 0.053
322 479 5 7 0.052
339 520 6 8 0.052
409 654 7 9 0.051
377 576 6 9 0.050
193 363 6 19 0.049
866 621 7 9 0.049
437 396 6 12 0.048
603 387 9 11 0.048
509 679 7 9 0.047
509 337 8 10 0.047
514 508 7 7 0.046
596 372 7 28 0.045
360 273 7 15 0.045
517 622 7 8 0.044
727 606 9 9 0.044
245 367 6 7 0.044
541 432 9 8 0.043
429 353 7 19 0.043
189 383 6 8 0.042
954 697 11 14 0.042
429 694 6 11 0.042
438 394 6 10 0.041
711 630 8 9 0.041
531 534 7 9 0.041
603 379 9 26 0.040
364 424 5 7 0.040
209 443 8 8 0.040
727 733 6 10 0.040
515 380 7 9 0.040
432 649 6 9 0.040
342 426 5 7 0.039
284 266 6 8 0.039
968 592 11 14 0.039
726 741 7 9 0.039
570 444 8 9 0.038
767 489 6 7 0.038
618 622 10 10 0.038
376 437 6 7 0.038
347 422 6 6 0.037
783 660 10 10 0.037
772 659 9 12 0.036
333 682 7 8 0.036
298 448 6 7 0.036
627 626 7 19 0.036
504 343 6 8 0.036
430 699 7 10 0.035
580 419 12 17 0.035
850 604 9 12 0.035
370 227 5 7 0.035
628 641 6 8 0.034
879 492 7 8 0.034
801 617 7 9 0.034
490 293 6 21 0.034
301 450 6 7 0.033
915 505 6 8 0.033
988 576 14 14 0.033
839 403 6 7 0.033
245 564 6 9 0.033
430 645 7 9 0.032
553 367 7 24 0.032
180 360 7 12 0.032
602 429 8 8 0.032
485 387 8 7 0.032
791 659 8 10 0.032
478 340 9 18 0.032
904 517 7 9 0.031
760 662 11 11 0.031
705 633 7 8 0.031
339 429 6 7 0.031
382 501 5 9 0.031
532 537 7 9 0.030
364 262 6 28 0.030
216 353 7 10 0.030
282 260 7 17 0.029
194 367 6 11 0.029
123 417 6 9 0.029
924 589 7 9 0.029
189 376 6 21 0.029
545 434 8 8 0.029
752 754 7 11 0.028
1010 561 7 22 0.028
575 367 7 13 0.028
290 762 10 6 0.028
532 697 7 12 0.027
959 587 8 10 0.027
989 555 8 54 0.027
261 177 5 8 0.027
409 644 7 21 0.027
194 362 7 30 0.026
1012 529 6 9 0.026
176 267 7 19 0.026
345 471 9 23 0.026
730 607 8 9 0.026
152 295 6 9 0.026
646 643 6 30 0.026
965 586 13 23 0.026
1017 669 6 16 0.025
664 579 6 8 0.025
554 372 5 14 0.025
575 378 8 30 0.025
200 375 15 30 0.025
178 370 7 10 0.025
683 697 7 10 0.024
600 425 9 14 0.024
579 387 6 30 0.024
334 380 5 14 0.024
317 390 7 9 0.023
348 473 6 17 0.023
820 674 8 10 0.023
410 649 8 20 0.023
434 424 7 8 0.023
167 697 10 11 0.023
742 575 7 10 0.023
127 219 8 20 0.023
679 480 7 9 0.022
674 627 6 9 0.022
426 257 7 28 0.022
629 634 7 20 0.022
425 685 9 24 0.022
838 406 5 7 0.022
355 278 7 14 0.022
321 151 7 26 0.022
203 448 6 9 0.022
875 493 8 8 0.021
515 332 10 13 0.021
364 478 11 8 0.021
860 612 13 21 0.021
371 762 10 8 0.021
868 623 8 9 0.021
462 598 6 8 0.021
512 621 8 10 0.021
628 628 6 7 0.021
421 685 9 13 0.020
298 238 5 7 0.020
221 390 7 7 0.020
400 268 8 29 0.020
363 232 4 34 0.020
480 345 6 9 0.020
507 282 7 10 0.020
383 498 6 8 0.020
150 251 7 25 0.020
554 373 6 7 0.019
326 381 7 9 0.019
726 682 7 9 0.019
421 687 7 8 0.019
846 651 8 9 0.019
296 231 11 20 0.019
615 568 6 8 0.019
447 190 6 9 0.019
570 413 17 10 0.019
213 383 14 21 0.018
516 549 9 9 0.018
862 514 6 9 0.018
214 353 8 18 0.018
550 386 10 22 0.018
783 383 6 8 0.018
573 387 10 28 0.018
305 597 6 20 0.018
659 537 7 10 0.018
612 390 8 8 0.018
649 533 8 9 0.018
252 531 7 10 0.017
498 653 8 10 0.017
512 684 9 9 0.017
292 464 7 13 0.017
369 478 7 9 0.017
419 686 7 8 0.017
436 249 9 26 0.017
353 476 7 10 0.017
297 469 8 8 0.017
968 475 6 8 0.017
410 651 7 10 0.017
727 729 7 8 0.017
732 528 8 9 0.017
249 441 13 20 0.017
971 478 7 8 0.017
261 169 6 26 0.017
420 660 8 10 0.017
443 304 8 26 0.017
532 682 7 10 0.016
750 752 7 10 0.016
930 632 9 19 0.016
351 602 6 9 0.016
982 543 7 19 0.016
599 375 17 34 0.016
541 340 7 14 0.016
664 673 8 18 0.016
685 477 7 9 0.016
1008 628 8 10 0.016
250 437 9 19 0.016
376 295 7 21 0.016
381 248 9 27 0.016
723 601 13 15 0.015
109 142 12 15 0.015
361 233 8 31 0.015
878 667 8 9 0.015
372 578 7 8 0.015
370 358 7 9 0.015
297 449 12 7 0.015
428 639 9 24 0.015
109 146 9 10 0.015
247 566 8 13 0.015
704 703 7 23 0.015
515 551 7 7 0.015
406 630 8 10 0.015
909 601 7 10 0.015
836 659 8 10 0.015
475 336 10 29 0.015
251 526 6 8 0.015
806 691 7 10 0.015
988 699 8 10 0.015
580 388 9 69 0.015
838 400 6 16 0.015
849 626 8 13 0.015
333 383 8 22 0.014
342 483 8 12 0.014
151 693 9 15 0.014
658 536 6 9 0.014
521 548 7 12 0.014
639 423 9 11 0.014
320 459 7 8 0.014
108 143 9 19 0.014
959 577 9 18 0.014
335 385 6 7 0.014
813 607 7 9 0.014
952 696 10 13 0.014
181 351 9 30 0.014
303 554 8 17 0.014
177 266 10 22 0.014
920 513 7 19 0.013
965 699 14 11 0.013
627 620 7 19 0.013
198 406 6 8 0.013
647 642 7 36 0.013
315 466 12 25 0.013
629 466 7 10 0.013
516 544 7 18 0.013
426 642 10 27 0.013
162 695 12 11 0.013
472 372 8 17 0.013
923 519 7 16 0.013
840 653 10 11 0.013
122 422 7 13 0.013
373 440 7 7 0.013
174 132 11 28 0.013
298 444 9 17 0.013
972 474 6 8 0.013
773 661 24 10 0.013
183 345 4 43 0.013
296 633 7 9 0.013
536 425 8 15 0.013
512 548 7 15 0.012
770 370 5 7 0.012
915 595 9 10 0.012
254 589 8 10 0.012
1008 588 10 13 0.012
145 270 8 27 0.012
392 219 5 10 0.012
518 506 6 8 0.012
724 627 8 10 0.012
328 404 7 17 0.012
519 750 7 11 0.012
848 644 7 18 0.012
578 370 5 46 0.012
479 377 13 22 0.012
709 597 8 10 0.011
314 388 7 18 0.011
250 588 10 17 0.011
594 385 13 28 0.011
384 246 11 29 0.011
155 689 8 11 0.011
405 635 7 10 0.011
415 160 6 9 0.011
341 478 9 22 0.011
294 446 7 17 0.011
873 489 13 14 0.011
55 392 7 8 0.011
441 311 8 27 0.011
696 494 8 10 0.011
252 587 12 15 0.011
295 449 6 8 0.011
638 647 8 23 0.011
531 704 8 17 0.011
787 595 9 11 0.011
746 564 7 8 0.011
429 699 8 19 0.011
488 669 8 12 0.010
246 155 11 31 0.010
293 630 7 10 0.010
204 389 8 23 0.010
983 575 12 20 0.010
460 600 7 10 0.010
706 704 6 8 0.010
516 334 7 8 0.010
726 724 6 26 0.010
255 411 6 8 0.010
427 642 8 16 0.010
719 596 9 13 0.010
664 571 7 22 0.010
276 225 6 10 0.010
367 218 13 31 0.010
327 378 12 25 0.010
613 452 8 13 0.010
544 135 5 8 0.010
177 272 6 10 0.010
443 338 15 28 0.010
531 375 10 26 0.010
