14_Traffic_Traffic_14_840
277
144 281 32 34 0.850
608 288 30 33 0.846
92 258 27 30 0.832
18 286 36 37 0.832
922 271 33 35 0.823
52 256 31 31 0.810
277 277 32 35 0.810
381 294 31 36 0.797
808 286 28 29 0.793
704 278 29 33 0.787
935 167 14 18 0.781
490 274 34 37 0.777
669 265 26 31 0.750
135 243 25 24 0.741
629 244 21 24 0.740
632 191 13 16 0.739
775 268 24 30 0.735
741 221 21 23 0.733
793 215 18 20 0.729
27 211 14 18 0.720
977 187 10 13 0.715
52 200 15 21 0.713
313 253 26 29 0.698
863 265 25 27 0.698
186 262 30 34 0.694
0 199 12 16 0.682
626 211 16 17 0.673
755 149 12 13 0.671
497 188 10 13 0.665
573 206 16 18 0.658
577 260 29 31 0.641
750 261 21 25 0.633
517 212 13 16 0.617
708 240 26 29 0.612
211 255 25 30 0.611
259 240 29 29 0.595
265 199 15 18 0.593
959 264 25 30 0.576
323 201 13 15 0.567
608 240 19 22 0.560
892 172 15 20 0.553
469 155 8 10 0.550
471 244 28 31 0.548
663 187 13 14 0.539
408 189 10 12 0.535
707 214 15 18 0.530
613 200 12 14 0.528
346 149 9 9 0.515
539 154 8 9 0.515
599 226 18 19 0.508
1013 220 11 23 0.499
602 230 21 22 0.495
410 231 23 24 0.493
50 157 8 11 0.479
863 195 11 16 0.477
340 233 21 26 0.468
887 240 19 23 0.429
531 225 16 20 0.421
571 152 8 10 0.405
721 198 10 12 0.405
980 216 15 19 0.401
695 197 10 11 0.397
463 218 20 23 0.395
598 156 8 10 0.391
604 156 9 11 0.388
193 185 9 11 0.370
306 204 13 14 0.370
28 190 11 13 0.358
833 195 15 18 0.357
838 255 24 29 0.339
659 242 22 25 0.333
313 187 8 8 0.327
648 219 15 19 0.322
557 236 25 29 0.319
608 156 8 11 0.306
629 151 8 10 0.301
226 204 14 17 0.292
533 177 11 14 0.291
327 180 7 10 0.279
629 196 14 22 0.261
704 216 21 24 0.261
564 185 9 11 0.247
286 212 13 16 0.239
800 186 14 16 0.228
423 145 8 9 0.220
389 244 26 33 0.215
496 150 8 9 0.210
105 168 13 18 0.195
525 154 9 11 0.194
360 208 13 15 0.194
524 152 8 10 0.187
669 186 11 14 0.187
849 260 23 28 0.183
493 226 18 21 0.179
499 150 9 9 0.174
387 194 9 12 0.169
312 187 9 13 0.168
889 171 12 16 0.165
394 237 22 26 0.165
11 206 33 19 0.163
279 214 22 22 0.159
453 148 8 9 0.157
566 149 9 10 0.155
388 265 27 30 0.153
675 218 17 20 0.141
135 198 12 15 0.139
394 215 12 15 0.134
221 205 16 20 0.132
532 154 15 11 0.131
416 146 9 10 0.130
702 206 15 15 0.130
429 152 8 11 0.125
455 191 11 13 0.125
393 216 19 20 0.124
804 186 16 14 0.118
899 172 14 20 0.118
232 204 12 15 0.118
665 190 13 15 0.118
411 148 12 10 0.115
813 185 16 15 0.115
600 171 11 13 0.110
995 201 12 15 0.110
494 150 7 8 0.108
281 209 16 16 0.102
308 244 23 27 0.101
597 154 21 17 0.100
433 160 8 10 0.100
499 155 9 10 0.099
534 170 11 31 0.094
832 187 11 13 0.093
1001 201 12 16 0.093
663 150 7 10 0.092
541 153 9 11 0.090
545 204 12 13 0.089
496 148 13 15 0.087
775 189 11 14 0.087
254 238 23 26 0.085
459 194 14 16 0.080
560 144 8 9 0.079
833 202 17 21 0.079
462 203 17 29 0.072
431 158 8 11 0.068
494 222 15 17 0.068
978 154 11 94 0.067
579 203 15 17 0.063
22 191 14 14 0.063
352 205 15 16 0.063
535 183 10 13 0.062
875 198 12 15 0.061
601 153 14 41 0.060
609 158 10 13 0.059
856 236 19 23 0.059
407 147 10 11 0.058
614 176 10 13 0.056
801 189 17 18 0.056
467 245 21 27 0.056
998 205 17 18 0.054
607 221 37 48 0.054
999 197 13 15 0.053
571 182 19 59 0.052
318 184 12 28 0.052
487 232 24 28 0.047
781 185 19 15 0.046
197 229 20 23 0.046
977 214 13 18 0.044
412 145 23 16 0.043
350 148 7 10 0.042
373 203 15 16 0.042
377 244 21 24 0.042
687 140 7 10 0.041
524 279 17 23 0.039
754 198 13 15 0.038
1013 242 9 20 0.038
909 165 13 16 0.038
673 212 17 20 0.038
470 226 36 46 0.037
489 203 12 15 0.036
308 239 19 24 0.036
388 191 19 50 0.035
671 223 19 21 0.035
778 190 13 15 0.034
379 200 14 15 0.033
223 163 7 8 0.033
928 164 17 21 0.032
572 149 9 10 0.032
663 247 23 27 0.032
443 244 18 23 0.031
568 185 53 61 0.031
502 152 25 107 0.031
737 177 11 14 0.030
276 164 7 10 0.030
249 241 20 25 0.030
566 258 23 27 0.030
488 210 15 18 0.029
430 149 8 21 0.028
670 200 13 15 0.028
0 286 17 31 0.028
407 178 12 44 0.028
404 147 9 10 0.027
870 201 18 19 0.027
573 154 10 16 0.027
427 212 17 19 0.027
849 242 22 26 0.027
982 231 17 21 0.026
403 216 20 23 0.026
824 191 19 18 0.026
393 208 12 16 0.025
665 239 20 24 0.025
372 245 18 22 0.025
961 242 22 29 0.025
419 143 24 10 0.024
355 200 40 21 0.024
164 248 17 22 0.024
515 210 19 23 0.023
447 245 21 26 0.023
5 281 26 37 0.023
493 132 17 47 0.022
347 145 8 10 0.022
1003 191 10 14 0.022
1012 227 12 49 0.021
683 219 18 19 0.021
315 171 17 41 0.021
497 157 9 17 0.021
991 277 18 20 0.021
584 194 12 15 0.020
160 266 41 42 0.020
223 197 11 13 0.020
884 177 13 25 0.019
198 260 25 30 0.019
427 145 7 8 0.019
100 170 14 16 0.019
728 189 13 20 0.019
433 209 12 14 0.019
479 252 24 29 0.019
836 206 18 21 0.017
510 189 11 13 0.017
562 250 24 29 0.017
695 215 19 20 0.017
578 183 16 20 0.017
379 195 13 14 0.016
833 268 21 26 0.016
327 177 8 9 0.016
450 216 16 17 0.016
712 251 25 28 0.016
576 169 11 14 0.015
348 243 21 24 0.015
149 186 11 11 0.015
287 215 17 17 0.015
977 238 19 23 0.015
343 145 9 10 0.014
197 207 36 51 0.014
276 160 7 10 0.014
772 190 13 17 0.014
722 253 22 27 0.014
515 262 26 44 0.013
431 211 18 15 0.013
445 213 14 16 0.013
461 150 10 10 0.012
259 196 14 17 0.012
345 242 48 26 0.012
325 180 12 18 0.012
42 226 15 19 0.012
797 192 17 20 0.012
766 189 16 22 0.012
980 248 17 22 0.012
122 224 19 20 0.012
412 154 11 10 0.012
868 258 23 27 0.012
463 200 20 22 0.012
889 232 19 22 0.011
660 143 18 18 0.011
772 183 12 18 0.011
797 179 23 15 0.011
440 160 28 65 0.011
328 181 9 11 0.011
299 196 11 13 0.010
506 156 14 23 0.010
