14_Traffic_Traffic_14_505
42
620 561 74 115 0.812
647 263 20 26 0.810
116 188 19 25 0.787
623 213 11 13 0.578
155 352 23 41 0.380
187 267 16 22 0.223
595 237 13 18 0.183
446 65 7 9 0.123
617 199 11 16 0.111
614 197 10 12 0.080
505 53 7 10 0.075
381 283 14 18 0.063
366 329 42 45 0.061
985 179 12 16 0.060
907 174 10 13 0.058
165 242 17 21 0.056
107 295 18 28 0.055
620 212 11 16 0.052
645 211 11 14 0.051
314 196 12 13 0.035
658 191 9 12 0.032
244 98 7 8 0.032
447 68 8 9 0.030
734 191 7 9 0.029
213 229 19 25 0.027
278 332 22 29 0.025
991 167 11 13 0.025
639 189 9 11 0.022
64 369 29 51 0.018
635 192 12 13 0.018
265 263 19 23 0.016
77 177 7 10 0.014
353 328 24 38 0.014
16 209 17 28 0.014
145 351 26 37 0.013
653 184 15 33 0.013
614 194 24 22 0.012
188 271 18 24 0.011
294 101 7 13 0.011
698 194 8 11 0.011
523 300 26 33 0.011
534 55 10 13 0.011
