38_Tennis_Tennis_38_371
26
664 277 29 38 0.882
413 205 22 30 0.881
763 282 31 41 0.880
551 371 31 43 0.877
785 198 27 32 0.876
439 301 29 37 0.873
477 367 30 40 0.871
612 220 25 29 0.868
569 287 28 37 0.867
277 200 26 34 0.863
324 205 22 28 0.862
490 203 24 29 0.853
443 215 26 32 0.851
379 210 26 34 0.850
567 195 23 30 0.850
816 191 21 28 0.848
730 190 22 27 0.843
130 200 24 31 0.843
878 191 25 29 0.840
696 192 27 31 0.840
232 199 25 32 0.839
172 191 27 33 0.828
528 213 23 29 0.821
344 295 28 38 0.814
653 199 23 27 0.786
151 203 19 26 0.018
