38_Tennis_Tennis_38_232
112
733 252 10 13 0.790
807 330 14 19 0.786
637 20 7 8 0.767
725 69 7 9 0.713
1008 61 9 11 0.702
611 65 8 10 0.701
900 37 8 11 0.697
1015 257 9 13 0.695
911 19 8 10 0.688
875 11 7 9 0.682
871 36 8 11 0.681
769 43 8 10 0.679
163 224 10 12 0.677
943 40 8 11 0.675
685 65 8 10 0.669
634 39 7 9 0.661
649 70 7 10 0.658
855 67 8 10 0.648
980 41 8 10 0.638
662 42 8 9 0.632
734 38 7 10 0.617
674 21 7 9 0.615
780 19 7 9 0.603
948 15 8 10 0.573
1014 39 9 12 0.567
893 64 9 11 0.556
718 0 9 6 0.525
985 12 8 10 0.471
968 20 7 10 0.455
783 58 9 11 0.427
803 11 7 9 0.391
760 0 8 6 0.370
760 70 8 10 0.364
748 18 8 9 0.314
757 69 9 10 0.313
702 38 9 10 0.312
698 39 9 11 0.304
1011 37 9 12 0.294
636 33 7 17 0.293
705 35 8 15 0.254
1005 38 10 12 0.227
820 456 15 27 0.223
751 67 8 11 0.213
966 43 9 11 0.211
888 39 9 11 0.210
905 0 9 8 0.195
1010 1 10 10 0.188
701 18 8 9 0.154
968 25 7 10 0.143
778 13 17 18 0.140
1000 36 9 11 0.136
733 31 8 22 0.134
696 36 9 14 0.127
726 37 9 11 0.119
703 19 9 9 0.119
781 1 10 10 0.110
750 57 8 11 0.103
943 41 19 11 0.102
718 -4 10 18 0.095
693 39 19 9 0.091
693 39 7 10 0.085
896 28 7 63 0.082
941 29 8 23 0.075
798 2 12 19 0.074
985 16 9 11 0.063
770 27 7 37 0.062
749 65 8 22 0.060
804 11 9 12 0.059
888 63 10 11 0.055
633 42 7 9 0.055
941 1 9 17 0.049
748 -3 13 15 0.048
716 49 9 22 0.047
694 41 9 13 0.047
945 2 12 26 0.041
710 40 11 26 0.041
726 22 6 95 0.035
1002 49 10 25 0.034
1007 4 10 24 0.034
981 -1 7 92 0.033
870 12 9 10 0.032
943 0 7 12 0.030
921 0 10 10 0.030
697 12 16 63 0.029
682 -1 9 7 0.028
792 33 7 10 0.027
707 94 10 13 0.026
665 3 7 81 0.024
741 84 8 11 0.023
719 28 12 22 0.022
669 89 8 11 0.022
1010 3 9 18 0.021
964 70 10 11 0.021
991 58 12 19 0.020
745 1 18 7 0.019
741 89 9 11 0.019
746 -13 13 65 0.018
942 -29 16 95 0.018
1005 47 10 30 0.018
739 13 9 14 0.017
988 41 11 20 0.016
709 14 9 11 0.015
793 36 7 10 0.014
692 -6 17 19 0.014
671 91 8 13 0.013
869 28 8 11 0.013
968 -3 13 19 0.013
761 73 8 10 0.013
967 66 13 13 0.012
609 68 7 9 0.011
673 99 9 10 0.011
708 90 9 11 0.011
