38_Tennis_Tennis_38_535
62
505 470 24 32 0.858
862 324 22 28 0.850
369 406 23 29 0.840
192 341 20 25 0.835
172 276 20 27 0.832
714 317 21 29 0.830
321 382 24 29 0.825
460 421 24 33 0.825
205 431 23 29 0.823
778 307 21 28 0.819
656 464 21 26 0.819
762 427 22 28 0.819
466 264 22 29 0.818
578 304 24 32 0.818
241 286 19 25 0.817
432 447 24 33 0.815
375 451 23 27 0.814
133 455 24 29 0.812
288 462 22 28 0.808
641 313 21 27 0.808
515 422 22 31 0.807
45 448 24 30 0.807
138 411 23 30 0.804
478 316 22 29 0.801
647 423 20 26 0.801
596 423 20 28 0.795
551 467 23 27 0.791
507 317 22 27 0.782
231 320 22 27 0.774
145 305 22 30 0.772
356 312 20 27 0.770
897 488 24 28 0.764
816 471 23 29 0.760
709 417 20 28 0.752
396 320 21 25 0.745
435 414 21 27 0.737
419 314 22 29 0.713
289 291 20 26 0.686
328 450 23 27 0.522
363 515 26 31 0.372
672 404 19 24 0.211
648 414 33 31 0.088
434 410 20 88 0.088
563 415 21 30 0.078
197 321 18 21 0.042
498 419 18 25 0.032
244 309 26 35 0.025
375 293 20 22 0.021
294 296 19 25 0.020
253 318 18 23 0.019
358 295 18 20 0.018
358 291 33 23 0.016
440 295 18 22 0.014
350 306 18 26 0.014
336 586 27 21 0.014
128 273 20 24 0.014
366 505 25 29 0.012
158 311 21 26 0.012
518 417 55 37 0.012
603 289 17 23 0.012
379 319 20 25 0.011
612 391 20 22 0.011
