0_Parade_Parade_0_688
104
534 461 18 22 0.818
453 533 27 29 0.792
882 523 14 18 0.790
566 543 17 21 0.762
6 584 13 16 0.747
276 526 25 28 0.713
450 505 19 22 0.709
944 529 10 13 0.660
844 570 14 19 0.655
808 526 17 23 0.630
216 539 16 25 0.603
308 513 14 23 0.558
967 512 9 12 0.515
537 591 17 24 0.462
69 577 10 12 0.421
840 531 12 13 0.339
452 510 23 33 0.339
53 555 9 10 0.302
813 529 17 20 0.290
774 537 8 10 0.280
733 479 14 25 0.252
24 563 9 11 0.231
835 531 15 15 0.228
208 543 16 23 0.219
909 532 9 11 0.208
1013 532 8 10 0.202
2 568 11 13 0.197
910 534 9 12 0.189
541 566 16 25 0.173
273 523 19 24 0.170
783 546 10 12 0.145
28 554 9 16 0.126
745 538 12 17 0.122
34 588 9 14 0.120
751 541 12 15 0.117
190 516 7 8 0.115
205 553 14 19 0.100
1002 547 10 15 0.099
32 551 7 8 0.094
985 597 11 13 0.093
918 539 8 11 0.079
741 536 11 16 0.077
33 597 12 15 0.069
239 536 13 19 0.065
1010 531 9 11 0.062
34 461 5 6 0.062
868 534 12 15 0.062
40 575 10 17 0.058
229 537 15 22 0.057
365 530 10 13 0.052
54 550 13 18 0.052
25 562 9 21 0.050
45 548 17 19 0.048
861 530 11 13 0.046
785 534 15 19 0.045
54 600 12 14 0.044
30 551 8 16 0.043
41 573 9 11 0.042
202 549 14 17 0.041
977 593 12 14 0.041
969 514 9 12 0.041
914 531 9 11 0.040
847 542 10 12 0.040
990 531 9 11 0.038
-1 570 39 45 0.036
1003 552 9 12 0.034
967 725 20 37 0.033
252 537 19 19 0.031
743 527 14 18 0.030
73 579 11 15 0.030
119 520 14 19 0.029
43 575 12 12 0.026
26 526 10 89 0.026
772 534 13 16 0.026
9 750 62 18 0.026
957 540 9 12 0.026
979 596 13 14 0.024
299 519 19 28 0.023
274 520 13 16 0.022
290 522 22 27 0.022
999 538 13 24 0.021
989 598 10 13 0.021
726 480 17 24 0.021
71 582 11 14 0.021
199 555 17 21 0.020
23 555 9 11 0.019
32 451 7 25 0.019
749 525 12 15 0.019
738 517 39 57 0.018
191 513 9 9 0.017
1004 517 19 53 0.016
260 536 17 20 0.016
739 527 12 15 0.015
66 543 9 14 0.015
54 590 12 22 0.015
750 546 15 14 0.015
778 534 13 26 0.014
76 535 7 8 0.014
780 542 10 14 0.013
36 603 13 15 0.012
360 533 14 17 0.011
173 519 8 11 0.011
116 524 14 18 0.011
24 549 12 49 0.011
