0_Parade_Parade_0_288
51
506 210 14 17 0.744
494 169 13 17 0.714
422 216 12 15 0.702
751 330 13 18 0.656
297 391 12 17 0.636
696 343 13 16 0.612
591 339 15 18 0.601
459 198 12 15 0.552
660 357 10 13 0.327
400 190 15 17 0.234
648 366 11 14 0.233
648 362 10 13 0.159
649 361 15 15 0.144
656 358 12 14 0.130
778 411 12 15 0.129
661 353 11 15 0.109
783 384 13 16 0.106
749 337 14 17 0.077
405 193 18 18 0.064
699 346 13 15 0.046
627 359 11 14 0.043
462 199 14 17 0.043
539 395 12 15 0.043
779 382 13 51 0.038
748 324 14 20 0.038
699 334 13 16 0.033
630 354 12 20 0.032
228 410 6 8 0.031
959 331 12 15 0.031
935 340 8 9 0.027
704 407 11 14 0.025
355 367 10 13 0.024
345 225 16 20 0.023
294 393 11 16 0.019
404 187 16 18 0.019
473 216 12 17 0.017
591 345 16 17 0.016
567 329 13 16 0.016
776 414 11 15 0.016
522 260 14 19 0.016
792 398 11 14 0.015
547 358 15 21 0.015
410 219 12 14 0.015
508 359 16 21 0.014
629 356 9 12 0.013
342 384 11 14 0.012
794 404 12 14 0.012
688 348 13 15 0.011
772 409 13 16 0.011
520 253 13 18 0.011
647 344 13 24 0.010
