0_Parade_marchingband_1_765
254
368 369 19 23 0.874
726 383 18 21 0.874
307 369 18 25 0.872
194 372 18 23 0.870
429 374 18 22 0.869
554 377 17 23 0.864
249 369 17 23 0.862
537 252 13 16 0.860
493 367 18 23 0.859
362 230 13 16 0.854
605 243 14 17 0.854
769 293 14 17 0.853
630 200 10 13 0.852
113 299 17 22 0.851
312 248 12 17 0.850
541 208 11 14 0.849
151 381 19 21 0.847
453 340 16 23 0.845
745 252 12 15 0.843
611 382 17 22 0.843
845 372 17 22 0.841
442 234 12 15 0.840
405 309 15 20 0.840
316 306 17 18 0.839
623 347 15 19 0.838
329 172 10 13 0.835
649 317 15 18 0.835
786 273 13 17 0.833
664 380 17 20 0.832
739 162 9 11 0.832
457 289 15 18 0.832
857 356 15 18 0.832
692 351 15 19 0.830
688 296 14 18 0.829
351 342 16 22 0.829
512 171 9 12 0.828
486 190 10 12 0.828
538 348 16 20 0.828
502 314 14 18 0.827
834 202 12 16 0.827
691 200 11 15 0.824
202 221 13 17 0.824
584 314 14 18 0.824
727 313 15 17 0.824
88 323 20 25 0.823
664 211 11 15 0.822
287 289 13 19 0.822
504 233 11 15 0.821
803 252 11 15 0.821
641 234 11 13 0.819
466 250 12 16 0.819
674 248 12 15 0.819
256 343 17 20 0.819
421 190 10 13 0.816
715 271 12 17 0.816
833 298 14 17 0.816
500 264 13 17 0.815
806 323 14 18 0.815
369 163 9 11 0.813
505 204 10 12 0.812
872 247 12 15 0.812
549 165 9 11 0.811
606 210 10 13 0.811
723 214 11 13 0.811
577 268 13 17 0.811
766 353 14 16 0.811
232 198 13 17 0.810
397 244 13 15 0.810
413 213 11 15 0.809
912 291 15 17 0.807
704 231 12 15 0.805
647 267 13 17 0.804
421 269 13 16 0.802
758 190 10 13 0.802
615 295 13 17 0.802
458 174 9 12 0.800
368 290 14 19 0.798
225 317 15 19 0.797
599 165 9 11 0.795
764 231 10 12 0.795
541 188 10 12 0.794
848 225 12 15 0.793
541 296 14 17 0.792
398 173 9 12 0.791
784 383 17 19 0.791
905 383 18 21 0.790
717 155 9 10 0.790
345 151 9 12 0.787
383 205 10 12 0.787
567 202 10 13 0.787
780 221 11 14 0.784
569 234 11 14 0.784
251 267 14 19 0.781
745 204 11 12 0.778
677 156 9 10 0.778
350 184 11 14 0.777
893 268 12 16 0.773
475 213 11 14 0.771
340 265 13 16 0.771
802 157 11 13 0.767
436 164 9 11 0.763
172 256 14 19 0.763
704 166 9 11 0.762
284 233 13 15 0.761
139 274 15 18 0.761
659 165 8 11 0.756
600 190 10 12 0.756
653 189 10 12 0.753
448 203 10 12 0.753
261 174 10 13 0.752
309 203 11 14 0.748
274 162 9 12 0.739
332 218 10 14 0.739
824 180 10 14 0.722
299 143 9 12 0.720
522 146 9 11 0.706
569 173 10 12 0.704
245 185 11 16 0.690
571 151 9 11 0.684
790 150 9 11 0.684
407 150 9 11 0.677
309 130 10 12 0.675
462 148 9 11 0.669
489 163 9 11 0.660
731 182 9 11 0.650
773 128 8 10 0.646
283 150 10 13 0.642
627 154 9 10 0.630
683 183 8 10 0.573
628 178 10 12 0.528
713 192 9 11 0.479
780 138 9 13 0.405
775 131 9 11 0.331
894 272 15 19 0.306
315 150 9 11 0.291
276 154 12 16 0.289
538 183 8 12 0.279
414 204 11 27 0.273
281 155 10 14 0.256
642 230 11 30 0.244
783 318 11 14 0.230
233 272 13 16 0.216
251 177 16 17 0.213
499 200 15 15 0.211
255 170 12 28 0.210
163 258 23 21 0.210
470 155 10 12 0.210
574 152 9 12 0.194
367 183 10 13 0.194
304 165 9 12 0.192
631 176 11 11 0.182
780 373 17 23 0.177
306 161 10 13 0.174
593 301 35 17 0.166
762 226 31 14 0.158
286 146 17 14 0.152
688 171 9 11 0.151
301 139 9 13 0.145
292 238 39 18 0.143
806 184 10 13 0.136
841 199 13 38 0.136
300 135 11 28 0.134
355 121 11 12 0.123
501 225 11 78 0.115
382 197 10 26 0.112
317 214 26 15 0.111
353 123 9 11 0.109
707 233 13 15 0.108
473 157 10 16 0.107
536 173 9 12 0.104
323 162 10 22 0.101
569 200 10 64 0.094
281 126 14 61 0.086
758 147 9 90 0.084
235 194 15 19 0.078
280 202 12 14 0.078
637 167 9 12 0.077
604 161 9 86 0.075
540 180 9 18 0.075
770 155 11 12 0.075
774 152 21 13 0.074
503 223 11 30 0.072
462 238 10 94 0.067
686 173 9 12 0.067
656 188 10 13 0.065
249 175 13 28 0.063
474 210 11 13 0.058
771 286 17 39 0.056
647 232 11 67 0.054
863 228 10 12 0.052
345 173 15 24 0.052
458 162 10 27 0.049
600 126 6 101 0.047
784 114 14 69 0.043
509 205 11 12 0.042
699 231 13 16 0.040
705 129 13 82 0.040
741 179 26 51 0.039
588 166 12 13 0.039
167 322 16 21 0.037
852 216 35 56 0.037
439 164 11 13 0.036
626 173 11 23 0.036
735 160 9 12 0.035
700 320 12 16 0.035
741 204 11 14 0.035
530 161 10 15 0.033
435 132 18 82 0.031
187 242 11 14 0.031
735 183 11 13 0.030
630 147 8 102 0.030
353 119 9 11 0.030
380 210 12 15 0.029
298 169 10 13 0.027
701 177 12 106 0.027
622 163 10 15 0.024
701 138 8 10 0.023
643 194 36 68 0.023
268 205 14 14 0.022
347 297 12 15 0.022
423 172 10 21 0.021
364 124 8 12 0.020
844 265 13 18 0.020
618 180 13 17 0.019
570 118 7 109 0.017
431 166 31 18 0.017
400 169 16 17 0.017
587 227 11 13 0.016
252 232 12 15 0.016
780 148 14 28 0.016
572 231 12 16 0.015
504 164 9 116 0.015
635 157 11 12 0.015
284 146 10 13 0.014
656 118 7 117 0.014
433 180 13 13 0.013
453 145 10 12 0.013
730 149 10 67 0.013
723 236 11 13 0.013
544 146 7 113 0.012
789 269 14 20 0.012
766 160 10 12 0.012
486 156 11 18 0.012
463 245 12 19 0.012
612 193 10 14 0.012
361 294 15 18 0.011
589 231 13 15 0.011
460 118 7 115 0.011
570 146 9 13 0.010
360 173 12 22 0.010
307 129 9 12 0.010
232 277 14 17 0.010
587 169 10 14 0.010
348 125 11 28 0.010
