0_Parade_Parade_0_286
137
958 556 65 82 0.827
625 613 99 86 0.770
532 545 19 23 0.758
898 521 23 32 0.700
586 563 20 24 0.690
588 330 7 8 0.569
583 527 12 14 0.547
513 330 7 8 0.541
448 525 16 24 0.499
453 528 15 23 0.451
945 504 11 13 0.449
82 524 17 20 0.421
351 510 14 18 0.412
564 517 8 11 0.403
961 497 12 14 0.384
612 516 9 11 0.372
513 537 13 16 0.349
796 172 6 8 0.343
576 343 7 9 0.335
625 506 8 10 0.246
498 332 7 9 0.238
828 175 7 8 0.238
521 509 7 10 0.225
942 502 24 13 0.216
652 510 8 10 0.163
245 523 13 15 0.151
856 166 5 6 0.144
621 528 11 15 0.136
458 529 14 23 0.135
902 516 20 25 0.133
613 513 11 12 0.126
513 536 20 23 0.125
543 158 8 11 0.116
589 520 11 19 0.115
695 166 7 9 0.112
594 516 7 8 0.103
543 523 11 14 0.099
79 551 23 30 0.095
610 495 7 9 0.094
619 520 11 23 0.094
798 173 6 7 0.084
474 551 14 22 0.077
498 335 7 10 0.069
924 184 6 7 0.066
974 510 13 16 0.064
471 540 14 22 0.060
696 168 7 9 0.059
693 494 16 24 0.058
459 536 26 24 0.056
592 346 7 10 0.053
349 505 13 17 0.053
211 575 12 18 0.052
576 348 7 9 0.051
697 165 6 8 0.050
966 181 6 9 0.043
994 517 12 17 0.041
610 490 7 23 0.041
471 502 11 19 0.039
350 516 12 16 0.039
560 510 33 35 0.035
960 504 16 16 0.034
232 551 13 15 0.032
944 547 32 40 0.032
618 531 12 17 0.031
949 499 14 16 0.030
465 530 12 19 0.030
540 514 15 24 0.030
894 515 33 46 0.030
612 516 11 16 0.030
943 518 23 62 0.029
516 529 15 20 0.028
507 419 9 11 0.028
944 552 22 25 0.027
692 169 8 10 0.027
643 505 37 17 0.027
602 550 17 28 0.027
891 183 7 7 0.027
472 324 6 9 0.025
594 341 6 9 0.025
469 544 15 25 0.025
631 498 30 35 0.025
854 164 7 12 0.024
978 513 18 16 0.023
472 323 9 13 0.023
490 522 12 17 0.023
597 521 13 20 0.022
689 499 10 14 0.020
477 541 12 19 0.020
593 350 7 8 0.020
624 494 9 24 0.020
605 553 12 18 0.019
495 516 12 16 0.018
520 336 7 10 0.018
467 323 7 8 0.018
622 531 12 17 0.017
631 525 12 16 0.017
612 170 8 10 0.017
213 571 14 23 0.016
578 502 9 16 0.016
100 544 19 19 0.016
108 541 12 17 0.016
84 509 16 21 0.016
150 330 8 8 0.016
995 513 16 25 0.016
474 325 6 7 0.015
998 484 12 15 0.015
242 526 12 15 0.015
945 532 21 26 0.015
342 512 12 17 0.015
537 515 9 10 0.015
500 342 8 9 0.014
464 515 12 19 0.014
607 560 11 18 0.014
578 502 8 10 0.014
230 556 14 15 0.013
473 559 14 21 0.013
549 540 15 20 0.013
692 164 7 9 0.013
474 326 9 16 0.012
324 498 11 14 0.012
945 527 18 22 0.012
977 502 13 20 0.012
108 547 12 17 0.012
354 503 13 18 0.012
947 186 8 9 0.012
591 354 7 8 0.011
88 504 10 12 0.011
587 333 9 18 0.011
931 531 20 21 0.011
330 498 10 12 0.011
1 551 26 67 0.011
518 333 8 10 0.010
659 510 10 14 0.010
553 503 11 21 0.010
539 508 11 20 0.010
603 539 14 25 0.010
693 504 13 15 0.010
