0_Parade_Parade_0_205
33
260 297 78 99 0.833
667 329 37 50 0.748
595 331 21 34 0.691
811 314 29 37 0.628
729 352 16 25 0.354
957 401 18 24 0.145
730 344 15 23 0.068
810 317 20 28 0.050
593 1 9 6 0.045
822 320 21 28 0.038
334 187 52 68 0.037
895 334 10 17 0.025
1012 541 12 36 0.022
724 340 18 27 0.021
866 357 14 18 0.021
816 328 21 28 0.019
870 357 19 19 0.017
1001 82 8 11 0.015
953 395 19 24 0.015
1002 82 10 17 0.013
844 279 8 10 0.013
867 351 32 26 0.012
869 353 14 16 0.012
474 221 11 14 0.012
851 320 14 19 0.012
876 362 16 16 0.011
683 6 12 16 0.011
729 337 15 24 0.011
698 339 18 28 0.011
720 272 16 19 0.011
591 264 16 21 0.011
841 312 24 38 0.010
586 343 20 25 0.010
