0_Parade_Parade_0_266
162
955 339 25 31 0.776
29 419 14 17 0.684
693 360 56 82 0.624
906 446 17 22 0.580
50 336 12 17 0.493
126 405 12 15 0.451
165 336 11 14 0.428
859 572 21 38 0.368
994 324 19 23 0.321
0 422 8 16 0.306
70 331 12 16 0.306
891 714 27 52 0.286
150 400 11 13 0.223
650 389 68 81 0.223
178 419 9 12 0.210
141 342 11 13 0.207
210 327 8 12 0.207
1000 407 23 47 0.203
953 311 9 12 0.195
26 335 9 12 0.191
93 344 10 14 0.154
126 329 11 13 0.152
115 403 14 17 0.135
123 331 12 16 0.133
664 371 77 92 0.129
135 340 15 15 0.120
47 334 36 15 0.117
7 329 12 16 0.116
164 340 11 14 0.104
72 341 12 15 0.097
194 347 10 12 0.095
120 339 11 17 0.092
78 432 13 16 0.079
44 420 11 16 0.078
197 344 10 13 0.077
957 310 12 14 0.076
12 425 12 15 0.072
864 320 8 11 0.070
456 283 18 24 0.069
84 326 12 14 0.068
36 418 14 19 0.067
994 332 19 22 0.061
4 327 10 17 0.059
13 332 17 15 0.059
276 328 7 9 0.058
224 340 9 11 0.057
368 359 14 17 0.056
166 329 11 13 0.047
264 438 11 14 0.047
898 331 7 9 0.047
216 384 10 12 0.045
23 449 13 15 0.045
863 325 7 8 0.043
195 342 10 12 0.042
89 324 11 13 0.040
96 396 11 14 0.040
12 335 10 13 0.039
130 321 25 46 0.039
276 332 8 9 0.039
912 488 14 22 0.038
231 423 9 11 0.037
176 329 11 13 0.037
92 332 11 27 0.037
1001 320 18 27 0.036
146 419 11 14 0.035
240 436 12 14 0.034
999 338 17 25 0.034
191 345 10 13 0.033
895 306 11 18 0.033
895 432 18 23 0.030
304 333 10 11 0.030
338 375 12 14 0.030
228 425 10 11 0.030
896 326 8 18 0.029
234 420 8 12 0.028
139 398 16 24 0.028
71 327 28 17 0.027
120 302 15 76 0.027
88 409 11 14 0.027
157 388 33 57 0.027
898 318 8 27 0.027
215 447 11 12 0.027
898 306 8 10 0.025
876 345 7 9 0.025
172 418 11 12 0.025
874 342 7 10 0.025
921 511 17 26 0.024
217 328 15 25 0.023
937 346 9 13 0.023
92 404 13 17 0.023
201 441 8 10 0.023
126 336 30 18 0.022
937 492 23 35 0.022
892 307 10 18 0.022
923 500 23 33 0.022
998 307 13 16 0.022
221 442 11 14 0.021
942 393 16 29 0.021
901 330 8 10 0.020
142 326 12 14 0.020
1009 312 16 29 0.020
897 728 31 39 0.020
960 307 9 10 0.020
289 323 10 8 0.019
73 348 11 15 0.019
74 434 13 15 0.019
225 318 8 11 0.018
154 318 9 10 0.018
763 320 9 11 0.018
990 311 19 29 0.018
154 319 10 15 0.018
319 332 8 8 0.017
636 406 67 80 0.017
997 305 11 12 0.017
933 303 9 10 0.017
857 584 17 26 0.016
283 322 14 11 0.016
118 346 13 17 0.016
47 425 12 16 0.015
265 305 8 10 0.015
199 176 8 9 0.015
86 414 13 16 0.015
919 493 16 24 0.015
306 336 9 10 0.014
237 400 8 12 0.014
151 436 11 13 0.014
235 425 11 14 0.014
287 368 7 9 0.013
830 306 7 7 0.013
130 376 13 14 0.013
286 319 8 9 0.013
338 335 7 9 0.013
901 394 14 19 0.013
896 403 17 55 0.013
96 395 8 11 0.013
824 340 10 8 0.013
890 426 18 20 0.013
123 373 18 16 0.013
110 317 15 20 0.013
1008 311 14 17 0.012
244 439 9 11 0.012
6 333 10 16 0.012
139 379 10 13 0.012
473 361 15 19 0.012
867 348 9 9 0.012
120 371 15 16 0.012
418 295 23 24 0.011
936 340 8 14 0.011
885 309 11 28 0.011
942 487 20 28 0.011
827 306 7 8 0.011
108 316 9 12 0.011
909 472 42 58 0.011
839 315 12 25 0.011
863 317 8 22 0.010
72 438 13 16 0.010
999 414 19 29 0.010
228 402 11 56 0.010
938 394 15 24 0.010
863 305 8 9 0.010
913 303 10 12 0.010
871 340 11 20 0.010
