0_Parade_marchingband_1_329
61
510 427 19 24 0.875
448 416 20 25 0.870
836 326 20 23 0.868
632 427 20 26 0.859
328 387 19 20 0.857
572 422 19 26 0.849
137 313 20 27 0.840
565 337 18 21 0.839
897 335 22 26 0.832
714 375 20 22 0.828
639 309 18 21 0.828
478 315 17 20 0.817
757 391 18 21 0.816
413 320 16 17 0.813
332 322 16 18 0.812
179 393 21 22 0.808
390 382 19 20 0.802
252 384 19 23 0.802
291 319 17 19 0.800
192 313 20 23 0.795
212 340 20 22 0.789
571 306 17 18 0.783
80 299 20 22 0.778
785 352 17 18 0.773
372 325 17 20 0.770
159 328 17 20 0.761
523 318 17 19 0.761
707 333 17 19 0.752
748 343 16 17 0.752
659 334 18 20 0.748
590 318 15 16 0.735
797 402 18 19 0.698
684 332 15 17 0.648
610 313 18 21 0.628
541 325 16 16 0.530
765 335 15 17 0.386
336 357 16 18 0.367
531 323 20 17 0.333
290 358 14 16 0.201
443 323 14 17 0.199
464 326 14 16 0.093
470 320 18 19 0.093
321 355 39 20 0.092
577 311 34 22 0.071
506 335 14 15 0.062
744 341 51 21 0.061
301 423 16 36 0.052
301 446 16 20 0.045
744 332 17 28 0.032
302 421 16 23 0.031
346 357 17 21 0.022
685 326 16 19 0.022
328 324 16 19 0.022
338 359 20 21 0.020
400 327 15 19 0.020
289 352 16 18 0.016
354 359 15 19 0.015
277 315 12 16 0.014
284 380 14 18 0.012
283 322 17 19 0.011
796 407 17 19 0.010
