0_Parade_Parade_0_639
103
714 81 25 30 0.849
340 210 32 40 0.835
977 529 47 106 0.831
635 577 48 66 0.829
592 102 27 32 0.822
516 165 25 29 0.766
950 423 15 21 0.704
805 442 14 19 0.673
438 272 27 33 0.659
273 200 29 35 0.641
882 429 15 18 0.624
824 437 12 15 0.603
938 409 11 14 0.582
263 252 34 39 0.577
965 405 10 13 0.541
968 477 33 51 0.489
903 411 11 13 0.465
702 447 11 14 0.314
982 419 9 13 0.286
923 412 10 10 0.259
928 432 13 16 0.247
985 408 9 12 0.225
751 449 11 12 0.224
687 0 26 16 0.219
908 412 10 12 0.202
887 548 38 88 0.177
426 285 23 26 0.169
734 444 10 13 0.154
808 438 32 17 0.134
685 452 15 16 0.133
744 448 20 13 0.108
933 442 14 18 0.104
837 428 10 12 0.101
902 412 21 11 0.091
975 405 18 18 0.087
830 435 14 18 0.076
991 396 6 7 0.072
909 437 11 13 0.069
936 446 12 17 0.069
784 429 7 8 0.065
289 231 24 26 0.062
988 398 9 24 0.061
999 404 12 14 0.057
881 426 14 16 0.054
21 21 8 9 0.050
280 229 29 34 0.050
777 446 9 11 0.049
1012 404 10 22 0.049
967 405 15 11 0.049
1003 423 13 15 0.048
985 376 10 82 0.046
983 413 11 15 0.046
839 425 11 14 0.045
925 373 5 7 0.045
964 407 32 11 0.044
921 254 7 10 0.042
955 405 17 37 0.041
999 426 13 14 0.038
827 442 13 16 0.037
1009 417 12 22 0.037
823 430 13 15 0.036
926 436 13 16 0.034
525 278 24 32 0.031
996 394 15 26 0.030
291 215 46 47 0.030
732 449 11 13 0.030
739 443 12 13 0.029
747 451 11 11 0.028
978 429 11 16 0.028
448 272 23 29 0.027
840 430 9 12 0.027
1013 405 10 13 0.027
533 207 23 26 0.027
882 434 17 18 0.024
309 201 28 29 0.024
539 203 21 24 0.022
996 421 23 16 0.022
891 537 28 70 0.020
982 425 11 18 0.020
752 440 11 25 0.018
865 460 13 17 0.016
999 392 22 37 0.016
808 427 10 12 0.015
683 -1 22 15 0.015
988 489 33 70 0.015
682 446 11 12 0.014
735 438 10 13 0.013
403 265 23 31 0.013
836 447 11 13 0.013
280 214 24 29 0.013
704 742 65 27 0.013
572 735 69 34 0.012
794 76 14 19 0.012
902 555 35 85 0.012
675 451 11 13 0.012
778 425 12 15 0.011
316 206 15 18 0.011
969 490 40 83 0.011
956 537 41 77 0.011
873 410 15 14 0.010
606 147 18 21 0.010
987 438 14 17 0.010
723 445 14 15 0.010
