0_Parade_Parade_0_850
93
484 299 24 30 0.832
249 316 20 25 0.826
73 321 16 18 0.809
942 288 26 33 0.792
364 312 22 27 0.786
189 318 15 18 0.781
747 304 26 29 0.779
125 319 16 19 0.777
835 294 29 41 0.776
33 320 15 18 0.750
153 316 19 21 0.749
990 330 11 15 0.733
543 336 12 14 0.702
622 290 31 37 0.689
49 325 13 15 0.594
408 327 7 8 0.558
859 336 15 18 0.533
429 329 6 8 0.530
12 341 12 14 0.412
661 163 7 10 0.395
271 315 12 17 0.376
228 321 13 19 0.355
4 327 10 13 0.236
782 165 7 8 0.234
514 330 8 10 0.208
977 152 9 11 0.198
712 164 7 8 0.158
880 334 10 13 0.123
661 160 7 10 0.099
270 321 12 15 0.099
681 338 7 8 0.096
691 188 11 14 0.089
874 333 15 16 0.081
418 327 19 9 0.080
42 322 55 20 0.067
786 165 6 9 0.064
165 319 16 19 0.063
394 327 16 18 0.063
854 333 15 21 0.056
612 293 28 34 0.054
0 311 7 16 0.049
390 329 12 15 0.048
394 331 8 10 0.048
85 326 14 15 0.047
90 304 16 15 0.046
512 329 12 15 0.044
508 328 13 15 0.042
83 318 19 21 0.042
495 308 20 24 0.042
403 347 8 9 0.041
644 165 6 9 0.036
846 335 13 18 0.035
61 324 17 16 0.033
194 319 15 18 0.030
401 344 9 12 0.026
541 306 8 8 0.025
757 310 19 24 0.025
381 301 10 13 0.022
97 304 11 12 0.021
700 155 7 12 0.021
15 342 16 16 0.021
978 145 9 12 0.020
603 299 20 25 0.020
787 159 6 9 0.020
708 159 9 10 0.019
764 257 18 19 0.018
836 330 16 21 0.018
228 316 14 17 0.018
105 334 16 18 0.018
44 307 12 16 0.018
270 307 12 18 0.017
240 320 19 21 0.017
36 311 15 19 0.017
681 336 11 11 0.017
1017 344 8 16 0.017
518 325 7 10 0.017
994 329 12 16 0.016
880 327 13 16 0.016
536 305 7 10 0.015
756 171 7 9 0.014
29 314 16 18 0.013
527 375 8 11 0.013
3 308 10 15 0.012
374 315 19 24 0.011
695 158 10 10 0.011
537 303 12 15 0.011
515 328 15 21 0.011
677 138 7 8 0.011
676 135 8 14 0.010
203 327 15 16 0.010
532 305 8 8 0.010
274 325 12 16 0.010
868 341 19 15 0.010
