0_Parade_marchingband_1_359
131
734 118 54 58 0.880
166 169 37 44 0.813
608 188 18 23 0.811
481 193 15 19 0.806
864 150 24 27 0.789
909 119 22 28 0.785
310 194 13 17 0.784
1008 118 16 28 0.758
411 191 17 21 0.736
507 193 10 14 0.717
0 213 15 21 0.624
286 211 12 13 0.532
143 204 15 18 0.506
362 198 10 13 0.450
966 135 10 12 0.431
269 198 11 13 0.382
538 196 8 10 0.374
245 198 13 17 0.368
55 208 17 18 0.331
675 196 6 7 0.312
644 194 8 8 0.266
273 221 10 11 0.180
666 190 6 7 0.163
451 209 9 11 0.159
665 192 11 8 0.157
388 211 11 13 0.142
692 182 7 11 0.139
385 213 11 13 0.134
533 197 11 10 0.132
566 194 9 10 0.131
147 205 17 20 0.127
48 213 16 21 0.125
67 173 17 20 0.117
830 173 9 10 0.115
576 199 8 10 0.096
451 202 10 14 0.095
238 191 11 15 0.085
559 201 9 10 0.085
377 215 11 13 0.084
691 181 7 9 0.083
669 184 10 25 0.078
240 195 13 21 0.073
567 195 16 11 0.067
357 198 11 14 0.066
573 196 9 11 0.065
275 194 10 13 0.065
382 216 11 12 0.059
972 128 10 15 0.058
845 155 8 10 0.058
670 193 15 10 0.056
378 213 21 13 0.055
592 195 10 11 0.053
807 172 8 10 0.047
653 191 19 14 0.047
364 202 10 13 0.047
558 197 12 11 0.041
564 190 14 23 0.040
121 206 11 13 0.039
278 216 13 13 0.038
453 195 10 12 0.038
453 196 15 22 0.038
639 193 22 10 0.037
976 122 10 14 0.036
276 195 18 15 0.034
829 169 10 19 0.032
563 209 13 13 0.032
645 192 29 8 0.031
441 207 15 13 0.031
690 193 10 11 0.030
208 184 14 20 0.030
493 181 11 13 0.030
203 184 17 26 0.030
666 210 10 10 0.030
211 186 18 23 0.029
200 193 15 23 0.029
968 134 12 17 0.028
209 189 18 35 0.027
203 201 15 18 0.027
959 163 9 12 0.027
568 214 10 12 0.027
688 175 8 32 0.026
592 206 9 12 0.026
11 220 16 21 0.025
641 192 8 11 0.024
525 197 22 9 0.023
828 179 12 13 0.022
851 133 8 14 0.022
128 201 19 18 0.021
250 194 15 16 0.021
456 194 14 13 0.020
111 203 26 18 0.020
393 205 10 14 0.020
1010 125 14 31 0.020
635 190 17 17 0.018
118 193 18 26 0.018
155 208 14 17 0.018
803 171 13 12 0.018
660 209 10 11 0.017
566 218 10 10 0.017
392 201 16 16 0.017
974 123 10 21 0.017
557 206 9 10 0.017
963 138 11 26 0.017
675 207 12 11 0.017
853 134 10 14 0.017
113 209 15 15 0.016
527 204 8 10 0.016
292 217 13 13 0.015
652 190 14 24 0.015
446 209 12 12 0.014
299 200 14 18 0.014
146 216 15 18 0.014
683 185 10 24 0.014
590 191 12 25 0.013
842 150 13 17 0.013
337 200 12 15 0.013
955 136 10 12 0.012
822 181 12 12 0.012
228 205 13 19 0.012
75 177 16 20 0.012
256 203 15 15 0.012
75 208 16 15 0.012
127 174 16 17 0.012
833 133 10 11 0.011
641 205 11 11 0.011
216 216 15 16 0.011
105 207 16 17 0.010
214 210 16 18 0.010
846 116 8 10 0.010
14 227 14 18 0.010
821 162 11 21 0.010
