0_Parade_Parade_0_68
411
501 420 14 16 0.673
583 366 10 11 0.658
312 450 15 17 0.632
456 391 12 15 0.617
732 367 9 12 0.594
525 367 11 14 0.593
713 389 11 12 0.569
571 386 12 13 0.517
796 450 12 14 0.499
654 378 10 12 0.495
635 387 11 12 0.484
274 396 12 13 0.477
713 422 11 13 0.425
499 463 14 17 0.414
154 335 7 9 0.405
85 358 10 12 0.401
410 421 14 15 0.368
309 412 13 15 0.351
412 303 9 12 0.348
180 373 11 13 0.333
751 327 8 10 0.327
801 388 10 12 0.319
403 398 12 14 0.308
548 315 8 10 0.308
849 327 7 8 0.301
642 429 12 13 0.294
153 357 9 12 0.289
254 332 9 11 0.288
253 353 10 13 0.280
803 390 10 12 0.275
661 314 9 10 0.268
882 405 9 10 0.249
448 361 9 11 0.249
323 363 9 11 0.244
869 392 10 11 0.243
227 359 10 12 0.238
752 278 6 7 0.233
151 392 13 16 0.221
252 345 10 23 0.217
289 367 10 12 0.213
118 344 10 11 0.210
415 377 10 13 0.210
672 342 8 11 0.208
797 385 10 12 0.199
800 317 9 11 0.192
356 299 11 14 0.183
516 396 11 13 0.182
364 265 9 12 0.180
181 352 9 11 0.178
595 405 11 13 0.171
718 309 8 8 0.170
507 373 9 11 0.170
863 388 10 9 0.168
86 388 13 16 0.166
290 345 8 11 0.163
744 297 7 8 0.159
852 395 9 11 0.157
116 373 11 13 0.153
577 296 7 10 0.138
648 357 9 11 0.129
223 334 8 10 0.124
215 403 11 13 0.121
583 265 6 9 0.118
402 364 11 13 0.116
798 292 7 10 0.115
873 441 12 14 0.112
343 368 10 12 0.111
353 405 12 14 0.110
872 370 9 10 0.110
633 382 33 14 0.110
868 395 19 14 0.108
401 440 18 20 0.103
406 381 12 57 0.102
781 420 18 13 0.100
186 368 11 14 0.099
593 402 10 13 0.096
393 439 18 21 0.096
428 289 7 10 0.094
412 374 11 23 0.094
81 386 13 15 0.093
855 391 14 13 0.090
573 369 20 27 0.089
803 389 15 17 0.089
796 353 10 12 0.089
349 388 12 15 0.088
714 305 9 14 0.087
713 365 20 49 0.086
416 278 9 13 0.084
779 420 10 12 0.082
844 279 6 8 0.080
85 180 10 13 0.077
858 391 23 13 0.076
383 360 10 12 0.075
547 268 7 9 0.075
418 268 9 13 0.074
255 327 8 56 0.073
798 288 7 17 0.073
331 411 13 15 0.072
610 402 12 14 0.072
235 382 11 15 0.071
359 276 11 13 0.071
117 283 6 8 0.069
270 221 5 8 0.068
357 291 12 24 0.068
449 438 14 16 0.066
513 266 7 10 0.066
324 340 9 10 0.064
344 391 11 13 0.064
185 360 10 13 0.064
505 369 10 13 0.063
726 311 8 8 0.063
353 387 13 16 0.063
508 284 8 10 0.062
495 392 11 14 0.061
235 386 11 16 0.061
251 392 11 15 0.060
366 274 10 12 0.060
535 408 12 14 0.060
357 280 9 11 0.059
878 386 10 62 0.058
554 416 12 15 0.056
556 411 11 14 0.056
813 430 12 13 0.056
258 369 13 15 0.056
352 381 13 39 0.055
797 281 7 13 0.055
357 384 12 15 0.054
618 271 7 8 0.054
180 373 13 25 0.054
545 290 10 12 0.053
670 338 9 16 0.053
706 317 7 9 0.053
419 441 16 21 0.052
504 366 10 31 0.052
306 410 10 14 0.052
357 294 10 13 0.052
791 385 10 12 0.051
315 411 15 16 0.051
197 234 8 9 0.050
173 357 12 13 0.050
829 319 7 8 0.050
508 279 9 19 0.049
799 280 6 9 0.048
816 428 10 12 0.048
330 366 20 12 0.048
624 272 7 9 0.047
793 418 14 14 0.047
787 351 9 11 0.047
88 182 14 14 0.047
617 312 7 9 0.045
501 453 15 21 0.045
262 371 13 15 0.045
626 276 7 11 0.045
112 282 7 9 0.044
499 394 12 15 0.044
581 271 6 21 0.043
494 457 16 19 0.043
122 284 7 8 0.043
632 306 8 9 0.042
93 391 11 14 0.042
505 441 15 17 0.042
150 402 12 13 0.042
547 291 12 13 0.042
154 316 7 81 0.041
390 379 10 13 0.041
664 282 7 8 0.041
278 377 13 18 0.041
810 393 9 11 0.041
451 394 13 15 0.040
453 337 9 84 0.040
522 405 14 17 0.040
714 429 12 15 0.039
408 370 11 13 0.039
851 384 21 25 0.039
158 391 12 14 0.039
795 282 7 8 0.039
793 426 13 15 0.039
337 364 19 19 0.038
508 352 8 12 0.038
366 293 10 12 0.038
94 180 10 13 0.037
188 392 13 15 0.037
118 378 12 15 0.036
310 155 8 11 0.036
875 417 9 12 0.036
417 271 10 25 0.036
869 368 9 12 0.036
113 371 11 14 0.035
359 265 9 11 0.035
847 299 8 10 0.035
500 406 14 22 0.035
592 408 12 12 0.035
797 415 12 13 0.034
589 383 22 49 0.034
581 278 7 10 0.034
523 414 14 17 0.034
237 401 13 15 0.034
577 284 8 35 0.034
243 389 16 20 0.034
492 384 11 14 0.034
90 394 11 15 0.034
119 337 10 19 0.034
798 292 9 23 0.034
597 398 12 16 0.034
298 385 12 14 0.034
420 439 30 18 0.033
795 292 7 10 0.033
714 299 9 28 0.033
800 278 6 7 0.033
365 380 11 14 0.033
464 271 9 12 0.033
536 383 11 13 0.032
17 309 7 9 0.032
795 400 12 97 0.032
295 501 15 21 0.032
186 234 7 8 0.032
241 373 11 15 0.032
417 431 16 19 0.032
474 261 8 9 0.031
217 237 6 8 0.031
678 317 8 10 0.031
79 379 12 16 0.031
461 279 8 10 0.030
387 363 29 14 0.030
751 287 8 22 0.030
318 364 10 12 0.030
757 303 8 12 0.030
444 365 11 13 0.029
472 259 9 17 0.029
253 395 12 14 0.029
238 378 12 20 0.029
104 376 15 15 0.029
272 376 15 21 0.028
0 209 7 14 0.028
96 345 11 13 0.028
545 280 8 20 0.027
666 279 7 7 0.027
718 299 9 27 0.027
176 355 14 12 0.027
786 474 12 14 0.027
664 390 11 13 0.027
333 370 12 14 0.027
737 414 10 12 0.026
394 477 15 17 0.026
381 440 15 20 0.026
465 298 9 12 0.026
255 375 13 22 0.025
589 387 12 13 0.025
737 405 11 17 0.025
303 415 15 16 0.025
459 372 12 14 0.025
511 296 12 11 0.025
79 389 12 15 0.025
569 427 15 17 0.025
754 311 9 23 0.024
184 376 12 24 0.024
301 381 12 17 0.024
145 375 13 14 0.024
463 272 10 21 0.023
95 184 11 13 0.023
143 368 11 14 0.023
374 439 14 19 0.023
646 353 9 11 0.023
750 277 7 22 0.023
534 406 29 23 0.023
797 357 12 16 0.023
104 346 16 13 0.022
855 475 12 13 0.022
798 279 6 7 0.022
787 479 11 14 0.022
424 441 14 17 0.021
180 331 9 21 0.021
658 344 20 22 0.021
735 392 12 35 0.021
510 285 12 22 0.021
320 328 14 85 0.021
837 310 9 10 0.021
321 481 17 20 0.021
307 419 15 18 0.021
357 167 8 9 0.021
578 266 7 60 0.021
265 211 11 23 0.020
224 343 9 13 0.020
790 376 14 73 0.020
187 231 7 9 0.020
624 287 10 18 0.020
665 280 7 9 0.020
433 420 15 18 0.020
614 308 7 9 0.020
119 384 12 15 0.020
846 294 8 17 0.020
58 218 11 12 0.020
661 386 16 27 0.019
718 403 13 20 0.019
467 275 12 18 0.019
706 320 10 10 0.019
340 411 14 16 0.019
107 306 6 10 0.019
501 308 9 11 0.019
117 311 10 91 0.019
638 429 12 14 0.019
551 426 12 15 0.019
630 303 9 15 0.019
181 329 8 8 0.019
784 388 11 12 0.019
627 307 10 12 0.018
410 446 19 21 0.018
319 379 12 16 0.018
75 382 10 14 0.018
341 364 22 78 0.018
463 301 10 12 0.018
260 355 10 14 0.018
178 330 10 11 0.017
317 360 11 13 0.017
581 406 13 15 0.017
714 436 13 15 0.017
545 300 10 19 0.017
422 468 17 20 0.017
703 297 7 10 0.017
401 440 31 22 0.017
728 394 13 16 0.017
465 287 10 22 0.017
735 411 12 22 0.016
857 396 13 15 0.016
301 387 14 16 0.016
478 174 6 7 0.016
420 263 9 10 0.016
699 395 11 13 0.016
110 283 18 8 0.016
470 392 16 15 0.016
663 282 10 12 0.016
437 387 14 16 0.016
866 441 12 14 0.015
858 472 13 15 0.015
230 338 11 75 0.015
191 396 11 14 0.015
812 427 11 23 0.015
132 367 15 20 0.015
759 307 8 9 0.015
362 401 14 18 0.015
715 369 9 12 0.015
90 291 7 18 0.014
574 412 15 19 0.014
283 420 13 16 0.014
519 405 28 18 0.014
554 406 21 41 0.014
468 384 12 15 0.014
659 320 10 11 0.014
731 413 14 13 0.014
573 301 10 11 0.014
662 289 8 10 0.014
107 310 7 9 0.014
582 293 10 14 0.014
621 285 9 18 0.014
126 285 9 8 0.013
439 379 12 21 0.013
621 264 10 29 0.013
779 410 12 22 0.013
659 385 13 18 0.013
547 272 8 27 0.013
702 397 14 21 0.013
369 366 13 17 0.013
229 358 23 85 0.013
376 432 16 20 0.013
875 436 11 15 0.013
90 299 6 8 0.013
850 421 10 13 0.013
271 334 16 115 0.013
183 354 11 16 0.013
754 273 8 18 0.012
234 371 14 38 0.012
644 357 12 19 0.012
419 388 13 19 0.012
850 323 7 9 0.012
643 419 12 15 0.012
229 230 7 9 0.012
806 402 13 22 0.012
390 331 10 12 0.012
289 228 6 7 0.012
107 376 22 16 0.012
416 263 9 11 0.012
697 402 13 18 0.012
617 266 11 24 0.011
678 320 11 13 0.011
227 381 11 15 0.011
216 222 10 29 0.011
89 173 10 11 0.011
351 380 16 21 0.011
172 373 15 24 0.011
714 291 10 25 0.011
505 432 15 17 0.011
703 298 11 52 0.011
620 411 13 20 0.011
357 163 9 20 0.011
128 394 13 15 0.011
851 425 11 13 0.011
519 316 9 11 0.011
578 280 7 9 0.011
738 391 12 20 0.011
857 412 16 23 0.011
464 267 10 47 0.011
867 417 13 14 0.010
791 305 8 13 0.010
501 397 12 40 0.010
229 231 9 13 0.010
351 336 16 96 0.010
713 277 11 19 0.010
567 324 9 10 0.010
81 177 12 14 0.010
153 336 12 105 0.010
516 293 9 12 0.010
