0_Parade_marchingband_1_881
68
97 241 10 14 0.743
141 258 13 16 0.721
227 215 10 12 0.706
537 285 10 12 0.699
51 235 12 15 0.692
638 160 18 35 0.676
239 263 11 14 0.659
279 207 10 11 0.636
185 213 11 13 0.618
719 178 21 38 0.617
333 158 20 35 0.607
936 272 8 10 0.593
78 217 9 11 0.565
568 205 10 13 0.563
1001 260 10 12 0.540
893 195 16 25 0.510
23 219 8 10 0.460
772 213 8 9 0.433
963 260 10 12 0.374
797 217 8 10 0.343
8 218 10 13 0.273
10 217 13 12 0.260
937 222 11 14 0.171
193 297 13 15 0.148
980 260 8 10 0.136
965 260 16 12 0.116
225 300 9 11 0.093
884 192 21 30 0.078
960 267 13 10 0.046
564 214 10 12 0.045
216 298 19 15 0.037
984 275 9 11 0.035
977 251 9 11 0.035
190 294 11 14 0.034
959 259 11 14 0.033
224 303 10 13 0.031
941 225 10 13 0.031
562 216 9 13 0.030
18 217 12 14 0.028
875 196 18 25 0.028
196 303 12 15 0.027
933 220 11 14 0.027
928 249 38 52 0.026
982 263 12 17 0.025
964 253 11 13 0.025
373 230 11 12 0.025
1000 265 9 11 0.024
990 216 24 99 0.023
979 272 17 11 0.021
568 210 10 13 0.020
277 208 9 12 0.020
797 221 8 9 0.019
798 219 9 22 0.016
977 274 12 11 0.016
552 286 11 12 0.016
556 226 9 10 0.014
376 229 11 12 0.013
1004 262 11 13 0.012
98 244 12 14 0.012
192 292 12 13 0.012
798 238 8 10 0.012
162 213 11 13 0.012
712 182 19 26 0.012
240 271 11 13 0.011
340 168 15 28 0.011
768 214 8 11 0.011
546 281 14 19 0.010
962 273 11 11 0.010
