0_Parade_marchingband_1_104
84
315 254 34 38 0.827
452 265 25 30 0.824
738 230 16 22 0.774
125 253 17 19 0.754
238 246 15 18 0.743
34 253 14 16 0.739
353 235 12 14 0.729
149 243 13 16 0.722
835 229 12 15 0.707
1003 219 16 22 0.699
575 253 15 23 0.693
967 232 9 11 0.640
103 240 12 15 0.587
503 226 8 10 0.520
410 242 10 12 0.484
281 234 12 14 0.461
602 227 10 12 0.425
546 246 10 12 0.312
896 236 10 12 0.286
415 255 10 11 0.277
194 245 11 12 0.244
23 237 11 14 0.234
68 247 11 14 0.211
348 233 11 15 0.202
58 260 12 13 0.186
61 255 12 14 0.171
341 225 10 13 0.133
907 238 11 11 0.128
938 232 10 12 0.125
188 243 15 13 0.118
180 243 12 13 0.113
913 239 9 10 0.100
56 255 13 16 0.086
275 229 11 14 0.068
926 232 24 13 0.059
250 235 10 13 0.058
360 215 9 12 0.056
418 257 11 11 0.053
219 244 11 14 0.052
459 242 10 14 0.051
281 239 12 14 0.050
496 228 10 12 0.049
341 215 8 11 0.049
941 233 12 13 0.042
172 241 17 17 0.042
614 231 8 10 0.041
484 235 8 9 0.041
912 241 8 9 0.039
454 232 8 11 0.037
64 259 14 16 0.035
405 244 11 14 0.033
890 234 10 12 0.030
344 207 19 58 0.030
253 234 11 13 0.027
544 242 17 13 0.026
928 222 11 13 0.026
457 228 8 11 0.024
563 235 11 11 0.024
413 242 9 11 0.022
4 267 13 18 0.021
1018 178 6 15 0.021
71 245 12 14 0.020
458 229 9 24 0.020
538 229 7 9 0.020
85 277 11 14 0.019
859 234 9 11 0.019
334 215 17 26 0.018
267 226 21 23 0.018
479 237 12 16 0.018
452 234 15 22 0.017
453 243 16 16 0.017
898 240 8 11 0.016
483 232 8 10 0.016
339 229 11 14 0.015
927 218 8 10 0.014
214 247 17 13 0.012
566 211 6 8 0.012
232 244 16 18 0.012
334 230 15 17 0.012
239 238 18 17 0.012
68 241 11 14 0.011
831 226 12 15 0.011
279 268 11 13 0.010
610 230 11 13 0.010
