0_Parade_Parade_0_218
124
739 385 36 41 0.853
928 622 9 13 0.694
943 611 9 13 0.599
918 546 9 11 0.545
1015 535 8 11 0.517
856 526 14 22 0.504
816 639 10 14 0.501
966 547 9 11 0.493
143 561 10 13 0.477
1009 602 11 13 0.393
870 497 7 9 0.297
992 559 9 10 0.284
876 629 11 15 0.282
944 540 9 12 0.231
1 604 8 14 0.223
920 582 9 12 0.223
99 563 9 11 0.222
238 611 12 15 0.188
952 547 12 16 0.158
200 665 13 16 0.152
926 559 8 10 0.148
962 552 10 10 0.122
923 557 10 11 0.120
113 567 9 11 0.105
877 541 9 10 0.093
89 551 8 10 0.091
957 547 20 12 0.085
241 595 10 13 0.084
150 551 9 12 0.083
940 611 9 12 0.083
33 573 8 11 0.080
38 557 10 11 0.079
837 495 10 13 0.078
814 634 11 14 0.077
16 567 7 9 0.077
346 135 308 262 0.077
871 535 12 15 0.075
323 537 9 11 0.063
115 548 9 12 0.059
113 560 9 20 0.058
955 552 8 11 0.057
329 511 6 8 0.056
890 552 12 11 0.056
1 609 9 15 0.055
810 640 12 16 0.054
957 552 10 11 0.052
893 555 11 10 0.047
940 541 12 17 0.047
971 542 10 13 0.047
2 576 9 61 0.046
883 549 15 12 0.046
115 545 10 21 0.046
915 580 10 12 0.045
861 485 13 67 0.044
271 578 10 17 0.042
875 554 8 10 0.042
51 571 8 10 0.041
679 508 7 9 0.041
828 336 7 10 0.039
181 671 12 13 0.038
841 494 11 13 0.037
865 532 12 16 0.036
910 643 8 11 0.034
86 588 8 10 0.033
128 554 11 13 0.028
839 492 10 12 0.027
254 604 10 12 0.027
31 560 15 22 0.026
974 612 11 18 0.026
323 531 9 24 0.026
253 597 14 20 0.025
296 584 9 11 0.025
349 186 285 351 0.025
2 598 8 13 0.024
970 533 10 33 0.024
272 581 13 22 0.023
240 589 11 23 0.023
847 528 15 20 0.023
239 570 12 89 0.023
66 552 9 16 0.023
1010 533 10 16 0.023
916 553 9 15 0.023
873 536 13 28 0.022
39 553 9 11 0.021
50 562 9 20 0.021
862 537 12 18 0.021
836 499 11 14 0.021
967 609 10 12 0.021
62 550 11 14 0.020
903 579 11 11 0.020
297 574 9 20 0.019
978 536 10 12 0.018
9 569 11 11 0.017
900 581 11 11 0.017
33 546 12 57 0.017
874 519 19 65 0.016
271 635 9 11 0.016
333 658 15 18 0.016
805 640 9 12 0.016
887 553 12 17 0.016
90 570 10 27 0.016
1 615 9 13 0.015
1004 604 12 12 0.015
976 534 8 10 0.015
975 608 11 13 0.015
310 512 7 10 0.015
234 615 11 14 0.014
92 548 13 55 0.013
84 584 7 11 0.013
925 592 10 45 0.013
234 592 13 44 0.013
818 664 13 16 0.013
51 548 9 10 0.013
89 544 10 19 0.012
172 652 13 16 0.012
940 532 9 11 0.012
1016 207 8 22 0.012
3 601 9 13 0.011
943 534 10 11 0.011
3 570 11 14 0.011
275 650 12 15 0.011
962 608 11 13 0.011
975 618 11 14 0.010
41 548 10 10 0.010
