0_Parade_marchingband_1_78
810
784 69 7 9 0.740
654 360 9 10 0.699
596 146 7 9 0.697
587 343 7 9 0.690
678 254 8 10 0.688
601 115 7 9 0.684
567 255 9 10 0.682
13 243 9 11 0.679
654 192 7 9 0.675
824 108 7 8 0.671
915 172 7 8 0.671
864 98 7 8 0.667
510 129 6 8 0.665
745 114 7 8 0.658
425 174 7 10 0.656
831 233 7 9 0.654
963 271 8 9 0.652
909 55 7 8 0.650
941 105 8 8 0.648
725 134 7 9 0.644
1011 169 8 11 0.642
325 117 7 8 0.638
129 343 10 12 0.632
443 211 7 9 0.630
627 112 6 9 0.627
778 175 7 9 0.626
809 150 7 9 0.624
548 206 7 9 0.617
637 155 7 9 0.615
188 193 7 10 0.615
766 380 8 10 0.609
908 571 10 11 0.601
687 139 7 9 0.599
357 117 7 9 0.597
962 189 7 10 0.597
843 187 8 10 0.594
993 194 7 9 0.594
640 9 6 7 0.593
307 161 8 9 0.588
880 158 7 9 0.588
331 298 8 9 0.588
853 402 8 10 0.588
741 96 7 8 0.582
667 112 6 8 0.582
255 92 5 7 0.580
238 146 8 9 0.578
495 160 7 9 0.575
462 109 6 8 0.573
692 8 7 7 0.569
321 182 8 11 0.569
581 200 7 10 0.569
385 106 7 9 0.567
291 168 7 10 0.563
778 50 6 8 0.560
461 307 7 8 0.554
532 127 7 9 0.552
904 103 7 8 0.550
778 128 6 7 0.550
747 14 6 8 0.543
940 171 8 9 0.543
464 144 8 9 0.541
460 171 6 8 0.539
991 312 9 10 0.539
787 93 7 9 0.536
344 179 7 8 0.536
289 128 7 9 0.535
1003 143 8 10 0.535
855 498 9 11 0.535
729 160 8 9 0.532
919 216 8 9 0.532
586 22 6 7 0.530
511 187 7 9 0.524
721 12 6 8 0.521
470 82 7 8 0.521
966 89 7 10 0.519
895 205 7 9 0.519
526 39 7 8 0.517
403 134 7 9 0.517
681 92 7 8 0.515
847 120 7 10 0.513
696 468 10 12 0.511
647 137 7 9 0.506
544 180 8 8 0.506
484 218 7 8 0.506
974 153 8 10 0.504
944 248 7 10 0.504
575 175 6 8 0.501
512 215 7 9 0.501
562 94 7 8 0.499
677 24 6 7 0.497
767 141 7 9 0.495
705 268 7 9 0.493
665 12 6 8 0.490
497 13 7 7 0.490
723 285 7 9 0.488
441 96 6 7 0.486
264 170 8 10 0.486
913 306 9 10 0.486
368 168 8 11 0.484
752 596 11 14 0.483
605 9 5 9 0.482
410 104 7 8 0.482
975 111 7 8 0.482
699 592 11 14 0.481
91 104 6 8 0.479
163 205 8 10 0.477
214 197 8 9 0.477
169 121 6 7 0.475
883 313 8 10 0.468
852 56 7 8 0.466
328 153 7 10 0.464
840 149 7 10 0.464
559 65 6 8 0.460
911 84 7 9 0.455
1013 110 7 9 0.447
423 127 7 9 0.447
200 161 8 11 0.447
1010 529 11 13 0.447
487 135 7 9 0.444
217 156 7 8 0.440
49 442 11 14 0.440
653 27 7 8 0.438
617 55 7 9 0.436
929 199 7 9 0.433
945 151 7 9 0.431
813 121 7 8 0.427
574 121 7 9 0.427
697 193 8 9 0.427
1016 207 7 10 0.425
268 205 7 10 0.425
65 400 10 12 0.425
461 224 8 9 0.423
813 221 8 10 0.423
958 118 7 9 0.416
860 596 10 12 0.413
517 326 7 8 0.410
262 135 7 9 0.408
432 414 9 10 0.401
509 96 5 8 0.399
877 195 7 10 0.397
756 212 8 9 0.395
443 124 7 9 0.393
544 154 7 9 0.393
934 230 8 9 0.393
1007 291 7 9 0.391
952 218 7 9 0.386
251 271 9 11 0.384
112 232 8 11 0.378
234 186 8 10 0.376
181 242 9 11 0.372
977 634 10 13 0.370
133 317 9 12 0.370
861 40 6 8 0.365
676 168 8 9 0.365
710 51 7 8 0.364
812 185 7 8 0.361
345 154 8 9 0.357
371 376 7 10 0.357
363 142 8 9 0.355
555 130 7 8 0.349
450 144 7 9 0.347
702 25 6 8 0.345
909 124 7 11 0.343
560 44 6 8 0.337
851 79 7 9 0.331
880 132 8 9 0.325
54 191 8 10 0.322
975 567 7 10 0.322
978 223 8 9 0.318
1014 107 7 12 0.314
510 73 5 7 0.310
728 201 7 9 0.310
487 110 8 8 0.308
433 150 8 9 0.306
790 210 6 9 0.306
786 35 7 8 0.297
178 78 6 8 0.297
392 162 7 10 0.297
30 127 6 8 0.291
138 242 7 10 0.286
19 479 13 17 0.286
520 53 6 8 0.279
709 484 9 12 0.278
922 219 8 9 0.277
826 587 11 13 0.271
372 34 6 7 0.270
435 54 6 7 0.264
981 364 9 10 0.264
615 40 7 9 0.243
707 169 8 9 0.236
627 19 6 7 0.234
284 199 7 8 0.234
250 309 8 11 0.233
736 175 6 8 0.223
372 134 7 9 0.222
654 184 8 22 0.221
0 544 9 15 0.219
633 32 6 8 0.217
744 107 7 15 0.210
384 140 9 11 0.210
762 172 7 9 0.208
675 169 6 9 0.207
408 209 7 8 0.207
153 242 9 10 0.204
903 319 8 10 0.202
116 161 8 8 0.201
811 181 7 14 0.200
413 148 8 11 0.199
956 89 6 9 0.197
844 261 8 11 0.197
397 195 8 9 0.194
560 556 11 14 0.191
818 222 14 16 0.190
956 119 7 10 0.184
17 520 11 14 0.184
803 615 10 12 0.182
270 81 7 8 0.180
1004 125 6 9 0.180
470 193 8 10 0.179
678 84 9 15 0.178
976 151 8 10 0.176
705 118 7 9 0.171
636 9 9 10 0.166
24 475 13 17 0.165
905 200 7 9 0.164
596 136 8 32 0.161
1017 94 7 10 0.159
304 251 7 9 0.158
664 79 7 9 0.157
766 135 7 22 0.156
171 121 6 8 0.155
210 196 9 11 0.155
909 51 7 19 0.154
727 133 9 10 0.154
945 139 7 9 0.153
616 49 7 10 0.152
844 283 7 8 0.152
742 131 7 9 0.151
139 241 10 11 0.150
472 196 8 10 0.148
112 182 8 10 0.147
591 19 8 9 0.144
909 80 8 15 0.144
482 107 12 13 0.144
54 189 9 19 0.144
852 62 7 10 0.142
369 47 6 14 0.141
746 101 5 34 0.140
975 143 7 32 0.139
463 449 8 11 0.136
815 221 9 11 0.135
667 114 7 9 0.133
159 305 10 12 0.133
915 164 7 23 0.133
907 142 7 10 0.128
621 187 7 8 0.128
946 132 8 22 0.127
494 154 8 20 0.127
370 49 6 9 0.126
944 339 8 10 0.125
617 46 7 22 0.124
510 123 7 19 0.123
386 140 8 17 0.122
949 332 9 13 0.122
434 146 9 11 0.121
558 62 6 19 0.121
621 93 6 11 0.120
562 552 11 14 0.120
947 335 9 12 0.120
329 157 7 11 0.117
429 72 7 8 0.116
906 198 8 10 0.116
705 117 8 18 0.113
1004 120 9 20 0.113
538 472 8 10 0.112
649 480 8 10 0.112
293 167 9 11 0.111
265 156 8 38 0.110
189 193 9 15 0.110
852 55 7 14 0.109
908 137 8 11 0.108
945 147 7 22 0.108
430 477 8 9 0.106
181 221 8 48 0.106
719 11 6 9 0.105
869 149 7 9 0.105
493 106 7 18 0.104
271 63 6 8 0.104
946 137 7 9 0.103
18 507 10 26 0.103
365 146 7 10 0.102
902 77 7 10 0.101
683 88 7 10 0.101
57 210 9 12 0.101
558 160 8 11 0.100
984 84 7 9 0.098
561 159 7 9 0.096
367 135 14 9 0.096
70 227 8 11 0.095
319 177 10 14 0.094
407 210 7 9 0.093
589 39 6 9 0.091
976 143 8 11 0.087
1009 526 9 11 0.087
510 484 8 10 0.087
215 177 7 46 0.086
544 164 7 37 0.086
918 74 6 8 0.085
428 194 8 10 0.085
61 394 14 15 0.085
369 54 7 8 0.085
269 68 7 25 0.084
505 125 10 19 0.083
688 118 6 51 0.083
55 200 9 12 0.082
397 168 9 10 0.080
905 85 6 39 0.080
910 98 6 67 0.080
978 365 9 11 0.080
928 125 7 10 0.080
275 147 7 9 0.080
550 220 7 9 0.080
883 319 9 10 0.080
282 198 7 11 0.079
915 33 7 9 0.079
445 84 6 9 0.079
869 184 7 10 0.079
355 77 6 8 0.078
710 131 6 9 0.078
728 192 7 22 0.078
779 44 7 15 0.077
602 171 8 10 0.077
704 49 6 9 0.077
274 144 7 10 0.076
733 168 9 21 0.076
430 64 7 15 0.075
177 223 9 10 0.075
716 32 7 9 0.075
0 261 7 14 0.075
51 238 9 11 0.073
729 142 6 47 0.073
178 98 6 9 0.072
176 226 8 11 0.072
17 476 13 17 0.072
782 38 7 9 0.072
347 87 7 9 0.072
479 218 11 9 0.070
956 291 9 10 0.070
953 331 9 11 0.070
790 206 8 13 0.070
1009 287 8 12 0.070
702 20 9 21 0.069
326 147 8 11 0.069
909 109 7 27 0.069
417 224 7 9 0.069
625 104 9 25 0.068
710 488 10 13 0.068
404 399 7 10 0.068
561 153 7 14 0.067
869 187 8 10 0.067
701 588 11 13 0.067
331 295 9 11 0.067
269 75 7 9 0.066
239 190 9 17 0.066
547 179 7 55 0.065
353 78 6 9 0.065
1004 291 7 15 0.065
242 200 8 9 0.063
556 133 7 16 0.062
756 182 8 65 0.061
54 212 10 13 0.061
691 79 8 8 0.061
510 201 8 26 0.059
1012 344 7 12 0.059
81 379 11 14 0.058
200 213 8 10 0.058
976 569 9 11 0.058
178 75 7 16 0.058
219 175 16 43 0.058
373 231 8 10 0.057
48 404 19 71 0.057
918 216 10 12 0.057
720 9 6 7 0.057
133 175 8 10 0.057
369 57 6 9 0.056
113 156 12 15 0.056
204 165 8 10 0.055
30 468 10 14 0.055
619 53 8 15 0.054
961 269 8 11 0.054
620 50 8 10 0.053
370 35 7 11 0.053
414 151 8 21 0.052
253 93 6 8 0.052
326 119 8 12 0.052
943 212 7 74 0.052
123 169 9 11 0.052
782 141 9 10 0.051
774 47 8 11 0.051
975 110 7 17 0.051
874 189 14 20 0.051
491 110 7 9 0.050
44 438 12 15 0.050
665 9 7 7 0.050
811 175 8 16 0.049
177 223 8 22 0.049
115 158 10 26 0.049
605 3 7 27 0.049
264 110 7 10 0.049
499 188 7 9 0.049
937 259 8 10 0.049
556 557 11 13 0.049
588 32 7 19 0.049
263 139 7 9 0.049
941 61 7 89 0.048
695 165 11 14 0.048
940 296 9 11 0.048
925 124 7 10 0.048
305 141 21 45 0.048
348 80 7 23 0.047
504 320 8 9 0.047
635 133 8 54 0.047
112 33 5 7 0.047
52 241 9 12 0.047
268 209 8 10 0.046
488 480 8 10 0.046
984 352 10 19 0.045
726 92 6 85 0.045
794 124 7 9 0.045
348 91 7 14 0.045
986 349 8 11 0.045
808 113 13 80 0.045
781 39 7 14 0.045
1010 241 8 10 0.044
249 295 9 33 0.044
786 46 6 79 0.044
908 309 8 11 0.044
697 491 10 12 0.044
200 138 11 58 0.044
875 144 10 26 0.043
937 298 13 11 0.043
769 121 11 42 0.043
533 101 11 60 0.043
272 60 6 7 0.043
458 166 8 11 0.042
90 107 8 10 0.042
925 120 9 18 0.042
443 216 7 9 0.042
370 373 8 10 0.042
109 158 9 10 0.042
866 148 6 8 0.041
602 10 15 9 0.041
662 83 7 10 0.041
293 130 10 10 0.041
839 144 8 25 0.040
759 211 10 11 0.040
229 157 8 21 0.040
332 179 12 10 0.040
902 590 10 13 0.040
902 604 10 13 0.040
881 109 6 91 0.040
313 178 43 14 0.040
274 62 6 8 0.040
503 183 9 10 0.040
201 266 9 11 0.039
944 108 7 87 0.039
55 187 8 9 0.039
178 85 7 10 0.038
903 197 8 10 0.037
132 238 24 17 0.037
830 267 7 11 0.037
596 620 10 12 0.037
495 14 6 8 0.037
632 74 7 8 0.037
1006 632 10 12 0.037
114 148 7 63 0.037
305 130 8 9 0.037
906 240 8 10 0.037
551 223 7 9 0.036
90 245 10 11 0.036
423 116 7 20 0.036
-1 275 4 13 0.036
405 398 9 9 0.036
299 182 8 11 0.036
68 230 12 11 0.036
997 577 9 11 0.036
512 59 7 28 0.036
321 115 8 10 0.035
707 110 6 35 0.035
794 120 9 15 0.035
599 171 10 15 0.035
79 244 11 11 0.034
395 168 7 11 0.034
728 168 7 69 0.034
603 3 16 22 0.034
687 160 13 21 0.034
943 298 9 10 0.034
557 342 7 9 0.034
55 388 10 12 0.033
371 230 8 9 0.033
184 511 10 11 0.033
912 218 9 19 0.033
902 596 11 13 0.033
918 115 9 17 0.032
622 560 8 11 0.032
95 104 6 7 0.032
937 179 8 12 0.032
847 81 7 84 0.031
962 26 6 8 0.031
130 177 9 10 0.031
902 609 10 12 0.031
709 268 8 9 0.031
27 127 7 9 0.031
839 242 8 11 0.030
54 443 11 13 0.030
840 111 7 91 0.030
579 141 9 10 0.030
979 219 9 11 0.030
51 221 10 26 0.030
874 206 9 11 0.029
852 497 9 11 0.029
31 124 6 8 0.029
682 122 12 23 0.029
228 164 8 12 0.029
580 79 8 10 0.029
586 16 9 15 0.029
704 120 7 11 0.029
581 155 6 96 0.029
983 362 11 12 0.029
827 279 7 11 0.029
978 624 10 15 0.029
520 55 7 9 0.028
536 127 10 22 0.028
242 155 9 11 0.028
838 247 10 17 0.028
683 95 6 9 0.028
90 126 7 8 0.028
49 213 10 12 0.027
232 278 9 12 0.027
960 293 7 10 0.027
270 68 8 12 0.027
601 161 7 18 0.027
119 233 29 25 0.027
0 517 26 53 0.027
697 20 11 24 0.027
402 177 8 45 0.027
732 44 9 9 0.027
136 319 10 13 0.027
970 49 7 99 0.027
490 207 33 27 0.026
423 123 7 10 0.026
1009 292 9 10 0.026
844 238 7 68 0.026
167 118 6 8 0.026
566 558 10 13 0.026
682 254 8 10 0.026
960 156 19 80 0.026
626 136 9 25 0.026
841 141 9 21 0.025
864 142 7 17 0.025
786 217 7 9 0.025
723 391 7 8 0.025
349 84 8 11 0.025
632 70 7 10 0.025
395 161 9 23 0.025
218 246 9 11 0.025
172 488 9 11 0.025
50 200 10 12 0.025
959 273 9 18 0.025
1018 67 6 10 0.025
510 84 8 23 0.025
19 514 11 14 0.025
700 598 12 13 0.025
573 80 8 89 0.024
249 105 8 10 0.024
934 263 8 10 0.024
70 202 11 60 0.024
657 190 9 11 0.024
679 249 9 12 0.024
910 243 9 10 0.024
370 29 7 30 0.024
792 112 7 24 0.023
705 263 8 10 0.023
954 318 9 12 0.023
730 119 8 96 0.023
0 217 4 12 0.023
217 204 9 10 0.023
558 156 9 19 0.023
700 114 12 24 0.023
925 238 10 14 0.023
447 83 6 9 0.023
843 150 9 17 0.023
912 573 9 10 0.023
1 251 8 27 0.023
723 189 9 17 0.023
480 101 8 19 0.022
318 474 8 9 0.022
363 135 29 15 0.022
842 148 8 10 0.022
160 299 10 12 0.022
72 387 12 14 0.022
465 60 6 92 0.022
771 163 8 23 0.022
867 147 19 17 0.022
924 243 9 12 0.021
814 294 9 12 0.021
517 483 7 11 0.021
502 317 9 11 0.021
125 174 15 10 0.021
203 269 9 10 0.021
498 8 7 8 0.021
377 232 8 9 0.021
1009 627 10 15 0.021
840 220 8 75 0.020
175 291 9 10 0.020
688 169 21 8 0.020
116 172 18 27 0.020
991 351 10 16 0.020
585 227 7 10 0.020
874 325 9 10 0.020
903 588 10 32 0.020
265 108 7 9 0.020
851 102 8 11 0.020
457 454 10 12 0.020
269 84 8 9 0.020
622 145 10 14 0.020
172 291 10 12 0.020
749 34 7 10 0.019
36 526 12 14 0.019
244 203 7 10 0.019
776 80 7 105 0.019
526 33 8 9 0.019
713 53 9 9 0.019
90 105 8 19 0.019
428 178 9 26 0.019
240 199 13 11 0.019
801 183 9 19 0.019
935 212 9 23 0.019
239 102 7 96 0.019
0 270 5 17 0.019
291 120 7 105 0.019
893 210 9 11 0.019
167 296 10 13 0.019
559 66 10 9 0.019
714 288 8 10 0.019
965 84 8 9 0.018
176 104 8 12 0.018
29 477 11 14 0.018
620 562 9 12 0.018
347 98 7 10 0.018
127 314 10 13 0.018
887 122 8 10 0.018
953 228 19 86 0.018
546 179 10 11 0.018
744 36 11 16 0.018
49 225 9 12 0.018
748 18 7 11 0.018
563 255 9 11 0.018
815 298 8 10 0.018
996 581 9 11 0.018
848 107 10 9 0.017
849 264 8 9 0.017
252 89 7 9 0.017
856 99 10 28 0.017
50 215 23 53 0.017
49 547 9 12 0.017
307 124 10 16 0.017
164 254 11 15 0.016
162 308 11 12 0.016
263 97 7 96 0.016
818 284 11 22 0.016
480 332 7 9 0.016
900 593 10 13 0.016
948 295 9 82 0.016
155 236 9 11 0.016
232 269 10 14 0.016
719 203 10 17 0.016
87 378 12 15 0.016
529 39 10 10 0.016
178 79 6 20 0.016
1004 623 15 31 0.015
785 64 8 10 0.015
902 322 8 11 0.015
685 163 22 14 0.015
376 378 7 9 0.015
3 545 11 14 0.015
618 172 12 38 0.015
429 472 8 12 0.015
606 79 14 21 0.015
592 92 14 111 0.015
515 321 7 9 0.015
1011 239 9 21 0.015
351 135 11 23 0.015
896 186 11 26 0.015
112 242 9 11 0.015
971 368 8 11 0.015
741 200 13 19 0.015
721 109 8 16 0.015
872 117 9 14 0.015
304 237 9 42 0.014
692 493 11 13 0.014
284 270 8 10 0.014
810 355 7 9 0.014
709 5 6 87 0.014
757 215 7 8 0.014
831 191 9 13 0.014
1011 334 8 14 0.014
919 72 7 9 0.014
485 65 7 8 0.014
652 156 9 17 0.014
602 193 11 10 0.014
401 220 11 10 0.014
997 361 11 11 0.014
840 245 8 11 0.014
429 479 9 11 0.014
579 80 10 21 0.014
397 141 11 28 0.014
445 209 9 11 0.014
810 191 10 10 0.014
591 467 8 10 0.014
87 384 10 13 0.014
501 318 6 8 0.014
629 169 10 11 0.014
165 264 9 11 0.014
976 332 9 15 0.014
961 273 8 12 0.014
487 65 7 8 0.014
867 178 8 11 0.014
805 222 9 12 0.013
430 59 7 27 0.013
77 212 12 16 0.013
704 189 15 25 0.013
970 374 9 11 0.013
505 485 9 10 0.013
904 235 13 20 0.013
763 384 8 10 0.013
653 140 9 25 0.013
188 251 11 17 0.013
319 499 9 10 0.013
55 393 11 16 0.013
289 89 7 110 0.013
357 179 10 10 0.013
79 373 12 17 0.013
1006 214 9 13 0.012
205 220 8 11 0.012
230 278 8 11 0.012
914 300 9 11 0.012
90 122 8 16 0.012
383 233 9 9 0.012
114 33 7 7 0.012
521 79 11 20 0.012
615 120 10 15 0.012
621 132 11 26 0.012
293 308 9 11 0.012
98 434 11 16 0.012
463 229 8 10 0.012
230 171 7 10 0.012
30 591 11 13 0.012
571 109 8 26 0.012
540 53 9 11 0.012
525 96 11 21 0.012
802 173 9 16 0.012
853 398 9 11 0.012
165 257 10 20 0.012
925 298 11 12 0.012
1016 422 8 17 0.012
667 60 14 94 0.012
270 178 12 18 0.012
321 333 11 11 0.012
763 377 9 19 0.012
745 27 11 24 0.011
834 175 8 21 0.011
866 181 8 10 0.011
43 532 11 18 0.011
787 106 8 27 0.011
905 221 10 23 0.011
65 406 10 13 0.011
772 173 11 10 0.011
525 105 13 30 0.011
686 193 10 20 0.011
167 137 6 9 0.011
603 179 13 24 0.011
765 144 8 11 0.011
517 323 7 9 0.011
462 132 11 98 0.011
988 133 15 26 0.011
465 114 9 26 0.011
17 243 10 11 0.011
636 196 9 19 0.011
932 128 18 94 0.011
641 205 10 10 0.011
983 313 10 12 0.011
28 522 15 16 0.011
461 303 8 8 0.011
871 329 7 10 0.011
513 100 11 27 0.011
317 496 11 10 0.011
600 620 11 13 0.011
236 474 9 11 0.011
656 362 9 11 0.011
350 62 7 68 0.011
177 81 6 42 0.010
344 116 6 117 0.010
950 83 8 9 0.010
210 252 11 14 0.010
503 315 7 8 0.010
95 425 14 22 0.010
764 379 7 10 0.010
512 481 9 10 0.010
566 549 10 12 0.010
