0_Parade_marchingband_1_517
26
203 169 47 58 0.870
453 220 46 55 0.855
703 217 38 48 0.837
51 136 48 56 0.823
913 269 36 43 0.805
398 237 24 32 0.676
563 280 22 29 0.303
378 248 23 31 0.204
871 298 12 16 0.091
383 242 35 43 0.090
549 300 18 23 0.080
554 293 19 26 0.065
377 257 27 40 0.065
983 292 32 38 0.052
547 303 15 22 0.049
558 278 19 26 0.041
577 285 18 25 0.040
292 215 17 28 0.039
339 264 13 17 0.037
827 306 20 21 0.021
571 291 19 22 0.019
592 280 18 24 0.018
552 263 21 30 0.014
428 252 25 29 0.010
338 259 12 15 0.010
1006 287 19 39 0.010
