0_Parade_Parade_0_470
38
932 271 60 69 0.902
465 144 54 69 0.892
901 176 60 66 0.891
620 140 56 72 0.883
148 173 74 94 0.881
418 202 63 88 0.881
471 332 71 94 0.880
699 232 65 84 0.876
838 232 51 68 0.876
779 229 58 73 0.874
37 163 82 102 0.870
599 249 74 94 0.868
122 469 85 111 0.861
316 369 79 110 0.860
533 186 64 85 0.856
297 235 64 85 0.855
327 158 57 82 0.854
218 171 65 86 0.847
850 175 49 62 0.843
761 171 18 27 0.806
0 154 30 45 0.785
798 182 28 30 0.258
269 171 37 62 0.207
818 187 19 26 0.123
811 181 20 31 0.092
804 174 24 31 0.076
826 191 14 23 0.045
1008 204 14 37 0.032
664 198 27 36 0.030
821 167 14 21 0.028
794 181 38 49 0.026
787 187 33 37 0.022
816 171 19 27 0.018
830 192 18 23 0.018
282 169 30 50 0.017
4 119 26 31 0.014
277 180 40 63 0.011
267 189 41 65 0.010
