0_Parade_Parade_0_502
39
710 367 30 38 0.817
464 403 30 40 0.813
859 364 21 30 0.801
0 331 30 41 0.774
529 362 21 27 0.764
91 492 24 30 0.730
431 387 26 30 0.713
402 363 23 27 0.702
568 368 19 22 0.681
284 382 23 32 0.664
941 383 19 32 0.621
345 393 13 17 0.525
1009 394 13 21 0.117
843 371 17 22 0.107
993 388 18 21 0.103
997 390 19 22 0.091
834 362 19 28 0.084
156 348 26 42 0.074
361 383 9 13 0.059
241 337 22 33 0.051
163 329 27 42 0.047
444 394 19 25 0.045
943 394 19 31 0.042
945 415 16 23 0.036
151 360 25 33 0.033
1013 397 11 20 0.032
827 357 17 21 0.029
934 370 21 35 0.026
821 363 19 23 0.022
946 389 20 28 0.020
944 421 12 18 0.018
294 374 17 21 0.017
456 391 20 30 0.015
946 425 13 17 0.015
294 381 16 24 0.015
415 370 26 32 0.011
948 349 17 20 0.011
162 317 22 37 0.011
657 363 6 10 0.011
