0_Parade_marchingband_1_629
100
609 371 12 15 0.822
508 367 13 15 0.803
426 361 10 13 0.799
561 369 11 14 0.795
109 374 13 15 0.784
392 361 10 14 0.775
35 377 11 14 0.761
793 352 11 14 0.758
463 358 11 14 0.747
953 394 16 23 0.745
636 327 10 12 0.742
429 321 9 11 0.734
139 359 11 15 0.732
324 357 11 13 0.727
233 365 12 15 0.723
2 350 9 12 0.717
577 322 10 13 0.711
54 335 10 13 0.703
358 361 9 12 0.695
293 354 9 11 0.644
405 327 9 9 0.640
495 332 8 11 0.636
861 387 11 17 0.619
651 376 10 16 0.614
791 377 10 14 0.611
862 354 10 13 0.603
714 396 10 18 0.552
713 335 7 10 0.521
826 342 7 9 0.501
790 407 12 20 0.483
511 391 10 14 0.455
532 324 7 9 0.453
775 340 7 9 0.433
561 326 10 11 0.410
740 335 7 8 0.399
288 385 10 14 0.365
164 389 7 8 0.318
537 336 9 11 0.239
721 354 9 11 0.194
791 371 9 46 0.189
319 358 10 12 0.183
484 334 8 10 0.180
744 375 12 17 0.175
574 351 10 11 0.126
865 336 7 10 0.124
721 348 10 19 0.119
730 342 8 10 0.100
550 355 8 10 0.092
532 318 11 24 0.087
480 334 9 11 0.072
736 359 8 11 0.071
487 351 10 15 0.070
421 360 46 15 0.065
286 382 10 14 0.063
839 320 5 7 0.060
714 309 9 66 0.051
361 362 10 12 0.046
726 341 12 14 0.045
481 337 9 12 0.042
506 390 11 15 0.037
787 400 12 21 0.036
856 385 11 17 0.036
428 301 7 110 0.034
270 385 10 13 0.033
855 354 11 14 0.032
70 382 8 11 0.032
638 360 9 12 0.032
504 393 10 15 0.031
775 327 7 10 0.030
788 340 16 23 0.030
794 406 14 20 0.030
863 346 9 14 0.027
488 306 33 61 0.025
481 331 8 11 0.025
741 363 11 24 0.023
797 347 12 12 0.023
532 321 7 9 0.023
144 361 11 13 0.020
564 378 12 18 0.020
70 380 13 15 0.019
131 365 10 12 0.019
151 384 9 11 0.019
164 374 9 16 0.018
540 320 7 9 0.017
711 392 9 16 0.016
576 345 12 17 0.016
419 346 9 12 0.015
740 380 12 15 0.015
153 374 12 17 0.015
494 360 11 14 0.015
568 395 8 12 0.014
863 322 8 23 0.014
735 308 28 66 0.013
157 385 11 17 0.013
492 355 11 14 0.013
289 387 13 14 0.012
738 330 7 10 0.012
960 395 15 21 0.011
607 368 12 15 0.011
128 367 10 13 0.010
