0_Parade_marchingband_1_746
50
140 80 34 43 0.861
744 87 32 41 0.856
371 89 30 39 0.842
544 86 35 46 0.836
814 94 32 43 0.828
298 74 28 36 0.818
763 47 29 38 0.816
423 80 29 39 0.791
628 112 26 34 0.778
1000 136 13 16 0.767
1002 179 13 17 0.762
598 88 31 38 0.753
956 160 13 17 0.737
170 69 23 32 0.730
963 183 14 16 0.725
1005 164 12 15 0.708
927 184 12 16 0.707
17 104 29 35 0.568
951 182 11 13 0.539
943 138 13 16 0.525
454 100 20 26 0.508
879 178 14 17 0.466
11 106 25 32 0.251
28 100 25 33 0.182
914 161 13 17 0.140
957 144 11 48 0.091
604 94 32 42 0.070
920 141 13 68 0.050
861 203 14 17 0.045
569 93 21 33 0.045
943 147 12 14 0.039
888 153 9 12 0.036
907 163 11 16 0.035
166 61 24 33 0.033
920 162 12 15 0.031
865 196 16 21 0.029
971 166 13 17 0.027
8 106 18 26 0.024
939 136 13 15 0.022
1005 118 9 111 0.021
885 175 13 18 0.020
584 105 21 27 0.018
595 92 22 31 0.017
674 174 11 13 0.017
860 198 13 18 0.017
924 164 11 14 0.015
875 172 13 17 0.014
1014 180 11 16 0.012
576 109 21 27 0.011
1015 213 10 17 0.010
