0_Parade_marchingband_1_759
31
367 22 51 64 0.884
171 4 49 61 0.879
138 151 49 56 0.876
495 139 48 64 0.872
304 19 46 59 0.867
630 119 58 75 0.858
568 137 59 74 0.846
340 127 44 56 0.845
7 35 37 47 0.845
135 46 51 65 0.839
53 43 38 46 0.822
87 18 38 51 0.821
409 130 50 60 0.819
226 17 29 44 0.724
64 28 47 53 0.188
0 25 12 36 0.158
27 11 35 36 0.156
39 20 45 47 0.101
68 1 23 29 0.088
132 0 35 9 0.065
47 1 48 30 0.058
319 175 28 40 0.043
35 0 25 14 0.035
146 -1 34 23 0.031
-2 15 19 33 0.026
122 0 44 17 0.020
23 4 31 36 0.017
66 5 30 41 0.015
36 19 31 41 0.015
213 1 21 30 0.014
219 2 24 33 0.010
