0_Parade_marchingband_1_620
115
911 325 31 35 0.834
799 411 32 40 0.827
440 241 21 26 0.810
659 338 29 32 0.787
819 250 22 26 0.773
842 350 27 29 0.766
193 177 19 20 0.763
954 234 18 19 0.762
903 216 19 22 0.733
256 200 17 19 0.733
117 273 22 27 0.732
768 339 26 29 0.729
858 203 19 20 0.729
761 209 17 19 0.715
605 240 23 23 0.710
1010 328 14 32 0.705
288 232 21 26 0.692
323 241 24 24 0.678
586 177 15 19 0.655
396 193 13 14 0.594
81 193 18 19 0.593
106 185 15 17 0.542
717 162 11 14 0.529
975 218 16 19 0.471
473 197 10 11 0.440
316 164 8 12 0.358
406 174 11 12 0.349
514 174 11 15 0.346
621 162 11 13 0.341
169 189 14 15 0.318
411 193 12 14 0.275
346 168 7 9 0.220
408 177 12 15 0.213
962 169 13 15 0.208
625 164 9 11 0.208
435 192 9 10 0.201
841 233 15 17 0.194
111 187 15 18 0.193
462 195 12 12 0.171
313 188 11 13 0.148
414 190 14 14 0.132
317 166 10 13 0.125
755 172 9 9 0.106
467 194 11 12 0.098
0 127 11 24 0.096
315 182 9 16 0.091
333 244 18 21 0.090
510 175 11 13 0.083
829 233 22 25 0.076
434 191 15 12 0.076
330 182 14 14 0.073
590 183 15 17 0.071
458 194 11 12 0.058
317 161 9 11 0.058
114 196 14 15 0.052
416 176 10 13 0.051
774 172 8 8 0.048
627 187 9 12 0.045
414 196 10 13 0.040
223 176 10 12 0.039
870 228 15 17 0.037
567 143 10 11 0.037
219 178 11 12 0.035
120 198 11 15 0.033
0 136 10 20 0.033
118 188 11 15 0.033
255 178 12 13 0.032
513 193 9 11 0.030
156 197 11 12 0.029
524 183 12 14 0.029
503 172 11 11 0.027
339 189 10 11 0.027
221 173 11 13 0.026
868 178 14 15 0.026
517 71 8 10 0.026
741 214 11 13 0.025
854 206 18 20 0.025
778 174 9 9 0.025
728 166 12 13 0.024
852 178 19 16 0.023
214 177 20 12 0.023
490 192 10 11 0.023
941 175 12 15 0.021
629 191 7 10 0.021
956 168 14 14 0.021
174 189 15 16 0.021
863 176 14 15 0.020
666 175 6 7 0.019
507 188 11 13 0.019
351 168 7 9 0.017
529 187 10 12 0.017
317 189 14 14 0.017
248 182 12 12 0.017
516 166 14 13 0.016
483 193 12 17 0.016
657 197 7 9 0.016
314 155 11 45 0.016
402 171 12 14 0.015
322 183 18 15 0.015
522 172 14 18 0.014
634 169 13 10 0.014
904 186 13 15 0.014
67 246 20 24 0.013
779 173 11 13 0.013
881 197 12 14 0.012
750 171 28 11 0.012
571 143 11 12 0.012
489 171 11 11 0.012
519 169 12 13 0.011
328 249 23 23 0.011
127 205 12 14 0.011
66 191 18 18 0.011
43 259 14 18 0.011
232 180 13 12 0.011
266 177 17 16 0.010
