0_Parade_Parade_0_102
186
58 545 17 20 0.803
525 540 20 25 0.797
423 539 19 24 0.788
934 440 24 30 0.759
184 536 19 23 0.758
661 527 22 24 0.748
330 545 17 20 0.709
495 521 17 20 0.709
740 538 18 22 0.706
82 540 16 20 0.697
863 540 20 23 0.695
805 441 26 31 0.663
267 531 17 22 0.661
594 525 20 23 0.615
293 526 11 12 0.567
12 534 9 10 0.528
380 544 12 16 0.475
221 530 12 13 0.473
549 541 17 21 0.460
612 528 13 16 0.401
364 539 11 12 0.397
514 525 16 19 0.382
137 529 8 11 0.378
374 524 10 10 0.368
715 531 12 15 0.288
398 516 7 9 0.275
408 508 7 9 0.275
29 526 8 10 0.247
47 533 11 13 0.246
132 530 10 11 0.225
959 492 21 30 0.204
361 487 7 9 0.182
637 540 12 14 0.169
438 517 11 14 0.146
693 529 17 18 0.141
307 533 11 12 0.135
765 526 23 28 0.131
0 515 7 12 0.117
329 529 14 16 0.110
440 515 10 12 0.107
126 531 8 10 0.104
964 490 19 25 0.093
115 551 10 13 0.088
555 539 17 19 0.084
648 543 13 14 0.079
565 523 8 9 0.077
394 533 9 11 0.073
296 543 9 13 0.072
687 528 36 19 0.071
350 496 7 9 0.070
480 449 7 9 0.070
126 531 20 9 0.066
721 523 15 21 0.065
561 525 11 12 0.064
12 523 8 10 0.062
941 446 23 27 0.060
586 526 22 21 0.059
4 515 12 24 0.057
364 513 18 51 0.056
64 520 9 11 0.055
417 521 15 15 0.055
669 525 22 23 0.055
321 528 20 24 0.055
1016 424 8 25 0.054
329 509 7 13 0.054
362 481 9 21 0.051
168 524 7 10 0.050
473 481 7 9 0.050
346 533 11 16 0.049
70 522 11 14 0.049
628 522 9 10 0.048
871 465 17 19 0.048
200 526 15 15 0.045
246 543 10 13 0.045
316 532 23 14 0.045
991 455 22 32 0.044
64 516 13 26 0.043
123 534 9 17 0.042
249 503 7 14 0.041
183 376 8 8 0.040
480 475 7 9 0.039
636 527 11 15 0.039
191 526 19 20 0.039
965 500 22 26 0.038
641 544 13 16 0.038
371 507 24 83 0.037
27 527 31 13 0.036
339 477 7 21 0.036
468 534 9 12 0.036
548 521 19 49 0.035
111 550 12 15 0.034
56 517 10 11 0.033
750 541 21 23 0.033
203 529 10 13 0.033
1011 465 14 30 0.033
534 534 22 26 0.032
619 520 19 23 0.030
839 506 19 22 0.030
636 544 11 13 0.029
573 535 18 18 0.029
339 470 8 24 0.028
359 466 8 52 0.028
689 521 12 13 0.028
448 455 7 13 0.028
1009 424 13 68 0.028
330 532 19 19 0.027
958 460 16 21 0.027
346 523 14 20 0.027
1018 466 6 31 0.027
392 473 7 9 0.027
221 509 8 9 0.026
366 526 15 23 0.025
366 526 9 29 0.025
402 505 10 20 0.025
334 474 7 7 0.025
773 530 24 28 0.024
868 517 15 17 0.024
414 520 14 19 0.024
43 522 10 10 0.023
325 494 9 27 0.023
514 518 13 19 0.022
250 506 7 8 0.022
512 467 8 10 0.022
37 520 21 28 0.021
569 541 14 18 0.021
46 527 15 17 0.021
673 524 29 21 0.021
219 532 31 16 0.020
752 522 23 27 0.020
400 508 14 10 0.020
607 526 20 23 0.020
376 546 13 15 0.020
326 499 6 8 0.020
471 473 13 21 0.020
390 473 7 8 0.018
631 532 51 24 0.018
562 544 18 19 0.017
220 504 9 28 0.017
981 463 21 26 0.017
100 518 7 10 0.016
466 523 12 22 0.016
468 477 12 22 0.015
441 517 13 13 0.015
107 556 9 12 0.015
470 482 8 10 0.015
94 640 12 15 0.015
760 539 20 24 0.015
977 500 18 23 0.015
302 541 12 12 0.014
476 520 18 20 0.014
865 520 16 20 0.014
741 516 22 28 0.014
40 520 34 49 0.014
374 528 14 22 0.014
870 542 17 21 0.014
744 512 19 22 0.013
390 491 8 9 0.013
961 456 46 48 0.013
512 472 7 10 0.013
679 538 14 18 0.013
134 528 12 15 0.013
387 544 14 16 0.013
459 471 7 18 0.013
37 524 16 9 0.013
267 497 8 9 0.012
465 470 12 24 0.012
0 514 19 29 0.012
575 515 20 30 0.012
339 484 8 11 0.012
21 497 38 71 0.012
443 450 10 15 0.011
877 463 17 20 0.011
462 518 11 17 0.011
374 472 8 8 0.011
954 500 21 29 0.011
479 520 12 15 0.011
713 527 19 24 0.011
566 514 38 47 0.011
422 507 16 26 0.011
529 527 13 16 0.011
292 545 13 16 0.011
286 540 17 16 0.010
4 489 40 99 0.010
1010 458 14 26 0.010
118 550 10 13 0.010
873 524 16 20 0.010
