0_Parade_Parade_0_917
28
650 126 28 33 0.742
135 258 16 19 0.504
151 237 8 10 0.423
47 284 7 8 0.277
940 290 35 36 0.202
23 329 9 11 0.182
283 256 10 12 0.180
63 405 19 23 0.103
314 258 10 12 0.100
158 253 10 13 0.096
82 290 5 8 0.080
146 235 14 16 0.046
1 322 9 17 0.037
12 319 9 11 0.028
537 296 11 11 0.021
283 251 11 13 0.021
136 265 14 16 0.020
12 316 8 10 0.020
293 257 13 12 0.019
436 351 16 24 0.018
200 250 12 19 0.016
195 244 14 23 0.015
150 232 9 13 0.015
1 251 7 9 0.013
79 290 6 8 0.013
80 280 14 29 0.013
344 269 13 13 0.012
64 398 19 22 0.011
