0_Parade_marchingband_1_439
274
132 567 36 58 0.740
916 491 31 46 0.632
946 408 11 14 0.594
4 463 11 22 0.543
311 468 18 32 0.499
0 428 11 14 0.470
74 461 14 20 0.429
12 441 10 15 0.368
1009 420 11 12 0.364
516 414 9 10 0.349
278 415 7 10 0.314
163 444 14 19 0.282
542 551 47 83 0.281
269 431 10 12 0.277
395 441 9 11 0.268
92 430 9 11 0.252
245 428 9 12 0.220
924 402 11 13 0.216
143 429 9 11 0.216
156 442 17 19 0.216
528 419 9 11 0.208
728 651 49 71 0.202
375 433 7 10 0.192
146 442 12 19 0.184
70 424 8 11 0.172
389 441 13 11 0.170
12 429 10 11 0.166
343 432 12 14 0.163
133 458 12 20 0.160
390 408 7 8 0.159
184 425 9 10 0.144
811 412 10 12 0.139
1010 413 11 24 0.138
449 417 10 10 0.133
882 420 12 16 0.133
51 441 10 13 0.127
27 429 8 10 0.126
979 432 11 14 0.125
884 409 10 13 0.116
435 420 7 11 0.112
613 428 11 14 0.110
390 422 10 12 0.108
206 425 10 11 0.108
94 432 9 11 0.107
162 433 14 37 0.106
514 411 14 18 0.104
349 413 8 10 0.100
1012 399 10 14 0.100
411 433 10 12 0.099
307 416 8 10 0.099
297 425 9 12 0.099
11 431 10 28 0.098
413 403 8 10 0.098
69 420 8 22 0.098
519 412 15 17 0.096
529 416 11 18 0.094
799 432 13 18 0.093
467 408 8 17 0.092
269 452 11 14 0.090
103 422 8 8 0.088
505 418 9 11 0.085
300 422 10 12 0.084
468 409 7 8 0.083
435 414 9 14 0.082
883 403 11 36 0.081
975 427 12 18 0.080
88 430 11 13 0.080
475 418 10 13 0.079
972 460 20 19 0.077
983 416 11 13 0.072
152 477 15 19 0.070
287 388 6 8 0.066
270 405 11 61 0.066
221 425 11 10 0.065
837 406 8 10 0.065
173 447 10 14 0.064
2 429 15 22 0.063
127 421 7 7 0.062
350 412 10 14 0.062
135 432 11 13 0.062
414 400 7 22 0.062
612 427 14 27 0.061
377 413 8 10 0.061
747 418 8 10 0.061
979 398 10 14 0.061
358 430 8 11 0.060
979 402 12 15 0.060
59 445 9 14 0.060
146 436 12 15 0.060
606 454 24 33 0.060
871 402 10 13 0.058
964 419 11 15 0.056
132 436 11 17 0.055
359 423 9 18 0.055
70 422 8 9 0.054
406 415 10 26 0.053
206 423 19 13 0.053
247 425 14 13 0.052
375 421 9 28 0.052
280 410 7 16 0.051
705 370 12 15 0.050
504 411 11 20 0.049
112 440 10 12 0.048
208 418 9 11 0.048
27 443 10 12 0.047
596 421 8 14 0.047
878 405 13 13 0.046
396 416 17 20 0.045
341 398 12 75 0.045
832 426 13 15 0.045
466 409 16 24 0.044
606 424 14 14 0.044
265 446 12 18 0.044
324 431 12 14 0.043
728 404 9 11 0.043
979 410 12 58 0.042
517 416 23 10 0.041
342 437 11 15 0.040
387 431 17 26 0.040
337 437 13 16 0.039
555 409 8 11 0.039
488 409 8 8 0.038
304 416 13 17 0.038
92 437 10 14 0.038
927 398 12 19 0.037
311 455 15 25 0.037
114 431 10 22 0.037
387 402 10 24 0.037
538 427 9 11 0.036
549 415 10 18 0.036
215 422 18 12 0.036
198 590 22 32 0.036
835 402 10 23 0.035
146 431 10 15 0.035
287 388 8 11 0.035
390 422 25 10 0.035
-1 402 23 72 0.035
50 437 10 14 0.034
163 416 8 9 0.034
836 406 15 13 0.034
950 406 17 22 0.033
38 444 14 12 0.033
122 421 8 8 0.032
725 402 9 10 0.032
494 420 18 13 0.031
51 425 18 43 0.031
896 330 11 12 0.030
57 528 24 42 0.030
315 464 15 24 0.030
134 438 19 40 0.030
169 420 10 16 0.029
147 477 14 19 0.029
473 409 9 9 0.029
63 415 17 31 0.029
337 419 12 26 0.028
482 416 13 18 0.028
596 417 8 12 0.028
250 441 10 16 0.027
345 413 11 31 0.027
390 397 7 35 0.027
978 397 12 27 0.027
90 421 8 9 0.027
511 370 12 97 0.027
833 430 14 16 0.026
979 463 18 18 0.026
265 455 13 18 0.026
273 429 12 17 0.026
884 429 15 18 0.026
852 404 11 14 0.026
194 427 11 10 0.026
177 447 13 16 0.026
978 413 11 32 0.026
969 457 14 17 0.025
36 482 25 23 0.025
435 425 8 11 0.025
745 412 9 18 0.025
829 420 12 14 0.025
455 416 26 12 0.024
120 415 12 23 0.024
306 410 8 22 0.024
183 421 8 10 0.024
552 404 10 25 0.024
434 422 9 19 0.024
619 430 9 12 0.024
77 449 13 21 0.024
1 532 21 54 0.023
110 443 11 14 0.022
52 428 9 13 0.022
393 405 16 29 0.022
203 413 28 31 0.022
833 416 10 28 0.022
543 419 14 20 0.022
1001 414 12 18 0.022
914 402 13 13 0.021
74 406 22 108 0.021
605 421 20 23 0.021
126 416 15 25 0.021
594 425 10 14 0.021
526 418 30 14 0.021
439 415 19 10 0.021
367 269 7 9 0.021
157 479 14 18 0.020
414 431 13 14 0.020
47 480 15 21 0.020
800 394 17 73 0.020
211 342 6 8 0.019
2 522 26 42 0.019
358 415 11 33 0.019
140 469 17 24 0.019
552 391 10 56 0.019
652 402 9 10 0.019
269 379 13 103 0.019
983 435 12 15 0.018
829 431 13 16 0.018
409 437 10 11 0.018
551 462 16 26 0.018
376 406 8 21 0.017
839 428 14 16 0.017
1009 421 11 20 0.017
845 404 12 13 0.017
528 412 19 28 0.017
864 402 12 13 0.017
475 423 9 13 0.017
747 413 8 12 0.017
221 421 32 18 0.017
879 431 14 18 0.016
971 648 42 66 0.016
90 429 15 21 0.016
10 393 23 106 0.016
321 416 12 28 0.016
975 439 14 24 0.016
501 409 8 8 0.016
80 420 10 10 0.016
885 420 13 16 0.016
392 393 13 100 0.015
776 398 9 11 0.015
231 416 13 12 0.015
244 462 17 23 0.015
548 424 11 12 0.015
425 406 17 25 0.015
1004 355 8 8 0.015
875 455 15 18 0.015
308 443 10 19 0.014
176 449 10 12 0.014
160 410 7 9 0.014
274 448 11 15 0.014
485 402 15 28 0.014
1000 424 11 14 0.014
28 445 29 12 0.013
977 370 15 109 0.013
414 413 31 11 0.013
375 435 12 20 0.013
333 403 14 27 0.013
2 469 15 24 0.013
935 391 8 11 0.013
487 425 8 10 0.013
227 415 20 28 0.012
486 422 11 18 0.012
555 459 13 20 0.012
196 455 9 12 0.012
897 431 17 17 0.012
117 569 40 57 0.012
720 400 14 18 0.011
155 418 13 25 0.011
419 479 13 19 0.011
80 466 15 18 0.011
204 415 9 14 0.011
33 473 20 33 0.011
242 408 12 22 0.011
131 453 18 28 0.011
59 451 11 20 0.010
12 375 5 8 0.010
148 448 14 19 0.010
376 408 8 10 0.010
