0_Parade_marchingband_1_593
196
760 344 9 12 0.791
624 378 9 12 0.786
908 347 10 13 0.775
659 377 9 11 0.775
468 379 9 12 0.771
863 336 10 12 0.770
541 375 9 12 0.769
613 303 9 11 0.765
584 378 9 11 0.762
725 352 8 10 0.762
76 343 10 12 0.758
676 334 8 11 0.754
625 341 8 10 0.748
506 377 9 12 0.743
372 324 8 11 0.743
697 347 9 12 0.739
154 336 8 12 0.733
183 331 9 13 0.723
358 383 10 11 0.722
801 301 9 11 0.720
503 290 9 11 0.719
350 359 10 11 0.718
579 306 9 11 0.713
779 325 8 12 0.706
599 348 8 11 0.706
532 292 8 11 0.699
799 338 10 14 0.697
771 303 8 10 0.694
540 322 9 12 0.686
753 329 8 10 0.681
445 347 10 11 0.679
310 355 10 12 0.677
436 288 9 11 0.673
647 303 9 12 0.673
475 343 9 11 0.671
693 311 9 11 0.669
176 304 9 11 0.669
592 289 9 10 0.663
392 376 9 12 0.663
653 339 9 11 0.661
629 312 9 11 0.660
599 320 9 11 0.660
530 343 9 12 0.652
487 308 9 12 0.652
253 322 10 12 0.650
437 320 9 12 0.642
103 331 10 12 0.634
402 321 10 12 0.632
109 310 8 9 0.630
318 322 9 11 0.630
227 358 9 11 0.627
520 308 7 11 0.627
288 322 9 12 0.619
722 294 8 11 0.617
345 316 9 11 0.615
270 359 9 12 0.611
430 375 9 12 0.607
565 343 8 10 0.607
570 325 9 11 0.601
502 344 10 11 0.597
208 308 8 10 0.588
224 322 9 12 0.586
272 305 9 10 0.586
561 293 9 12 0.586
359 298 9 11 0.584
210 334 9 12 0.575
700 329 7 10 0.543
762 314 9 11 0.528
138 303 8 13 0.525
305 304 9 11 0.510
238 309 9 11 0.490
456 304 9 11 0.466
470 313 9 11 0.416
127 328 8 11 0.416
800 325 9 12 0.412
790 318 10 11 0.384
734 320 9 11 0.380
724 335 8 11 0.376
394 288 10 12 0.361
679 317 9 10 0.351
154 351 8 11 0.310
796 321 10 13 0.301
702 387 8 10 0.264
207 293 8 9 0.264
136 292 9 10 0.256
701 325 13 12 0.246
695 392 11 13 0.216
693 397 9 11 0.208
108 312 14 10 0.197
207 301 9 20 0.180
764 300 9 29 0.179
473 343 18 11 0.179
734 316 8 12 0.176
310 340 9 12 0.175
589 287 9 20 0.175
541 308 7 38 0.159
585 369 9 28 0.158
209 330 12 14 0.155
565 370 9 11 0.131
359 344 9 11 0.131
273 288 8 10 0.126
710 320 15 24 0.123
702 316 13 16 0.123
288 317 10 13 0.121
102 334 10 12 0.117
766 309 10 13 0.117
306 290 8 11 0.101
394 423 8 11 0.100
580 309 10 11 0.100
749 329 10 12 0.092
261 349 10 13 0.085
803 302 10 12 0.084
239 303 10 18 0.076
487 276 9 69 0.075
695 286 7 53 0.072
345 295 13 43 0.072
566 337 11 19 0.071
312 334 10 16 0.069
239 293 7 10 0.068
122 316 9 11 0.066
500 317 9 11 0.065
372 298 8 59 0.062
260 347 9 12 0.062
799 328 10 26 0.061
535 253 7 90 0.056
703 328 9 15 0.055
402 353 8 11 0.052
106 294 7 80 0.052
701 330 8 11 0.050
105 333 10 12 0.049
362 300 9 11 0.047
673 317 9 10 0.046
453 299 12 26 0.045
482 298 12 23 0.044
395 285 9 11 0.043
142 318 11 11 0.043
183 278 6 102 0.043
446 372 9 11 0.042
541 313 10 13 0.041
210 303 13 17 0.040
125 308 18 22 0.038
439 345 10 12 0.038
497 314 11 12 0.036
263 322 16 76 0.035
509 378 10 12 0.033
435 317 9 12 0.032
231 410 10 12 0.032
770 298 9 11 0.031
765 282 27 50 0.031
356 327 9 104 0.030
205 304 9 12 0.029
274 286 7 9 0.027
440 289 14 13 0.027
563 368 8 11 0.027
396 362 9 26 0.026
175 293 9 11 0.026
456 291 8 11 0.026
672 316 9 19 0.025
403 317 11 14 0.025
568 370 9 11 0.025
61 328 12 10 0.024
631 295 9 10 0.023
792 324 19 41 0.023
183 359 8 11 0.023
563 278 8 11 0.023
110 306 7 10 0.022
356 296 10 11 0.022
394 376 11 19 0.022
486 299 10 30 0.021
593 346 10 12 0.020
584 288 10 13 0.019
756 270 8 114 0.019
226 410 10 12 0.018
365 296 53 64 0.017
287 322 9 23 0.017
360 291 9 11 0.017
360 301 8 11 0.017
531 361 9 16 0.017
183 356 11 13 0.016
733 399 8 9 0.016
107 304 8 11 0.016
459 278 24 74 0.016
611 293 9 13 0.016
678 273 6 111 0.015
563 348 9 11 0.015
761 380 9 10 0.015
533 370 13 17 0.014
306 287 7 8 0.014
389 423 11 15 0.012
724 281 6 10 0.011
815 328 9 11 0.011
675 332 11 18 0.011
715 314 12 20 0.011
702 303 11 12 0.010
503 283 9 12 0.010
650 260 7 119 0.010
