0_Parade_Parade_0_873
385
819 506 64 80 0.883
319 458 50 65 0.880
982 454 41 81 0.864
95 582 78 103 0.845
402 324 26 35 0.845
370 322 19 24 0.830
713 407 36 44 0.827
150 409 33 40 0.826
30 429 34 47 0.824
455 520 62 84 0.812
480 310 18 23 0.809
610 491 45 63 0.807
930 403 46 54 0.798
663 602 59 79 0.795
188 357 18 23 0.793
726 480 49 71 0.792
874 572 87 108 0.785
933 298 20 27 0.784
316 403 36 47 0.778
211 310 16 20 0.772
532 357 25 32 0.770
276 373 24 28 0.768
449 398 35 42 0.767
509 373 24 29 0.766
746 354 23 32 0.765
901 376 25 36 0.763
428 307 13 18 0.758
501 321 16 20 0.758
629 363 25 32 0.744
959 343 30 35 0.741
743 315 21 26 0.740
818 320 22 26 0.740
807 351 23 28 0.740
131 384 29 34 0.734
60 335 15 18 0.733
13 362 25 30 0.730
23 297 13 17 0.730
664 393 29 38 0.727
662 312 14 18 0.725
85 453 48 58 0.717
138 479 35 58 0.717
703 290 13 17 0.713
934 272 14 16 0.709
779 414 38 46 0.706
853 328 22 27 0.702
0 390 23 33 0.700
558 424 37 54 0.699
966 295 14 19 0.684
247 344 13 17 0.684
669 362 20 28 0.677
33 337 15 17 0.673
467 347 16 23 0.673
907 307 16 19 0.660
300 353 21 27 0.660
338 368 27 31 0.658
994 311 18 23 0.658
78 369 25 32 0.653
1012 318 12 26 0.652
1000 364 23 33 0.643
858 378 29 39 0.636
808 265 11 14 0.636
632 311 15 19 0.634
626 334 18 26 0.634
793 317 16 20 0.605
573 308 12 18 0.597
176 335 16 19 0.594
319 323 12 16 0.591
983 282 16 21 0.563
461 317 10 14 0.560
874 270 9 11 0.540
920 276 13 14 0.530
444 369 27 34 0.529
473 302 13 15 0.528
896 348 27 32 0.527
257 331 12 14 0.524
564 328 14 17 0.524
770 357 28 32 0.521
972 424 35 53 0.498
767 391 29 40 0.497
239 370 22 27 0.486
533 302 11 14 0.468
153 326 11 14 0.457
736 300 15 18 0.455
580 346 23 28 0.447
708 271 9 12 0.440
233 329 13 16 0.436
1 327 11 16 0.429
781 302 14 17 0.427
532 317 14 19 0.412
1001 293 15 20 0.408
246 325 11 13 0.401
197 402 28 40 0.397
470 311 12 15 0.391
522 346 18 25 0.388
218 355 13 17 0.380
203 338 10 13 0.378
202 405 37 42 0.373
525 337 13 18 0.370
834 299 9 11 0.359
855 281 10 12 0.355
931 610 65 77 0.354
587 322 13 18 0.351
710 306 16 21 0.345
291 334 15 17 0.343
744 265 11 15 0.338
217 408 32 40 0.337
503 346 15 19 0.329
273 319 15 17 0.325
100 348 14 19 0.316
501 351 18 23 0.312
980 294 16 20 0.310
319 351 17 24 0.308
99 342 13 16 0.302
808 292 14 18 0.301
315 380 17 24 0.299
279 318 15 18 0.298
461 328 14 19 0.293
510 451 33 47 0.288
786 344 21 26 0.288
164 318 11 14 0.279
682 311 12 17 0.268
126 340 12 16 0.268
11 523 44 67 0.266
1017 269 8 16 0.263
627 317 17 51 0.251
499 358 19 23 0.249
588 370 24 29 0.241
558 310 12 14 0.239
238 326 15 13 0.239
235 371 24 42 0.238
75 362 21 29 0.238
139 395 39 40 0.233
706 296 15 21 0.231
773 396 35 46 0.230
744 269 12 16 0.219
350 345 17 18 0.219
76 355 17 20 0.217
758 298 14 18 0.211
702 283 16 33 0.209
377 309 14 16 0.208
550 330 17 20 0.207
229 335 12 20 0.201
868 337 20 27 0.201
158 362 18 25 0.196
564 331 18 22 0.192
159 345 15 17 0.190
534 320 16 18 0.188
194 337 15 16 0.187
280 321 19 19 0.186
866 287 11 13 0.179
745 262 9 12 0.178
164 342 19 18 0.178
771 303 16 18 0.175
574 342 21 25 0.171
858 283 12 13 0.166
256 352 18 23 0.159
683 327 18 25 0.153
762 297 12 13 0.152
457 344 21 28 0.149
561 315 15 21 0.146
224 341 12 17 0.146
0 365 9 18 0.145
0 463 14 54 0.144
768 305 14 19 0.141
911 270 10 12 0.140
331 365 22 30 0.140
950 629 41 57 0.139
9 395 28 36 0.137
721 357 21 30 0.137
507 344 19 20 0.134
60 368 17 23 0.134
866 272 18 16 0.134
291 432 21 32 0.131
760 256 7 10 0.128
193 355 20 21 0.127
534 293 12 47 0.126
976 288 25 22 0.125
566 390 30 38 0.124
910 302 19 23 0.123
272 342 18 22 0.123
912 411 27 45 0.122
247 317 11 16 0.122
685 314 18 30 0.122
960 270 10 12 0.119
683 314 14 20 0.119
589 325 15 18 0.119
992 288 27 23 0.118
635 310 44 19 0.118
790 317 36 23 0.118
251 360 18 25 0.116
784 255 7 11 0.110
461 321 13 17 0.107
13 341 15 19 0.107
157 351 16 22 0.107
321 324 15 18 0.106
252 306 8 10 0.103
866 372 40 45 0.100
63 311 16 69 0.099
768 375 35 46 0.098
463 332 13 28 0.096
684 391 25 35 0.094
909 386 36 46 0.094
792 279 17 80 0.089
552 314 18 18 0.089
4 327 13 23 0.089
12 350 21 31 0.087
589 317 14 18 0.085
588 310 14 18 0.084
166 384 18 24 0.082
905 427 29 39 0.082
818 279 10 14 0.079
988 281 14 18 0.079
992 282 24 62 0.076
98 362 17 24 0.075
200 334 12 14 0.072
788 296 18 20 0.070
783 251 9 33 0.070
783 259 8 11 0.070
195 401 23 27 0.069
169 320 17 28 0.068
251 575 30 73 0.067
783 250 7 9 0.066
329 313 9 10 0.065
504 444 31 46 0.064
1000 313 20 29 0.062
469 301 17 22 0.062
729 306 17 23 0.061
912 325 17 21 0.061
499 318 31 27 0.060
152 375 19 26 0.057
813 297 18 17 0.056
10 317 22 98 0.055
323 348 15 20 0.055
805 295 22 22 0.055
910 269 8 11 0.053
25 400 21 26 0.053
1008 341 17 28 0.053
952 342 45 49 0.052
909 298 16 17 0.052
0 368 14 23 0.052
1010 333 14 23 0.050
512 342 27 20 0.049
809 263 13 28 0.048
338 344 30 39 0.047
690 391 28 41 0.047
892 381 45 51 0.047
800 320 18 22 0.047
809 435 39 57 0.046
227 330 14 18 0.045
0 446 20 44 0.045
71 358 15 19 0.044
784 247 6 28 0.044
246 300 13 102 0.042
448 453 34 62 0.042
328 314 10 17 0.042
916 416 20 27 0.041
63 471 27 41 0.041
798 347 22 26 0.040
363 441 31 52 0.040
745 277 11 14 0.040
99 336 12 15 0.039
221 329 15 21 0.039
1 542 46 84 0.039
745 257 11 14 0.036
831 298 17 20 0.036
867 283 14 23 0.035
876 344 19 26 0.035
297 425 24 38 0.034
567 292 19 76 0.034
818 254 10 18 0.033
9 320 12 17 0.032
74 353 32 19 0.032
287 431 19 27 0.032
516 455 39 50 0.032
492 303 25 103 0.031
127 478 33 54 0.031
152 324 11 12 0.030
125 332 11 16 0.030
945 296 17 22 0.030
250 304 8 10 0.030
874 329 20 25 0.029
567 346 19 24 0.029
41 318 12 14 0.029
805 272 41 67 0.029
251 313 50 37 0.029
908 350 23 28 0.028
5 367 31 45 0.028
716 245 47 58 0.028
915 293 17 22 0.027
444 347 19 24 0.027
786 425 41 56 0.026
104 352 16 20 0.025
950 381 42 44 0.025
323 386 37 52 0.025
348 325 13 19 0.024
686 371 23 29 0.024
26 410 21 27 0.024
76 380 22 29 0.023
835 266 34 61 0.023
549 427 31 44 0.023
171 383 19 24 0.023
333 318 36 89 0.022
911 266 9 11 0.022
346 324 11 13 0.022
534 296 10 14 0.022
273 315 13 15 0.022
75 393 22 26 0.022
177 298 9 10 0.022
29 331 17 20 0.022
1003 356 19 26 0.021
541 349 22 31 0.021
490 360 19 25 0.021
869 304 16 20 0.021
988 275 14 15 0.021
809 273 11 35 0.021
50 333 23 18 0.021
759 394 25 39 0.020
512 463 23 30 0.020
653 310 24 23 0.020
55 373 16 22 0.020
146 342 15 17 0.020
279 425 21 29 0.020
77 466 49 63 0.019
16 529 33 44 0.019
870 316 18 22 0.019
717 365 20 31 0.018
959 295 19 24 0.018
184 325 52 78 0.018
575 385 29 36 0.018
1002 239 8 12 0.018
820 253 8 11 0.017
431 328 15 21 0.017
193 391 22 29 0.017
206 417 36 47 0.016
920 399 30 42 0.016
946 297 30 23 0.016
364 317 16 19 0.016
325 339 20 27 0.016
438 338 18 23 0.016
722 339 18 24 0.016
437 376 39 48 0.016
627 327 17 25 0.016
971 436 28 53 0.015
208 377 18 24 0.015
104 364 19 24 0.015
528 292 53 78 0.015
692 387 23 30 0.015
568 444 39 57 0.015
225 303 12 18 0.015
562 400 23 28 0.015
931 396 21 28 0.015
31 395 18 26 0.015
502 284 49 97 0.014
594 306 12 16 0.014
289 431 40 53 0.014
336 682 71 16 0.014
532 358 40 50 0.014
279 449 26 39 0.013
690 371 29 36 0.013
698 342 20 24 0.013
262 357 22 25 0.013
-2 476 13 29 0.013
781 333 19 22 0.013
283 645 50 46 0.013
924 395 38 53 0.013
874 265 11 13 0.012
30 304 12 16 0.012
151 296 35 107 0.012
861 367 20 28 0.012
23 425 26 41 0.012
931 341 19 26 0.012
871 347 17 24 0.012
248 281 41 105 0.012
553 405 30 42 0.011
47 355 15 19 0.011
297 337 15 19 0.011
728 333 15 21 0.011
694 326 18 25 0.011
594 380 23 29 0.011
649 306 13 19 0.011
747 246 9 13 0.010
913 382 21 29 0.010
73 397 32 51 0.010
319 414 43 84 0.010
508 453 21 32 0.010
