0_Parade_marchingband_1_768
102
462 613 20 27 0.807
279 210 37 43 0.796
676 636 32 38 0.795
820 616 36 44 0.792
984 640 36 37 0.785
910 652 30 36 0.756
533 614 19 22 0.702
639 637 12 14 0.675
784 622 12 15 0.633
399 625 14 16 0.610
499 635 12 16 0.567
711 623 13 17 0.534
609 630 12 15 0.529
298 648 14 16 0.510
545 620 20 22 0.230
553 624 15 18 0.225
374 620 12 15 0.159
882 604 12 16 0.123
502 568 7 8 0.110
497 602 10 13 0.104
625 572 6 8 0.101
387 623 19 17 0.092
405 665 20 21 0.080
572 545 6 8 0.066
188 657 21 20 0.065
649 572 7 8 0.061
662 597 8 10 0.060
703 601 9 11 0.059
515 568 8 8 0.056
557 546 7 10 0.056
535 573 6 8 0.056
273 660 14 16 0.053
818 559 6 8 0.050
705 564 7 8 0.048
348 648 12 18 0.047
303 647 13 18 0.047
607 625 12 15 0.046
705 610 13 23 0.044
1001 548 9 11 0.042
556 662 21 21 0.041
454 568 8 10 0.036
371 540 7 11 0.034
372 625 16 17 0.033
896 553 8 9 0.032
668 573 7 9 0.032
538 566 7 14 0.030
609 636 13 15 0.029
307 649 12 23 0.028
565 540 16 18 0.028
264 644 15 18 0.027
391 560 7 10 0.027
556 538 8 22 0.026
308 658 13 16 0.024
741 558 6 8 0.023
183 659 20 21 0.022
359 552 8 9 0.022
570 530 9 29 0.021
391 556 7 18 0.021
62 633 14 16 0.021
553 655 21 24 0.020
622 542 9 17 0.019
885 606 13 16 0.019
179 664 17 17 0.019
791 558 7 9 0.019
364 547 10 11 0.019
465 525 9 19 0.019
834 636 22 27 0.018
498 585 8 10 0.018
495 567 9 9 0.017
270 663 14 16 0.017
663 586 8 23 0.017
365 622 14 17 0.017
390 564 7 9 0.016
600 583 12 12 0.016
369 536 9 24 0.016
4 627 14 19 0.016
5 569 11 16 0.015
507 556 14 28 0.015
875 559 6 8 0.015
707 531 7 13 0.014
596 579 10 19 0.014
572 537 6 18 0.013
187 576 10 11 0.013
844 538 9 11 0.013
410 662 17 20 0.013
307 582 10 13 0.013
517 540 10 27 0.012
465 531 7 8 0.011
591 572 9 18 0.011
475 523 10 25 0.011
853 549 7 9 0.011
524 540 10 25 0.011
625 558 7 28 0.011
703 530 12 18 0.011
586 604 10 12 0.011
453 554 8 28 0.011
394 633 30 65 0.010
405 625 13 15 0.010
311 648 11 15 0.010
512 633 14 17 0.010
647 560 7 25 0.010
355 610 13 17 0.010
