0_Parade_Parade_0_472
133
318 116 43 51 0.847
59 136 32 37 0.842
602 263 47 55 0.838
514 128 32 45 0.833
561 135 17 29 0.741
932 227 18 24 0.735
643 121 16 24 0.699
974 146 19 20 0.671
216 241 12 15 0.619
835 116 16 26 0.604
745 121 15 25 0.598
354 278 41 49 0.560
653 165 20 27 0.558
947 150 18 22 0.497
236 280 12 14 0.378
815 122 17 24 0.361
223 185 8 10 0.357
988 143 18 21 0.329
247 181 8 12 0.318
705 110 22 29 0.310
597 222 15 23 0.310
201 235 11 15 0.306
167 182 16 20 0.306
252 158 10 13 0.302
629 160 17 24 0.288
917 147 20 20 0.282
252 205 10 18 0.270
842 244 14 19 0.238
246 230 9 11 0.222
680 127 16 27 0.216
400 129 29 32 0.213
784 163 17 24 0.205
951 148 42 20 0.185
677 124 13 17 0.160
250 161 10 16 0.157
221 268 11 15 0.153
829 119 18 26 0.142
682 130 21 30 0.138
708 116 55 28 0.120
255 291 13 17 0.118
735 119 15 24 0.113
225 274 15 19 0.113
967 294 13 16 0.104
247 286 15 19 0.102
825 150 19 28 0.099
963 216 16 20 0.091
832 83 14 21 0.088
798 127 22 25 0.085
241 281 19 19 0.085
903 156 17 22 0.081
750 122 14 22 0.078
793 130 18 26 0.078
840 173 18 31 0.077
220 275 12 15 0.076
835 163 20 34 0.073
966 218 18 22 0.072
802 225 15 20 0.072
228 219 8 8 0.066
240 257 10 13 0.063
222 264 13 15 0.061
993 219 18 20 0.059
691 114 18 27 0.058
803 190 18 19 0.058
837 242 14 21 0.056
249 144 9 60 0.056
982 147 20 20 0.056
131 203 11 13 0.055
174 183 15 20 0.053
695 114 14 17 0.053
209 195 8 10 0.053
592 218 13 21 0.049
730 125 16 20 0.049
1017 192 8 20 0.046
900 165 14 22 0.045
898 159 15 21 0.044
603 148 19 25 0.044
798 182 17 23 0.043
685 141 17 27 0.042
635 163 21 25 0.040
993 149 18 19 0.038
740 117 14 22 0.038
233 220 11 11 0.034
127 193 16 29 0.033
625 165 19 26 0.032
738 151 13 21 0.031
968 211 17 22 0.030
734 114 13 19 0.030
234 191 10 11 0.029
968 230 17 22 0.027
225 181 13 14 0.026
717 122 21 22 0.026
114 182 15 17 0.026
673 131 17 22 0.025
821 147 19 25 0.024
208 240 14 20 0.023
124 187 14 31 0.023
673 116 12 16 0.023
120 174 12 17 0.022
1016 180 9 39 0.020
941 153 18 22 0.020
792 132 13 19 0.019
121 199 13 15 0.019
121 168 9 12 0.019
213 194 9 11 0.018
824 100 14 18 0.018
213 276 12 16 0.018
822 107 16 27 0.017
606 154 21 26 0.017
995 214 19 36 0.017
695 122 22 29 0.016
1012 235 11 26 0.015
111 183 12 13 0.015
684 150 17 25 0.015
244 140 14 104 0.015
692 141 19 23 0.015
2 247 6 12 0.013
0 193 9 14 0.013
833 246 15 19 0.013
845 179 17 24 0.012
844 187 15 20 0.012
832 152 21 32 0.012
119 171 11 27 0.011
832 147 16 23 0.011
243 239 11 28 0.011
215 263 12 17 0.011
393 127 20 24 0.011
844 250 14 19 0.011
989 216 17 21 0.010
1014 149 10 21 0.010
1002 225 18 28 0.010
898 156 13 16 0.010
671 110 11 15 0.010
519 259 41 52 0.010
