0_Parade_marchingband_1_910
34
373 255 49 49 0.837
207 207 43 48 0.824
77 242 37 38 0.809
569 228 53 63 0.805
523 225 44 58 0.805
138 223 33 38 0.801
777 336 64 95 0.788
39 225 33 43 0.767
481 190 39 50 0.736
285 260 36 37 0.695
337 230 39 49 0.645
440 271 44 47 0.604
941 271 65 91 0.600
112 240 20 25 0.339
346 246 58 52 0.326
883 67 33 49 0.297
676 99 58 87 0.068
1015 63 9 20 0.062
216 224 52 52 0.055
1 262 15 27 0.032
1016 52 8 42 0.030
581 111 47 45 0.029
1017 50 7 19 0.028
864 70 46 51 0.023
0 260 8 32 0.020
1 261 10 21 0.019
1013 78 11 24 0.018
831 83 41 47 0.017
964 280 49 75 0.017
867 338 41 42 0.014
0 669 11 47 0.013
293 248 35 43 0.012
304 244 33 39 0.011
812 86 44 46 0.010
