0_Parade_Parade_0_443
51
687 303 70 83 0.908
522 209 71 85 0.879
370 234 51 69 0.877
302 177 38 52 0.853
213 238 25 28 0.773
217 277 26 43 0.763
22 207 44 61 0.703
790 211 19 35 0.683
150 264 13 17 0.611
64 256 10 14 0.547
110 330 16 20 0.418
50 239 23 34 0.369
129 256 8 10 0.337
88 263 7 10 0.304
1 253 10 17 0.273
71 287 7 10 0.202
458 266 15 20 0.130
87 259 8 10 0.122
116 260 8 10 0.121
81 258 13 13 0.105
112 259 9 11 0.103
667 257 16 31 0.073
147 261 13 15 0.067
88 254 7 9 0.064
50 279 9 12 0.062
105 260 9 10 0.051
813 179 10 14 0.044
0 248 15 24 0.042
153 258 12 16 0.042
128 258 9 14 0.041
68 276 10 28 0.038
108 255 8 9 0.036
270 233 16 21 0.032
1014 212 9 12 0.029
157 256 11 14 0.028
84 251 8 11 0.025
115 255 10 10 0.025
45 284 17 26 0.022
139 265 21 16 0.022
52 268 11 23 0.021
70 274 15 22 0.018
84 282 7 10 0.017
156 265 12 14 0.015
671 253 21 38 0.015
451 269 18 29 0.013
33 191 28 42 0.013
692 212 8 10 0.012
989 278 12 15 0.012
273 235 20 23 0.012
422 250 16 24 0.011
454 264 12 16 0.010
