0_Parade_Parade_0_53
39
270 170 44 52 0.874
792 184 46 55 0.863
466 219 14 16 0.681
243 213 10 13 0.565
512 237 7 8 0.351
1011 232 9 11 0.341
861 231 9 12 0.128
1003 246 7 8 0.119
653 237 9 11 0.116
488 230 8 10 0.104
837 250 12 16 0.089
1003 242 10 10 0.073
537 234 8 10 0.058
524 225 6 8 0.052
360 222 8 9 0.050
380 233 9 10 0.045
378 234 8 10 0.043
415 234 7 9 0.042
651 270 11 12 0.039
361 221 8 16 0.034
245 208 17 17 0.033
857 220 12 41 0.031
380 225 11 20 0.028
846 240 11 13 0.025
524 219 9 25 0.023
357 219 8 10 0.021
861 234 11 13 0.020
418 221 7 17 0.020
422 219 7 9 0.017
622 216 10 12 0.016
423 217 6 9 0.015
530 226 14 29 0.015
525 213 6 38 0.013
382 219 9 18 0.013
205 239 16 19 0.012
361 229 12 13 0.012
394 232 12 11 0.011
841 254 13 16 0.011
383 224 7 10 0.011
