0_Parade_Parade_0_120
126
108 306 42 46 0.861
492 317 17 20 0.828
326 314 18 20 0.821
950 307 42 48 0.819
45 324 23 32 0.790
524 330 35 37 0.784
442 325 17 19 0.783
665 327 17 18 0.763
628 319 14 16 0.706
697 321 13 15 0.679
393 332 13 16 0.610
562 318 14 17 0.590
288 342 15 17 0.525
367 332 11 14 0.508
602 326 10 12 0.474
762 317 13 15 0.355
997 339 22 33 0.338
747 315 12 14 0.319
825 322 16 20 0.291
856 302 15 20 0.286
231 334 17 27 0.285
906 307 16 20 0.272
810 330 16 19 0.251
755 315 15 16 0.217
11 351 30 41 0.216
795 319 9 12 0.216
236 324 13 17 0.194
677 282 6 7 0.183
21 365 30 40 0.177
284 341 14 17 0.172
2 360 28 44 0.153
994 233 14 25 0.147
728 319 10 11 0.143
991 340 21 27 0.139
643 325 42 15 0.136
720 318 10 11 0.134
1 375 17 37 0.128
744 315 36 16 0.116
0 368 12 42 0.105
921 322 19 24 0.103
272 337 13 15 0.095
781 326 9 12 0.092
732 313 31 14 0.075
256 351 12 16 0.072
787 320 16 16 0.066
816 299 10 12 0.063
857 308 16 22 0.062
605 323 18 15 0.061
693 310 32 33 0.059
836 339 21 25 0.058
828 329 26 29 0.053
818 324 26 22 0.052
224 341 18 25 0.052
721 367 11 13 0.043
228 355 14 22 0.043
613 327 13 14 0.041
858 298 13 18 0.041
166 332 17 20 0.039
535 320 19 22 0.039
595 314 10 12 0.038
910 311 19 22 0.038
550 326 21 23 0.037
803 309 22 52 0.037
817 296 9 10 0.035
74 316 10 14 0.034
268 339 16 18 0.034
778 314 12 13 0.034
1004 346 18 25 0.033
828 317 14 17 0.033
2 369 14 28 0.032
817 297 12 27 0.031
779 356 13 15 0.030
538 318 12 14 0.030
796 323 14 16 0.030
23 338 21 27 0.027
265 338 13 16 0.026
593 327 11 12 0.026
227 335 15 23 0.026
835 287 41 62 0.026
851 300 15 19 0.025
304 335 14 16 0.025
866 290 8 9 0.024
302 341 19 16 0.024
901 303 11 16 0.023
899 313 14 19 0.022
257 356 13 15 0.022
793 323 11 14 0.022
173 333 18 17 0.022
66 316 18 23 0.021
728 326 11 15 0.021
802 308 15 18 0.021
316 341 14 16 0.021
710 333 12 15 0.020
403 335 14 15 0.020
384 338 15 14 0.019
629 277 6 8 0.019
241 348 19 20 0.017
598 308 13 24 0.017
410 341 12 12 0.017
2 354 18 40 0.016
863 294 13 19 0.016
369 335 13 18 0.015
219 354 18 25 0.015
361 338 12 14 0.015
575 326 11 14 0.015
578 315 11 15 0.014
5 386 20 27 0.014
16 344 21 26 0.013
436 303 9 15 0.012
178 337 16 17 0.012
2 283 12 31 0.012
451 324 13 17 0.012
71 310 13 18 0.012
906 326 15 19 0.012
0 298 11 21 0.011
845 341 17 24 0.011
33 337 20 26 0.011
539 317 25 22 0.011
554 317 15 18 0.011
767 324 16 14 0.011
383 327 12 19 0.011
814 335 19 21 0.010
628 281 6 8 0.010
187 337 11 16 0.010
427 328 17 23 0.010
330 299 10 13 0.010
