0_Parade_Parade_0_628
97
623 223 21 28 0.833
306 239 23 28 0.828
447 198 28 40 0.820
691 265 17 22 0.805
576 235 22 29 0.782
980 258 20 21 0.739
902 278 17 19 0.704
785 289 11 14 0.653
785 338 13 17 0.642
755 292 10 13 0.542
77 329 9 10 0.462
24 299 12 15 0.423
107 336 8 9 0.308
159 342 8 8 0.286
149 354 8 9 0.198
24 328 12 13 0.184
30 331 9 11 0.178
193 336 7 8 0.176
819 274 14 18 0.172
136 337 7 9 0.161
86 341 10 11 0.150
118 337 8 16 0.143
79 329 9 15 0.134
108 335 12 12 0.132
46 330 7 10 0.120
43 328 8 10 0.109
815 273 13 19 0.109
706 295 13 16 0.103
494 242 14 25 0.096
484 236 15 22 0.085
357 289 8 10 0.081
118 346 8 9 0.081
89 345 7 9 0.078
78 318 9 33 0.069
35 330 18 11 0.066
1004 207 8 10 0.061
94 327 9 10 0.059
979 210 8 10 0.058
12 143 9 12 0.051
945 214 7 10 0.049
131 330 15 26 0.047
603 236 11 18 0.044
4 317 11 14 0.042
8 321 12 15 0.042
104 336 25 9 0.040
979 206 8 10 0.040
742 313 9 11 0.036
765 345 10 12 0.035
137 351 10 12 0.034
26 268 10 98 0.034
811 272 13 17 0.034
136 333 15 30 0.033
743 298 11 25 0.032
168 350 7 9 0.030
358 294 8 9 0.029
355 282 8 10 0.028
65 349 9 8 0.027
13 326 17 15 0.026
587 235 25 27 0.024
136 323 6 9 0.023
20 299 12 14 0.023
882 322 9 11 0.021
88 324 14 25 0.021
946 297 9 11 0.021
164 341 8 8 0.020
802 286 14 21 0.020
803 294 10 13 0.020
38 349 7 9 0.020
63 334 12 20 0.019
28 300 11 13 0.018
797 293 13 15 0.017
148 338 15 35 0.017
847 295 12 15 0.017
151 353 9 11 0.016
146 354 8 16 0.016
190 338 10 10 0.015
2 341 7 14 0.015
54 334 10 20 0.015
850 299 12 14 0.014
2 397 11 21 0.014
195 338 8 11 0.013
197 335 7 8 0.013
790 287 13 15 0.013
767 342 11 15 0.013
831 283 14 18 0.012
947 218 8 9 0.012
882 319 8 11 0.012
830 280 11 14 0.012
996 254 16 21 0.011
133 329 24 38 0.011
55 362 7 10 0.011
973 257 18 20 0.010
24 294 11 15 0.010
87 315 16 45 0.010
701 298 14 17 0.010
979 197 8 31 0.010
638 260 15 18 0.010
