0_Parade_Parade_0_611
38
302 170 38 55 0.859
589 154 35 47 0.851
71 196 24 31 0.826
154 162 32 51 0.821
917 223 15 18 0.817
413 142 37 47 0.805
500 200 22 37 0.736
657 199 15 25 0.704
784 249 8 10 0.648
530 210 15 22 0.610
758 209 13 22 0.606
618 191 17 26 0.590
170 218 19 24 0.451
686 211 14 17 0.361
3 258 8 13 0.159
0 285 8 17 0.127
529 205 13 19 0.104
954 235 10 12 0.059
499 203 47 31 0.052
260 196 28 33 0.043
0 236 8 16 0.039
544 220 12 16 0.031
1 250 8 49 0.029
839 290 6 8 0.026
718 224 13 18 0.024
762 207 12 21 0.019
722 232 9 11 0.016
446 182 18 29 0.016
689 220 15 25 0.014
441 169 20 27 0.013
1 254 12 18 0.012
785 245 9 11 0.012
693 212 14 17 0.011
572 193 14 16 0.011
849 290 8 9 0.011
570 197 13 16 0.011
509 195 14 18 0.011
430 164 24 30 0.011
