0_Parade_Parade_0_247
120
312 417 11 15 0.678
68 429 9 12 0.644
135 435 8 10 0.528
101 436 11 13 0.501
35 436 9 12 0.451
294 436 8 10 0.384
387 422 8 10 0.364
879 487 13 16 0.357
891 452 10 12 0.343
616 452 7 8 0.339
262 436 7 8 0.293
862 444 9 11 0.236
757 491 7 9 0.231
523 451 5 7 0.199
253 448 7 9 0.184
945 463 11 14 0.160
574 462 8 9 0.139
863 488 11 14 0.128
171 436 11 14 0.127
991 447 12 16 0.119
594 465 7 9 0.119
11 434 10 12 0.118
971 493 13 16 0.096
373 423 10 13 0.094
704 449 9 11 0.092
752 492 12 11 0.090
942 459 12 15 0.084
821 441 11 14 0.084
645 442 7 8 0.077
176 440 12 13 0.073
377 421 11 14 0.072
172 440 13 15 0.071
756 453 8 8 0.069
257 434 8 23 0.060
768 492 8 10 0.059
540 446 6 13 0.057
951 464 14 17 0.054
521 445 9 21 0.052
168 447 10 11 0.052
731 502 8 9 0.050
764 491 10 15 0.050
734 498 8 11 0.048
888 447 12 33 0.047
667 451 9 10 0.046
137 435 9 10 0.044
51 421 10 11 0.043
548 455 6 8 0.041
453 430 6 8 0.038
46 452 10 12 0.036
256 430 16 27 0.035
368 420 10 14 0.034
267 435 13 15 0.033
255 436 9 11 0.032
553 464 8 10 0.031
749 478 7 9 0.031
165 444 10 11 0.031
230 385 13 16 0.028
48 421 11 13 0.028
287 433 15 22 0.028
59 419 14 23 0.027
222 384 13 16 0.027
106 435 12 12 0.026
59 491 11 10 0.026
744 500 10 9 0.025
818 442 11 14 0.023
992 454 16 20 0.023
452 428 7 17 0.023
126 496 9 11 0.021
748 475 9 21 0.020
236 388 11 14 0.020
537 461 10 11 0.020
568 459 14 19 0.020
261 430 8 9 0.019
597 452 7 9 0.019
857 444 9 11 0.019
922 447 10 12 0.019
352 456 9 10 0.019
0 9 13 51 0.019
671 454 9 10 0.019
548 450 9 24 0.019
726 501 8 15 0.018
663 453 8 12 0.018
500 446 7 18 0.017
993 443 13 17 0.016
369 424 9 16 0.016
277 440 28 9 0.016
952 458 14 19 0.016
829 436 9 11 0.016
989 465 15 16 0.016
349 461 9 8 0.016
918 442 10 13 0.015
755 452 10 13 0.015
453 427 11 21 0.015
186 436 11 12 0.014
870 421 9 12 0.014
541 440 7 9 0.014
49 453 10 12 0.014
52 422 12 15 0.014
737 494 7 8 0.013
464 445 11 21 0.013
572 463 13 10 0.013
7 436 10 15 0.012
921 440 12 15 0.012
765 496 9 18 0.012
215 409 10 13 0.012
176 444 10 20 0.012
329 441 9 13 0.012
790 432 10 12 0.012
727 504 8 9 0.012
539 443 12 30 0.011
55 489 12 13 0.011
760 454 10 12 0.011
643 435 12 28 0.011
316 414 13 23 0.011
414 449 8 15 0.010
134 429 9 11 0.010
16 450 9 11 0.010
212 406 12 14 0.010
553 460 7 21 0.010
399 450 10 10 0.010
