0_Parade_marchingband_1_525
115
400 384 24 28 0.816
676 381 23 27 0.811
191 373 25 29 0.795
860 484 14 18 0.790
899 424 19 23 0.781
289 395 22 25 0.773
764 437 17 21 0.767
537 396 20 24 0.752
39 426 14 17 0.725
833 419 16 18 0.719
133 413 19 22 0.679
120 410 12 16 0.663
982 463 15 17 0.660
76 424 10 13 0.508
626 415 11 14 0.456
783 422 12 15 0.451
949 469 17 21 0.410
798 432 12 14 0.365
813 425 13 16 0.364
12 423 10 11 0.234
155 420 10 13 0.211
240 390 12 18 0.210
327 390 20 23 0.200
262 397 14 18 0.194
8 421 9 11 0.193
258 393 12 19 0.164
87 434 9 12 0.160
367 408 16 19 0.144
728 398 12 17 0.118
72 420 13 15 0.117
153 416 14 19 0.115
484 486 10 11 0.114
582 419 10 15 0.105
511 417 9 11 0.095
804 426 22 17 0.094
815 430 12 14 0.094
973 457 14 17 0.091
806 431 15 14 0.090
583 415 9 14 0.087
580 424 10 14 0.078
577 414 13 17 0.078
812 423 37 16 0.076
2 422 18 10 0.065
785 420 14 15 0.064
569 412 10 14 0.064
22 425 12 12 0.060
168 400 11 14 0.059
122 409 19 22 0.059
24 423 19 17 0.058
778 419 14 16 0.055
946 434 11 16 0.051
970 454 13 17 0.048
926 427 13 18 0.046
724 398 9 13 0.046
780 426 45 17 0.045
786 417 37 33 0.042
137 407 18 23 0.041
260 405 10 15 0.040
945 475 15 17 0.039
318 539 11 10 0.038
358 399 20 26 0.036
330 395 21 25 0.035
238 400 13 18 0.033
585 413 9 14 0.031
473 495 8 10 0.030
3 411 10 12 0.030
732 401 14 19 0.028
575 410 18 25 0.028
628 529 6 9 0.028
345 399 22 24 0.027
62 426 11 14 0.027
81 432 10 14 0.027
728 411 14 18 0.026
100 405 14 16 0.025
241 408 11 14 0.025
61 421 10 13 0.024
579 430 11 14 0.024
330 383 17 21 0.023
914 414 12 17 0.023
334 386 20 24 0.022
96 409 12 14 0.022
61 419 15 13 0.021
735 413 13 18 0.020
475 487 13 18 0.020
354 392 16 22 0.019
730 418 12 15 0.018
950 426 12 18 0.018
467 505 8 13 0.017
769 438 22 18 0.017
372 410 15 19 0.017
856 485 14 18 0.017
88 408 16 23 0.017
237 410 12 15 0.017
570 420 12 14 0.016
793 419 32 14 0.016
886 409 12 16 0.015
316 538 10 10 0.015
914 411 11 14 0.015
257 393 21 25 0.014
923 431 16 22 0.014
929 429 17 20 0.014
725 393 12 15 0.013
621 412 11 13 0.013
343 405 19 23 0.012
490 485 9 10 0.012
725 412 12 17 0.012
734 397 14 58 0.011
153 401 13 16 0.011
154 423 13 16 0.011
293 511 8 9 0.011
459 477 10 10 0.011
97 457 8 11 0.011
241 387 10 15 0.011
740 438 16 17 0.010
944 468 15 19 0.010
