0_Parade_Parade_0_519
26
862 255 95 110 0.871
175 264 69 89 0.841
414 252 114 133 0.839
118 264 49 62 0.827
667 304 39 62 0.827
87 246 33 44 0.809
753 262 33 37 0.763
593 263 30 52 0.718
282 273 40 40 0.110
276 272 28 34 0.084
11 631 55 48 0.054
297 274 25 31 0.050
653 258 18 21 0.049
290 282 39 48 0.047
733 275 18 24 0.039
758 266 40 48 0.023
794 322 34 40 0.022
635 299 30 51 0.021
605 263 22 31 0.019
599 269 23 31 0.019
626 242 10 14 0.018
717 272 32 29 0.018
748 341 14 19 0.015
623 247 12 19 0.014
679 284 51 59 0.013
814 267 26 32 0.012
