0_Parade_Parade_0_377
188
252 506 76 94 0.861
977 340 18 25 0.774
8 265 48 67 0.757
94 368 55 62 0.744
855 367 67 70 0.744
573 306 30 36 0.734
149 314 41 53 0.721
244 338 34 36 0.710
945 319 16 20 0.692
344 335 27 35 0.687
730 308 22 27 0.650
547 297 21 30 0.612
422 306 22 34 0.596
709 313 15 18 0.575
896 310 14 16 0.575
248 417 44 63 0.560
765 315 20 20 0.558
846 312 11 13 0.433
246 405 36 57 0.432
810 311 12 14 0.399
636 312 11 15 0.382
271 284 32 38 0.347
357 269 28 34 0.345
653 330 12 15 0.333
48 356 43 55 0.316
73 374 52 59 0.305
248 400 27 37 0.290
453 277 20 24 0.285
984 316 15 16 0.282
179 273 27 40 0.260
802 322 11 14 0.259
996 295 13 16 0.256
805 315 12 16 0.241
929 319 15 19 0.233
123 216 9 12 0.230
458 314 21 27 0.228
1012 306 10 15 0.210
160 267 35 45 0.198
33 232 17 23 0.198
649 312 13 15 0.171
54 347 36 43 0.145
850 318 13 17 0.145
114 239 20 26 0.130
150 284 41 53 0.128
793 310 12 16 0.123
580 277 23 25 0.115
394 353 24 34 0.114
324 330 25 34 0.114
577 284 26 44 0.108
931 314 13 18 0.108
65 388 43 57 0.105
480 296 21 28 0.103
998 299 16 17 0.101
364 373 30 36 0.101
185 280 25 41 0.098
689 316 15 17 0.096
186 221 17 19 0.092
632 314 13 22 0.088
259 248 23 26 0.087
650 304 14 33 0.083
851 326 13 17 0.079
315 268 25 33 0.075
627 328 13 15 0.075
930 307 14 17 0.070
62 374 42 54 0.070
158 219 10 12 0.066
926 324 18 23 0.065
815 354 14 17 0.065
651 321 14 26 0.064
991 286 19 48 0.064
575 282 22 23 0.063
639 302 25 49 0.062
534 292 20 24 0.059
590 278 18 21 0.059
801 327 11 13 0.054
531 291 17 21 0.054
0 438 17 62 0.054
830 315 12 15 0.052
21 234 25 34 0.050
575 260 9 11 0.049
181 224 16 18 0.049
253 255 19 22 0.049
612 308 17 22 0.048
451 314 20 27 0.046
415 313 22 28 0.045
623 321 16 19 0.044
777 321 14 16 0.041
988 301 18 32 0.041
262 241 22 24 0.041
473 300 21 26 0.040
247 433 53 66 0.040
615 307 28 20 0.038
391 270 23 27 0.037
868 317 12 14 0.036
191 224 19 22 0.034
109 234 19 26 0.034
896 306 13 14 0.032
119 244 19 28 0.032
193 286 17 25 0.032
544 258 11 13 0.031
684 269 7 9 0.031
255 212 16 20 0.031
698 293 12 15 0.030
346 271 22 27 0.030
824 315 14 16 0.029
353 334 32 39 0.028
206 209 13 15 0.027
328 272 23 27 0.027
521 326 21 27 0.027
446 279 20 26 0.026
576 259 11 29 0.026
1010 485 14 62 0.025
145 269 35 40 0.025
323 269 49 34 0.025
794 306 11 14 0.025
52 480 49 56 0.024
31 351 45 49 0.024
267 286 24 29 0.024
603 308 20 24 0.023
39 363 45 62 0.023
685 324 15 18 0.023
487 294 16 21 0.022
279 292 32 38 0.022
577 250 12 60 0.022
1014 395 10 28 0.022
22 363 35 44 0.021
113 241 44 35 0.021
674 328 16 17 0.020
333 334 23 30 0.020
122 189 16 67 0.020
1014 309 10 15 0.020
518 292 25 66 0.020
523 296 21 24 0.020
860 317 15 21 0.020
682 289 10 14 0.019
177 414 34 46 0.019
316 252 19 23 0.018
304 304 42 49 0.018
335 269 21 26 0.018
809 343 15 19 0.017
931 302 13 16 0.017
811 305 12 15 0.017
202 210 18 23 0.016
145 216 11 12 0.016
650 300 13 20 0.016
814 311 32 14 0.016
897 312 35 25 0.016
546 260 11 14 0.016
172 225 14 15 0.016
357 351 36 48 0.015
173 254 37 49 0.015
1013 336 11 19 0.014
485 337 20 25 0.014
483 327 30 32 0.014
137 238 19 26 0.014
936 370 21 34 0.014
696 282 26 65 0.014
120 213 13 18 0.014
237 224 19 23 0.014
576 278 16 21 0.014
209 214 14 17 0.014
197 225 19 22 0.014
977 312 17 18 0.013
600 312 19 24 0.013
419 257 16 19 0.013
537 258 17 21 0.013
247 216 18 25 0.013
763 308 33 21 0.013
259 211 18 20 0.013
198 208 14 17 0.013
378 359 34 39 0.013
511 325 27 30 0.012
261 256 23 26 0.012
811 313 16 79 0.012
63 343 40 43 0.012
482 248 10 12 0.012
191 275 22 33 0.012
893 314 15 18 0.011
398 275 19 21 0.011
196 288 24 34 0.011
101 230 20 27 0.011
274 324 33 41 0.010
40 228 18 22 0.010
91 285 28 38 0.010
227 220 32 34 0.010
376 275 23 24 0.010
325 314 24 35 0.010
658 322 18 20 0.010
