0_Parade_marchingband_1_379
65
188 319 22 26 0.739
536 316 23 30 0.693
986 328 11 13 0.674
427 307 30 36 0.652
848 321 12 15 0.626
599 322 12 14 0.603
954 315 12 14 0.586
898 314 12 15 0.580
580 301 7 8 0.575
766 323 11 13 0.560
277 301 29 35 0.557
696 289 25 32 0.532
786 322 11 13 0.528
811 323 16 19 0.525
506 308 8 12 0.493
85 319 18 23 0.492
659 327 13 17 0.473
875 327 9 11 0.324
1011 322 8 10 0.291
932 323 8 11 0.268
378 315 19 25 0.242
883 315 8 10 0.170
767 322 29 12 0.124
620 319 8 10 0.120
941 320 28 13 0.108
864 326 15 12 0.107
261 322 21 26 0.101
89 322 19 24 0.097
811 320 11 15 0.096
435 312 33 36 0.085
868 328 18 9 0.083
578 306 26 14 0.071
881 316 8 11 0.070
507 309 10 14 0.067
682 310 14 17 0.066
273 310 23 29 0.059
89 315 18 23 0.054
815 318 13 17 0.051
742 309 12 16 0.049
688 301 19 24 0.039
703 300 20 26 0.038
739 304 12 17 0.036
853 308 8 12 0.030
811 329 14 17 0.029
542 326 19 22 0.027
738 310 13 17 0.025
80 318 16 21 0.022
658 394 15 16 0.022
849 303 8 8 0.021
748 310 11 13 0.019
97 330 16 20 0.017
905 320 12 14 0.017
366 322 24 32 0.015
746 320 11 14 0.015
578 299 11 13 0.014
579 298 9 9 0.013
539 311 17 19 0.013
563 332 11 15 0.012
106 322 15 22 0.012
709 306 17 21 0.011
616 316 11 11 0.011
905 311 13 16 0.011
383 322 21 25 0.010
273 317 28 35 0.010
1011 319 11 15 0.010
