0_Parade_marchingband_1_488
59
444 269 21 29 0.828
271 333 12 16 0.820
41 268 19 24 0.807
611 322 14 20 0.783
324 315 12 17 0.737
729 361 8 11 0.684
372 345 10 13 0.665
644 350 9 11 0.648
690 330 12 17 0.594
910 385 7 8 0.593
808 384 7 9 0.442
939 375 9 12 0.414
858 369 8 10 0.384
496 341 10 13 0.382
770 372 7 9 0.374
1017 305 7 19 0.370
973 390 6 9 0.339
895 392 8 9 0.331
758 368 9 10 0.282
512 353 11 12 0.232
760 369 13 12 0.231
988 403 7 9 0.198
904 386 10 11 0.184
501 347 13 15 0.179
507 348 11 13 0.160
942 374 8 12 0.135
752 367 18 11 0.129
94 361 9 11 0.127
934 378 10 10 0.094
694 330 11 17 0.080
95 367 9 11 0.061
811 385 7 9 0.049
492 341 10 14 0.048
682 325 10 13 0.047
497 344 14 14 0.040
678 330 9 12 0.040
862 371 8 11 0.034
689 326 12 16 0.032
513 357 9 11 0.032
616 323 12 19 0.028
910 381 8 10 0.026
1016 300 9 16 0.025
844 396 8 9 0.022
683 331 11 16 0.022
946 373 8 10 0.022
87 362 9 11 0.020
680 327 13 24 0.019
934 374 9 11 0.018
769 367 8 10 0.018
95 372 8 10 0.018
402 324 12 19 0.017
328 317 12 16 0.015
892 384 11 13 0.015
73 368 8 9 0.013
894 396 8 10 0.013
60 55 7 8 0.012
1010 304 12 17 0.010
371 340 10 12 0.010
317 316 13 18 0.010
