0_Parade_Parade_0_164
549
688 329 13 15 0.688
19 436 14 16 0.586
44 396 11 13 0.560
946 387 10 13 0.556
313 310 8 10 0.541
86 420 14 15 0.528
299 378 11 12 0.521
252 303 8 10 0.515
62 426 11 15 0.513
283 327 9 10 0.499
922 408 9 11 0.497
714 300 11 14 0.486
286 305 8 11 0.479
335 319 8 10 0.475
277 400 10 12 0.473
897 504 13 13 0.473
635 304 11 12 0.466
123 345 10 14 0.460
194 375 10 12 0.438
941 421 9 12 0.427
924 475 10 12 0.427
239 323 10 12 0.418
364 299 9 11 0.401
998 440 10 12 0.393
896 562 11 15 0.390
341 293 7 9 0.384
553 308 12 16 0.382
224 357 10 13 0.378
180 377 11 12 0.374
286 258 8 9 0.368
643 262 9 11 0.365
144 390 11 14 0.361
655 285 12 14 0.357
678 272 10 13 0.355
135 371 11 12 0.353
679 234 8 11 0.324
931 542 12 16 0.311
598 403 15 17 0.304
121 411 11 13 0.302
228 343 10 13 0.295
886 633 12 15 0.288
887 452 10 15 0.288
830 586 12 15 0.275
226 346 11 15 0.275
820 377 9 11 0.271
986 512 11 14 0.264
90 396 10 13 0.259
997 363 10 12 0.243
410 307 7 8 0.239
513 339 11 14 0.238
802 382 10 11 0.230
735 611 14 22 0.222
986 323 8 10 0.219
198 561 17 22 0.217
648 406 15 17 0.214
948 301 6 8 0.207
969 610 13 15 0.199
673 359 12 16 0.190
865 377 8 9 0.190
946 378 10 29 0.190
512 253 6 8 0.187
245 389 11 13 0.180
494 355 9 13 0.179
964 385 9 11 0.179
236 319 10 12 0.178
1005 331 8 10 0.176
42 387 11 40 0.172
940 415 8 27 0.171
180 376 28 12 0.171
988 482 10 12 0.170
512 403 16 20 0.170
351 319 12 9 0.164
649 317 10 13 0.163
848 368 9 11 0.159
390 303 8 10 0.158
395 488 27 32 0.157
715 286 10 36 0.154
901 340 8 10 0.147
125 342 9 13 0.144
999 645 12 14 0.141
0 426 8 16 0.139
992 726 14 19 0.139
807 380 12 13 0.136
234 314 9 11 0.132
606 327 11 14 0.132
693 257 9 14 0.129
971 364 8 10 0.129
721 278 8 14 0.127
996 590 13 15 0.125
288 324 8 12 0.124
187 523 17 22 0.121
772 225 8 10 0.118
689 283 10 12 0.118
335 310 8 24 0.118
489 263 6 8 0.116
633 393 12 17 0.116
412 382 10 15 0.115
636 373 12 14 0.115
945 451 10 13 0.115
982 513 12 15 0.115
649 252 14 12 0.112
841 346 9 10 0.112
449 422 16 19 0.112
624 267 9 13 0.111
899 269 6 8 0.111
411 343 8 10 0.110
737 228 8 9 0.110
914 288 7 9 0.110
136 362 10 31 0.109
364 277 8 10 0.106
971 338 8 9 0.106
942 450 10 12 0.106
975 569 11 15 0.106
635 377 13 16 0.104
656 252 9 10 0.101
929 347 7 10 0.101
143 373 10 38 0.100
720 237 8 9 0.100
125 352 11 15 0.097
977 753 15 16 0.097
1002 558 11 15 0.096
178 359 11 14 0.096
994 649 10 13 0.095
997 305 7 9 0.093
877 425 8 11 0.092
909 364 8 11 0.091
313 299 9 33 0.091
356 293 19 20 0.090
312 526 19 20 0.090
657 247 9 17 0.090
540 238 6 8 0.089
271 395 18 20 0.087
245 486 18 22 0.086
731 267 7 11 0.079
835 558 11 15 0.078
457 423 26 19 0.078
366 279 9 10 0.077
632 300 10 14 0.077
1003 644 12 13 0.077
318 331 8 10 0.077
864 295 7 9 0.076
403 483 20 25 0.075
229 314 10 60 0.075
941 371 14 51 0.074
972 666 13 15 0.074
356 317 10 17 0.073
916 311 7 10 0.072
731 262 8 21 0.072
834 440 9 12 0.072
822 375 10 11 0.071
395 285 8 10 0.070
656 263 9 53 0.070
633 386 13 17 0.068
282 325 10 23 0.068
255 378 10 13 0.067
665 240 10 21 0.066
921 475 10 13 0.066
774 228 7 10 0.066
225 342 10 12 0.066
512 242 6 26 0.065
794 427 11 14 0.065
398 269 7 10 0.064
287 329 8 11 0.064
246 294 9 51 0.063
991 425 8 12 0.063
874 476 10 13 0.063
430 248 7 9 0.062
995 646 11 14 0.062
480 241 6 8 0.061
822 470 12 14 0.061
108 407 11 14 0.061
609 323 12 15 0.060
591 293 11 14 0.060
641 381 19 52 0.060
612 363 12 15 0.060
894 398 9 12 0.059
22 432 13 16 0.059
953 275 7 9 0.058
922 402 24 30 0.057
916 437 9 12 0.057
965 378 10 13 0.056
894 299 8 9 0.055
961 604 14 19 0.055
974 517 12 14 0.055
258 376 9 11 0.054
510 409 18 21 0.054
895 374 8 9 0.054
753 249 9 11 0.052
504 347 12 14 0.052
925 376 9 11 0.051
603 406 13 16 0.051
692 256 12 27 0.050
953 337 8 11 0.050
625 262 10 13 0.049
417 259 7 22 0.049
395 289 8 10 0.049
598 411 16 16 0.049
212 352 23 35 0.048
738 615 14 18 0.048
738 609 14 18 0.047
108 401 13 17 0.047
116 397 13 24 0.047
651 298 13 40 0.047
749 247 10 12 0.047
390 336 7 9 0.046
867 378 8 11 0.046
897 372 10 12 0.046
625 273 9 21 0.045
865 435 9 11 0.045
738 282 8 12 0.044
554 316 13 14 0.044
674 352 12 15 0.043
666 293 12 13 0.043
970 334 9 24 0.043
224 349 11 16 0.043
1006 324 8 13 0.042
799 377 26 17 0.042
831 518 12 17 0.042
852 331 7 10 0.042
552 300 11 17 0.042
176 336 10 12 0.041
288 359 10 12 0.041
965 609 13 15 0.040
280 330 10 13 0.040
886 332 9 11 0.040
795 419 11 21 0.040
896 261 8 23 0.040
733 288 10 10 0.040
973 748 13 19 0.040
656 271 11 14 0.039
398 264 7 20 0.038
700 222 7 9 0.038
864 287 7 22 0.038
277 361 10 12 0.038
139 383 11 15 0.038
631 398 13 15 0.038
978 666 13 17 0.038
705 273 9 11 0.037
964 253 6 8 0.037
439 294 8 11 0.037
447 418 14 18 0.037
867 433 9 11 0.037
469 267 8 15 0.036
952 334 8 24 0.036
951 613 13 17 0.036
991 423 10 19 0.036
418 265 6 12 0.036
705 272 12 16 0.036
2 401 8 14 0.035
961 324 8 10 0.035
916 308 7 24 0.035
916 268 7 8 0.035
712 241 9 20 0.034
799 382 10 13 0.034
172 331 10 11 0.034
877 347 8 14 0.034
739 225 8 10 0.034
985 677 12 15 0.034
998 444 9 12 0.034
953 590 14 17 0.034
733 222 13 23 0.033
696 223 9 12 0.033
282 259 8 9 0.033
354 313 9 13 0.033
939 323 8 13 0.032
959 320 11 19 0.032
512 336 10 13 0.032
395 280 8 20 0.032
913 262 11 22 0.032
232 314 7 9 0.032
890 328 8 10 0.032
848 333 10 18 0.032
812 407 11 13 0.032
897 403 9 13 0.032
915 440 9 13 0.032
399 265 8 12 0.031
945 375 10 15 0.031
867 395 9 11 0.031
601 265 8 9 0.031
798 423 10 13 0.031
859 474 11 14 0.031
96 394 41 39 0.031
996 366 8 11 0.031
964 245 5 19 0.030
46 399 12 14 0.030
978 570 15 14 0.030
922 374 12 11 0.030
751 238 12 27 0.030
856 472 9 12 0.030
837 293 7 9 0.030
115 394 10 12 0.030
833 513 13 19 0.030
952 340 8 12 0.030
667 297 11 12 0.029
693 243 9 27 0.029
170 329 9 9 0.029
902 335 16 17 0.029
628 368 19 60 0.029
476 539 20 21 0.029
388 338 9 11 0.029
940 359 10 12 0.029
968 292 8 16 0.029
177 341 12 26 0.029
964 578 13 15 0.029
976 454 10 12 0.028
178 379 11 13 0.028
471 430 20 20 0.028
672 291 10 14 0.028
1002 437 15 15 0.028
624 354 23 45 0.028
996 428 10 50 0.028
319 322 13 30 0.028
942 418 10 65 0.028
1013 339 9 10 0.027
938 545 12 14 0.027
701 265 17 22 0.027
284 362 14 14 0.027
655 252 23 11 0.026
517 403 16 18 0.026
971 522 11 12 0.026
879 458 11 15 0.026
244 393 11 13 0.026
993 299 10 26 0.026
515 335 14 15 0.026
880 450 11 15 0.026
470 260 9 29 0.026
720 272 16 28 0.026
830 523 12 18 0.025
589 295 9 11 0.025
624 294 10 13 0.025
876 407 9 44 0.025
251 378 17 15 0.025
841 275 7 8 0.025
944 576 10 13 0.025
657 261 10 28 0.024
426 275 9 23 0.024
429 240 12 24 0.024
894 294 7 27 0.024
970 663 27 28 0.024
126 338 9 11 0.024
1001 439 10 13 0.024
689 250 12 27 0.024
475 274 7 21 0.024
697 270 24 12 0.024
536 237 11 9 0.023
458 379 16 17 0.023
412 255 8 9 0.023
343 287 11 15 0.023
401 473 18 24 0.023
794 433 11 15 0.023
810 401 11 18 0.023
325 307 9 10 0.023
744 613 13 16 0.023
988 682 12 15 0.023
427 279 7 14 0.023
828 468 11 14 0.023
285 270 7 103 0.022
947 270 13 25 0.022
986 484 9 12 0.022
609 344 15 19 0.022
833 414 12 56 0.022
939 272 9 27 0.022
979 549 12 15 0.022
671 354 12 15 0.022
717 232 9 30 0.022
328 304 9 11 0.021
834 531 11 48 0.021
715 233 27 11 0.021
980 726 23 42 0.021
653 247 8 11 0.021
651 241 10 21 0.021
1000 333 11 23 0.021
1000 589 13 17 0.021
267 344 9 11 0.021
1000 541 10 84 0.021
1017 299 7 25 0.021
945 713 15 17 0.020
97 384 10 13 0.020
982 566 14 16 0.020
917 316 8 13 0.020
256 346 12 62 0.020
366 301 11 12 0.020
936 389 15 13 0.020
697 227 10 11 0.020
515 378 12 14 0.020
254 464 16 20 0.020
140 387 12 14 0.020
360 325 11 11 0.020
185 550 17 25 0.020
396 500 23 26 0.020
930 415 24 15 0.019
972 294 7 9 0.019
990 592 12 15 0.019
883 254 7 22 0.019
938 423 10 30 0.019
854 359 23 40 0.019
825 286 7 9 0.019
869 327 8 9 0.019
630 247 10 92 0.019
279 296 9 11 0.019
887 292 15 20 0.019
314 530 21 24 0.019
424 241 12 30 0.019
865 346 14 68 0.018
280 285 7 10 0.018
177 345 11 14 0.018
252 468 16 25 0.018
993 346 9 12 0.018
633 369 17 21 0.018
659 244 12 29 0.018
644 383 12 16 0.018
756 232 11 21 0.018
869 428 16 13 0.018
460 418 17 18 0.018
827 583 10 16 0.018
343 289 7 14 0.018
293 384 10 13 0.018
266 364 15 15 0.018
976 263 7 9 0.018
771 209 9 50 0.018
185 533 15 19 0.017
906 634 13 14 0.017
449 243 8 22 0.017
128 400 13 16 0.017
876 352 9 11 0.017
864 482 11 14 0.017
212 419 12 14 0.017
470 532 19 24 0.017
742 246 12 30 0.017
873 407 9 52 0.016
249 494 20 22 0.016
918 460 9 13 0.016
678 217 9 111 0.016
439 204 7 7 0.016
686 326 12 15 0.016
257 459 13 18 0.016
533 485 19 18 0.016
693 220 8 34 0.016
767 224 9 10 0.016
961 327 16 27 0.016
922 333 11 26 0.016
749 265 8 16 0.015
682 396 10 12 0.015
941 278 8 15 0.015
637 354 38 52 0.015
970 292 11 14 0.015
397 284 24 54 0.015
861 460 20 44 0.015
600 267 8 10 0.015
476 421 16 19 0.015
975 609 14 15 0.015
455 380 13 16 0.015
574 362 15 16 0.014
732 243 7 48 0.014
915 400 11 14 0.014
976 535 13 80 0.014
411 482 14 21 0.014
584 238 8 22 0.014
451 248 7 30 0.014
942 353 12 23 0.014
299 246 9 18 0.014
988 461 12 13 0.014
476 232 12 31 0.014
915 260 15 26 0.014
474 292 8 9 0.014
603 397 13 17 0.014
554 296 10 13 0.014
239 349 12 16 0.014
539 231 9 16 0.013
636 368 12 14 0.013
989 420 10 12 0.013
505 417 18 20 0.013
998 301 8 17 0.013
755 238 14 12 0.013
495 263 9 21 0.013
716 247 14 31 0.013
722 654 13 19 0.013
277 360 24 12 0.013
881 635 11 15 0.013
843 269 8 18 0.013
936 325 10 28 0.013
890 619 11 14 0.013
607 344 18 47 0.013
986 644 12 57 0.013
430 209 6 8 0.013
81 417 14 18 0.013
239 319 14 17 0.013
451 247 7 14 0.013
894 507 12 14 0.013
987 726 16 26 0.013
409 256 8 97 0.013
719 223 8 45 0.013
564 454 15 18 0.013
968 616 13 14 0.013
504 396 17 19 0.013
533 227 15 29 0.012
766 219 16 20 0.012
447 257 11 28 0.012
922 700 14 19 0.012
995 577 13 23 0.012
897 251 8 43 0.012
181 523 17 20 0.012
100 413 17 15 0.012
431 231 8 19 0.012
501 277 7 9 0.012
1007 645 13 13 0.012
970 581 13 16 0.012
917 440 12 16 0.012
540 483 16 19 0.012
980 536 11 16 0.012
956 558 18 89 0.012
737 289 9 11 0.011
1017 476 7 14 0.011
185 365 11 14 0.011
586 356 16 18 0.011
244 357 12 12 0.011
880 356 9 12 0.011
823 587 13 16 0.011
922 409 10 21 0.011
1002 360 10 13 0.011
353 275 8 10 0.011
602 289 12 14 0.011
485 387 13 16 0.011
617 236 7 9 0.011
589 249 11 9 0.011
532 336 12 14 0.011
597 390 15 17 0.011
247 477 17 20 0.011
968 743 15 19 0.011
719 261 16 32 0.011
798 412 10 19 0.011
968 568 11 15 0.011
888 401 11 12 0.011
210 415 12 15 0.011
1015 336 8 18 0.011
967 515 10 13 0.011
283 303 9 12 0.011
410 311 7 10 0.010
322 336 11 16 0.010
280 361 11 12 0.010
952 593 12 18 0.010
569 320 10 13 0.010
817 400 12 21 0.010
609 358 16 20 0.010
833 544 18 33 0.010
651 271 40 33 0.010
527 489 18 20 0.010
918 310 7 25 0.010
371 344 11 15 0.010
