0_Parade_marchingband_1_227
126
287 138 26 33 0.816
915 141 39 51 0.805
416 113 21 30 0.792
457 135 33 41 0.783
559 86 18 25 0.778
596 132 23 30 0.776
841 125 30 38 0.721
175 106 24 33 0.684
291 101 22 29 0.683
68 95 19 24 0.682
788 90 20 25 0.667
250 95 20 26 0.662
36 94 15 18 0.640
328 92 14 19 0.638
349 103 17 23 0.607
512 108 23 31 0.597
487 96 21 27 0.594
773 133 16 20 0.586
151 103 16 23 0.584
133 90 12 15 0.536
714 98 43 41 0.529
214 77 11 14 0.515
379 97 14 19 0.499
941 114 23 27 0.483
6 107 17 22 0.466
0 85 12 20 0.449
608 108 15 20 0.423
587 92 9 12 0.395
248 84 19 21 0.393
637 103 13 17 0.384
506 82 18 22 0.329
60 74 15 17 0.308
169 79 11 14 0.268
530 95 14 16 0.244
41 118 19 25 0.234
0 89 16 35 0.218
606 112 18 23 0.191
816 106 27 37 0.149
191 84 12 16 0.145
354 96 19 23 0.144
422 89 15 20 0.141
308 97 15 20 0.140
599 101 20 69 0.121
362 91 14 17 0.120
66 75 19 58 0.120
156 104 22 28 0.109
291 74 11 14 0.102
599 85 11 13 0.100
93 83 15 19 0.094
103 97 15 21 0.086
383 81 12 18 0.086
98 84 16 19 0.082
241 82 22 20 0.077
101 87 16 25 0.072
523 89 15 17 0.072
372 88 15 18 0.069
610 102 14 20 0.067
647 87 10 13 0.060
535 95 15 20 0.056
42 94 50 44 0.054
103 82 12 17 0.054
600 82 15 27 0.052
43 105 29 34 0.048
435 104 13 16 0.048
154 88 15 16 0.047
395 101 14 19 0.046
265 93 13 22 0.045
534 93 12 16 0.043
725 98 46 35 0.042
28 112 16 21 0.042
650 88 15 16 0.039
430 94 15 20 0.039
105 105 13 17 0.039
655 88 14 22 0.037
266 89 14 17 0.037
81 75 28 28 0.037
320 95 17 20 0.034
0 77 11 17 0.034
422 85 14 16 0.034
195 75 11 14 0.034
152 92 11 15 0.032
665 103 15 20 0.030
955 156 17 23 0.030
942 107 19 25 0.028
257 98 19 23 0.028
8 24 7 8 0.027
446 89 13 15 0.025
286 76 14 16 0.025
70 73 13 15 0.024
502 57 39 96 0.022
102 109 13 17 0.022
174 75 13 14 0.020
134 70 9 12 0.020
444 90 16 22 0.020
769 128 18 21 0.019
474 91 18 28 0.019
508 78 15 18 0.019
98 104 15 19 0.017
658 89 12 15 0.017
776 127 18 22 0.016
22 62 13 16 0.016
616 115 14 21 0.016
373 83 22 19 0.016
425 92 28 27 0.016
569 84 17 19 0.016
386 81 12 15 0.015
742 100 27 29 0.015
652 102 18 22 0.015
309 91 12 16 0.015
94 75 14 17 0.015
85 60 8 10 0.015
927 118 39 55 0.015
108 85 12 16 0.013
133 69 13 16 0.013
167 53 34 111 0.012
546 100 13 18 0.012
226 76 12 14 0.012
481 98 18 24 0.012
103 69 13 21 0.012
416 79 16 24 0.011
503 77 16 19 0.011
432 84 17 22 0.011
788 126 16 19 0.011
226 81 15 17 0.011
185 88 14 17 0.010
379 55 11 14 0.010
