0_Parade_marchingband_1_695
117
311 174 50 58 0.855
845 198 41 43 0.850
571 96 60 68 0.849
184 209 38 49 0.796
518 240 24 31 0.764
752 268 25 28 0.753
77 270 25 31 0.638
141 248 30 37 0.619
279 168 16 22 0.543
938 96 12 13 0.536
258 179 17 21 0.493
992 72 10 13 0.477
18 294 23 30 0.404
967 87 9 11 0.403
827 146 9 12 0.378
703 153 9 11 0.370
479 179 11 14 0.316
743 152 8 9 0.304
505 167 13 15 0.288
426 169 18 20 0.278
965 89 10 12 0.269
908 111 8 11 0.231
880 113 8 10 0.222
559 147 18 24 0.197
1008 130 11 15 0.195
258 176 33 21 0.166
926 98 10 12 0.136
717 142 8 11 0.130
760 140 8 10 0.119
964 83 20 15 0.118
512 170 14 16 0.112
893 159 14 15 0.105
1014 68 8 12 0.097
1008 114 12 15 0.080
798 129 7 9 0.080
999 138 12 15 0.060
913 141 10 12 0.059
14 301 22 35 0.054
483 180 12 15 0.054
763 168 10 12 0.051
518 175 14 16 0.051
536 175 10 12 0.048
254 179 13 20 0.046
877 112 8 11 0.045
73 266 15 21 0.045
505 165 10 13 0.044
686 151 10 11 0.044
1006 102 10 14 0.044
471 174 51 16 0.043
771 147 8 10 0.042
760 136 12 20 0.042
1013 61 7 9 0.041
727 149 9 10 0.040
823 125 8 14 0.040
536 180 13 16 0.039
132 252 17 27 0.038
258 175 13 17 0.038
991 69 10 12 0.037
105 239 16 19 0.036
892 105 14 16 0.035
845 147 9 11 0.035
555 146 15 19 0.034
894 137 11 13 0.032
747 149 10 17 0.031
1010 97 10 14 0.031
521 172 13 16 0.030
414 172 16 21 0.030
893 147 13 29 0.029
746 150 9 11 0.027
691 148 10 14 0.026
899 161 14 16 0.026
914 140 14 15 0.026
954 117 11 13 0.025
210 158 9 15 0.024
1006 99 14 26 0.023
779 134 11 24 0.022
910 83 43 43 0.022
889 108 28 9 0.022
518 173 26 19 0.021
692 156 9 11 0.021
440 477 15 19 0.020
386 168 10 18 0.019
14 288 18 27 0.019
816 171 12 15 0.019
694 144 9 12 0.018
508 309 16 19 0.018
98 241 30 27 0.018
21 286 18 23 0.018
927 150 14 18 0.018
658 153 12 13 0.018
794 122 11 25 0.017
824 147 14 23 0.016
94 247 20 22 0.016
148 254 31 36 0.016
526 186 13 16 0.016
689 139 15 27 0.016
48 271 15 20 0.015
252 184 15 21 0.015
905 68 14 100 0.015
684 144 12 16 0.015
830 126 15 49 0.014
844 120 12 22 0.014
88 253 20 23 0.014
910 132 11 23 0.014
780 145 9 10 0.014
554 150 19 27 0.014
210 163 10 15 0.013
808 149 10 12 0.013
656 158 11 12 0.013
837 115 9 20 0.012
45 267 14 18 0.012
469 178 13 15 0.012
439 175 14 17 0.012
931 144 13 21 0.012
682 132 19 46 0.011
1006 228 18 59 0.010
755 253 11 14 0.010
