0_Parade_Parade_0_353
107
494 240 27 33 0.831
389 259 21 26 0.807
597 236 46 50 0.763
884 247 17 21 0.743
693 249 14 15 0.735
288 289 14 16 0.718
323 295 32 39 0.717
837 265 20 23 0.699
253 289 13 15 0.545
32 341 15 18 0.471
717 251 13 18 0.421
455 284 10 12 0.403
851 248 18 19 0.401
665 249 10 11 0.357
199 301 21 24 0.353
799 256 9 10 0.349
177 299 14 15 0.288
378 289 11 13 0.286
431 282 7 9 0.220
317 288 8 12 0.204
79 312 18 21 0.179
437 283 7 9 0.172
936 252 8 8 0.164
822 252 13 16 0.139
193 299 21 23 0.131
315 283 13 18 0.121
431 283 15 8 0.110
172 299 11 14 0.105
301 302 13 15 0.094
30 315 7 8 0.094
2 374 7 9 0.090
170 300 46 18 0.089
817 254 13 16 0.082
427 278 10 13 0.079
447 269 8 11 0.069
155 372 10 12 0.059
188 307 17 20 0.056
900 240 14 16 0.051
28 315 11 12 0.044
316 268 10 12 0.042
932 244 12 20 0.041
862 249 19 19 0.041
430 280 6 8 0.039
74 318 16 19 0.039
5 373 7 10 0.037
252 289 16 24 0.037
922 246 9 11 0.037
784 269 11 15 0.036
670 249 14 15 0.034
821 252 11 12 0.033
806 258 13 23 0.033
905 237 12 14 0.033
189 299 16 18 0.032
908 243 14 13 0.031
739 254 24 29 0.031
662 245 11 15 0.031
541 270 13 17 0.030
740 246 29 51 0.030
30 338 11 16 0.029
150 312 10 12 0.029
185 312 13 15 0.028
802 272 9 12 0.027
166 302 18 15 0.027
381 270 19 21 0.026
795 272 14 12 0.026
209 304 21 23 0.026
316 276 11 21 0.025
807 252 10 10 0.024
304 305 14 18 0.023
69 320 14 17 0.022
924 244 10 11 0.022
988 253 7 7 0.021
66 324 13 15 0.021
260 288 17 16 0.021
315 268 16 24 0.021
678 263 16 15 0.019
21 340 27 38 0.019
797 254 12 14 0.018
244 309 11 15 0.018
844 257 20 24 0.018
543 269 17 20 0.017
137 278 8 10 0.017
689 254 16 17 0.015
1018 237 6 11 0.015
247 306 13 16 0.015
545 266 25 30 0.015
145 306 11 17 0.014
679 268 12 14 0.014
376 292 11 15 0.013
869 256 11 14 0.013
708 249 13 15 0.013
468 277 15 14 0.013
1018 247 6 21 0.013
261 301 13 19 0.012
41 341 15 17 0.012
798 274 14 14 0.012
177 296 20 24 0.012
26 315 8 9 0.012
145 313 14 14 0.011
378 283 14 17 0.011
723 256 18 22 0.011
744 269 26 35 0.011
766 255 34 45 0.011
1019 236 5 25 0.011
777 268 14 17 0.011
987 248 10 19 0.010
468 282 15 16 0.010
