0_Parade_Parade_0_125
25
520 340 26 35 0.822
1005 342 19 32 0.814
583 277 19 25 0.809
475 272 21 27 0.798
11 411 14 17 0.740
52 431 12 14 0.653
372 278 15 24 0.519
139 460 12 15 0.090
584 268 19 28 0.085
15 479 14 18 0.075
588 253 17 22 0.062
1 494 11 14 0.054
37 424 12 14 0.050
898 426 7 7 0.040
98 460 8 11 0.034
950 427 5 10 0.023
882 429 7 8 0.021
565 238 16 20 0.016
54 428 11 13 0.016
56 438 12 14 0.013
887 427 11 12 0.013
38 422 9 10 0.012
895 419 11 26 0.012
948 430 6 28 0.012
899 424 6 7 0.012
