0_Parade_Parade_0_239
36
902 280 33 41 0.867
352 294 32 42 0.853
500 377 33 39 0.845
878 326 37 44 0.833
275 303 24 31 0.831
506 292 30 34 0.829
226 320 36 42 0.814
744 289 39 50 0.814
394 285 33 39 0.808
708 291 23 32 0.794
610 295 27 35 0.761
831 310 12 15 0.597
854 309 14 17 0.466
37 297 33 44 0.321
7 300 11 13 0.276
485 282 19 27 0.258
60 375 21 32 0.113
250 0 43 15 0.082
976 314 17 19 0.063
805 311 10 13 0.056
959 314 16 17 0.051
221 286 9 11 0.049
704 257 12 16 0.041
2 295 37 28 0.037
46 298 21 25 0.029
31 308 38 46 0.028
1010 316 14 25 0.025
847 313 21 23 0.024
1015 91 9 15 0.021
826 310 14 16 0.019
800 311 11 15 0.015
336 287 21 26 0.014
832 311 15 30 0.014
334 286 16 21 0.014
1013 313 12 21 0.013
859 309 13 16 0.011
