0_Parade_marchingband_1_149
27
442 370 29 43 0.882
282 384 25 37 0.879
464 304 23 31 0.877
280 230 24 30 0.868
600 240 22 30 0.868
536 299 24 34 0.868
672 317 25 33 0.868
526 383 26 37 0.867
809 239 23 33 0.865
310 313 24 32 0.865
474 232 22 30 0.864
390 308 24 32 0.864
631 377 26 35 0.862
404 223 23 30 0.860
372 380 26 37 0.859
664 236 24 32 0.859
728 240 25 29 0.859
534 221 23 33 0.858
713 388 28 38 0.857
603 322 23 32 0.855
784 314 24 31 0.853
226 314 22 31 0.851
351 236 25 32 0.849
212 233 24 32 0.849
704 268 20 24 0.244
244 263 20 21 0.052
310 261 27 30 0.037
