0_Parade_Parade_0_12
66
831 112 37 48 0.874
325 153 34 41 0.864
483 161 41 56 0.863
726 128 49 68 0.856
912 146 25 33 0.841
639 140 30 35 0.829
1004 134 20 30 0.821
252 168 24 30 0.820
574 176 25 30 0.805
394 172 34 44 0.707
126 195 19 23 0.648
186 209 19 24 0.646
277 191 24 29 0.621
155 201 17 20 0.582
537 204 12 15 0.522
370 197 19 23 0.277
597 190 16 23 0.268
423 176 16 24 0.233
531 196 19 24 0.151
177 207 16 20 0.096
51 206 12 15 0.088
1 196 5 8 0.087
453 183 21 28 0.071
445 181 22 22 0.058
455 173 23 33 0.054
525 191 15 22 0.050
532 212 13 20 0.049
432 183 17 18 0.048
518 200 15 20 0.036
617 158 14 19 0.034
604 187 17 23 0.034
91 216 13 14 0.027
166 206 19 20 0.026
456 179 16 23 0.025
457 195 19 20 0.023
944 173 10 12 0.022
60 206 19 17 0.021
165 191 19 20 0.021
96 218 14 13 0.021
69 207 16 14 0.021
870 145 15 19 0.021
426 167 13 21 0.017
37 216 15 12 0.017
36 187 8 10 0.017
89 209 13 22 0.016
1 194 6 8 0.016
92 221 9 11 0.016
175 193 17 19 0.015
68 209 10 12 0.015
525 183 15 22 0.015
546 195 11 16 0.015
540 213 12 18 0.015
162 176 16 39 0.014
599 197 17 23 0.014
807 38 13 15 0.013
378 160 17 25 0.013
864 128 18 26 0.013
359 162 16 22 0.012
535 201 17 23 0.012
894 143 14 22 0.012
172 188 15 18 0.011
1018 225 6 14 0.010
424 184 31 21 0.010
103 221 9 11 0.010
468 198 17 22 0.010
759 186 19 22 0.010
