0_Parade_Parade_0_43
776
187 388 19 22 0.873
676 449 20 25 0.870
200 454 20 23 0.864
655 350 19 24 0.863
398 514 20 24 0.856
265 515 20 23 0.855
501 394 20 25 0.845
133 428 21 24 0.845
499 514 20 24 0.843
151 507 21 25 0.843
442 450 20 22 0.839
942 520 21 27 0.838
703 377 20 24 0.830
548 449 19 23 0.822
30 511 21 24 0.821
305 357 21 24 0.820
309 453 21 25 0.819
385 342 19 23 0.816
598 343 19 24 0.816
715 517 19 23 0.812
884 463 19 25 0.811
603 514 20 23 0.811
490 224 17 22 0.807
253 379 21 23 0.807
824 518 18 23 0.805
755 402 19 23 0.800
771 461 18 23 0.800
10 481 19 23 0.784
543 289 20 25 0.783
76 455 18 23 0.780
811 437 18 21 0.775
439 288 19 22 0.760
113 272 10 13 0.723
793 388 16 17 0.697
849 325 10 14 0.660
896 299 10 11 0.654
142 277 9 12 0.652
790 328 9 12 0.644
978 323 12 14 0.642
772 383 15 17 0.615
332 239 7 10 0.597
906 329 11 14 0.594
787 247 7 10 0.588
1015 303 9 12 0.588
887 272 9 11 0.584
822 314 10 12 0.580
938 332 11 13 0.569
722 210 8 10 0.556
703 338 12 13 0.556
849 297 9 11 0.547
194 284 10 11 0.543
930 272 9 11 0.539
887 373 12 15 0.528
217 276 10 12 0.524
675 255 8 10 0.521
766 300 9 12 0.517
809 263 9 12 0.515
986 272 9 11 0.515
923 502 14 17 0.510
747 323 13 15 0.506
215 254 8 11 0.506
702 261 10 11 0.504
999 309 10 12 0.504
365 285 11 13 0.501
840 260 8 11 0.499
936 248 9 11 0.499
725 314 9 11 0.495
38 257 9 11 0.471
154 256 8 11 0.468
3 280 11 12 0.460
636 230 9 10 0.455
556 240 8 10 0.453
683 275 9 10 0.447
921 355 14 17 0.444
774 317 11 13 0.442
749 264 8 11 0.438
1002 237 9 10 0.436
583 241 9 12 0.431
606 240 11 12 0.429
908 257 9 11 0.427
759 274 9 11 0.427
326 281 10 11 0.427
638 307 10 13 0.427
362 219 7 10 0.423
663 322 11 13 0.423
580 259 8 11 0.414
709 316 10 13 0.414
849 264 9 11 0.408
887 254 9 11 0.401
736 292 9 11 0.399
794 276 9 12 0.395
1013 323 10 12 0.395
839 372 11 15 0.395
784 216 7 8 0.391
312 237 8 11 0.384
349 239 8 10 0.382
819 334 11 12 0.380
369 247 8 9 0.376
715 254 9 10 0.374
933 298 9 12 0.374
927 227 8 12 0.372
1014 266 9 12 0.370
822 367 11 14 0.370
965 201 7 9 0.368
655 242 8 11 0.368
729 242 8 11 0.368
343 272 9 11 0.359
829 294 9 11 0.359
983 294 9 11 0.359
968 256 9 11 0.355
643 254 8 10 0.353
569 265 8 10 0.351
937 212 7 10 0.345
290 268 9 11 0.341
954 234 8 10 0.339
668 245 8 10 0.337
295 287 10 12 0.333
172 276 10 13 0.325
332 265 9 12 0.324
999 265 10 12 0.324
604 260 11 11 0.322
612 284 10 11 0.316
601 298 10 13 0.312
871 264 9 12 0.306
901 370 14 16 0.302
998 368 14 17 0.302
893 322 9 12 0.297
615 302 12 13 0.295
63 256 8 11 0.289
309 303 11 13 0.286
793 270 10 12 0.284
812 237 8 11 0.268
762 232 9 11 0.264
135 241 8 10 0.263
679 237 8 11 0.259
641 289 10 12 0.258
756 204 7 9 0.256
671 296 9 13 0.256
623 267 10 10 0.252
607 300 11 12 0.252
888 208 7 9 0.251
873 231 9 11 0.251
169 400 14 17 0.249
748 220 8 11 0.247
767 240 8 10 0.246
766 306 10 12 0.244
734 283 8 11 0.241
675 311 11 14 0.241
997 257 9 18 0.238
826 271 9 12 0.236
898 345 13 16 0.236
863 368 13 16 0.236
624 177 7 10 0.233
725 179 8 10 0.233
892 371 18 16 0.233
648 269 9 11 0.231
598 283 10 12 0.230
760 228 8 11 0.228
955 261 10 12 0.223
870 598 15 17 0.223
91 268 9 10 0.222
238 261 8 11 0.220
237 275 10 13 0.217
624 302 12 13 0.216
949 194 8 11 0.214
601 196 7 9 0.213
845 261 11 12 0.213
157 268 8 13 0.213
302 232 9 12 0.211
572 204 8 11 0.210
575 235 10 13 0.208
671 279 9 12 0.208
150 235 8 9 0.205
748 237 8 12 0.205
922 276 10 12 0.201
12 489 29 26 0.200
873 318 10 14 0.199
215 248 8 21 0.199
993 176 6 8 0.194
273 235 8 10 0.194
732 276 9 17 0.194
750 261 14 11 0.191
910 270 8 19 0.191
672 308 11 14 0.191
326 302 12 13 0.190
578 238 11 14 0.188
354 271 11 12 0.186
810 231 8 18 0.184
260 257 9 12 0.184
607 260 10 11 0.184
793 266 10 11 0.184
824 272 9 16 0.184
868 288 10 12 0.184
310 219 10 12 0.183
814 240 8 10 0.183
748 293 15 11 0.183
677 315 12 13 0.183
182 237 7 10 0.178
994 255 9 12 0.178
76 275 8 10 0.178
576 341 14 17 0.175
713 240 8 13 0.171
115 254 8 10 0.171
908 281 9 13 0.170
887 361 12 15 0.170
16 278 13 14 0.170
554 255 8 11 0.168
313 220 12 10 0.166
707 279 9 12 0.165
861 371 13 16 0.165
958 260 11 12 0.164
627 326 20 20 0.164
707 300 9 12 0.160
190 255 8 11 0.157
312 270 10 13 0.157
829 179 6 8 0.154
838 360 12 16 0.154
807 231 9 11 0.153
75 256 9 10 0.153
630 304 17 13 0.153
584 283 9 14 0.151
899 231 9 12 0.148
371 206 7 9 0.147
164 260 9 12 0.147
807 320 11 13 0.146
342 221 8 10 0.143
209 228 7 11 0.142
767 300 9 25 0.142
820 369 29 13 0.141
808 278 12 12 0.140
997 361 14 18 0.139
755 180 7 14 0.135
730 229 8 10 0.135
975 177 7 9 0.133
253 231 7 9 0.133
612 300 11 14 0.133
171 298 9 11 0.132
859 351 11 15 0.132
779 354 13 15 0.130
565 298 10 13 0.128
866 366 13 15 0.128
974 308 12 13 0.127
240 243 8 10 0.126
759 269 9 27 0.126
986 212 7 9 0.125
312 268 9 11 0.125
634 262 11 12 0.123
748 227 8 21 0.122
242 276 16 13 0.122
753 294 13 12 0.121
318 302 16 17 0.121
926 316 9 12 0.121
874 233 14 12 0.120
887 174 7 8 0.118
233 214 9 10 0.117
239 269 12 21 0.117
804 203 8 10 0.116
610 216 8 10 0.114
916 178 6 9 0.113
114 243 8 23 0.113
284 260 12 22 0.113
252 279 13 12 0.113
333 201 6 9 0.112
876 402 15 16 0.112
808 185 10 13 0.110
625 174 7 11 0.108
622 328 15 20 0.108
927 262 11 14 0.107
1002 304 12 28 0.107
1014 241 10 12 0.106
102 274 8 11 0.106
946 197 11 12 0.105
852 223 8 11 0.105
113 247 9 58 0.103
759 220 8 21 0.103
674 234 10 23 0.101
900 218 9 20 0.100
766 236 8 19 0.100
787 387 17 18 0.100
712 226 9 24 0.100
557 224 8 63 0.099
549 175 8 9 0.099
302 228 10 12 0.099
971 309 12 12 0.098
993 169 6 23 0.097
962 253 14 16 0.097
687 317 14 14 0.097
820 214 8 11 0.096
766 262 11 12 0.095
848 264 17 12 0.095
572 195 8 18 0.094
63 275 10 14 0.094
921 375 12 16 0.093
307 231 12 19 0.093
908 286 11 12 0.093
82 271 11 12 0.092
93 247 8 11 0.091
743 367 17 21 0.091
961 168 7 14 0.090
570 230 16 20 0.090
925 298 10 23 0.090
941 361 11 12 0.090
735 278 7 25 0.089
300 234 9 11 0.089
730 258 9 15 0.089
896 254 15 12 0.088
713 358 18 19 0.087
38 239 7 11 0.087
755 191 7 26 0.086
995 308 29 14 0.086
682 199 8 9 0.085
245 348 15 17 0.085
556 209 7 9 0.084
832 232 7 9 0.083
669 275 10 24 0.083
194 278 37 13 0.083
74 228 8 11 0.082
946 153 7 7 0.082
601 166 6 7 0.082
859 353 13 24 0.082
639 269 18 10 0.081
887 172 7 16 0.080
617 239 10 11 0.080
741 169 7 22 0.080
710 356 16 18 0.080
871 192 10 10 0.079
806 197 8 24 0.079
887 351 12 54 0.079
175 275 15 16 0.078
81 268 21 13 0.078
566 294 15 17 0.078
309 206 8 19 0.078
337 221 13 12 0.078
672 220 10 12 0.078
125 260 10 12 0.078
770 324 11 14 0.078
710 230 8 14 0.077
870 398 17 20 0.077
707 222 9 22 0.076
578 255 10 24 0.076
941 294 10 12 0.076
306 306 11 13 0.076
586 275 8 12 0.075
590 298 10 13 0.074
865 258 15 19 0.073
932 333 12 14 0.073
850 286 9 79 0.073
234 238 15 20 0.073
946 149 7 16 0.072
190 243 9 23 0.072
361 210 10 21 0.072
253 266 11 27 0.070
936 333 12 19 0.070
869 190 8 14 0.070
892 353 13 15 0.070
146 405 15 17 0.070
696 308 11 15 0.070
654 227 9 11 0.069
929 171 6 14 0.069
285 290 12 12 0.069
723 169 8 27 0.068
944 221 9 16 0.068
827 359 27 36 0.067
919 275 19 12 0.067
700 209 9 11 0.067
701 206 10 18 0.066
670 217 9 14 0.066
357 268 10 11 0.066
1002 213 7 61 0.066
965 193 9 18 0.065
869 280 10 22 0.064
775 210 14 21 0.064
903 213 9 17 0.064
38 239 8 26 0.064
899 231 15 15 0.064
274 185 8 10 0.063
861 209 8 12 0.063
131 265 11 13 0.063
290 283 12 19 0.063
646 184 7 10 0.063
320 315 14 15 0.063
967 220 9 14 0.062
980 291 9 71 0.062
741 176 7 10 0.062
260 254 10 12 0.062
707 278 15 15 0.062
908 272 14 27 0.062
580 286 15 21 0.062
752 197 12 27 0.061
916 173 7 21 0.061
75 224 7 11 0.061
307 304 22 14 0.060
884 166 7 16 0.059
910 193 8 24 0.059
875 228 10 24 0.059
325 293 12 26 0.059
658 169 8 12 0.058
828 176 7 16 0.058
226 231 10 19 0.058
708 297 10 12 0.058
801 361 13 15 0.058
605 174 8 23 0.057
606 180 7 10 0.057
837 355 10 13 0.057
855 347 12 15 0.057
643 248 12 28 0.055
182 218 7 14 0.054
727 263 15 10 0.053
744 312 12 23 0.053
307 271 13 25 0.052
638 281 13 20 0.052
858 304 12 14 0.052
273 219 8 36 0.051
63 280 9 11 0.051
332 264 15 21 0.051
623 173 8 15 0.050
986 239 7 94 0.050
613 211 10 12 0.050
405 274 9 10 0.050
581 169 6 9 0.049
167 265 14 27 0.049
843 191 7 9 0.048
778 284 13 88 0.048
678 229 7 36 0.047
911 203 10 13 0.047
893 295 11 18 0.047
166 230 12 14 0.047
652 275 14 22 0.047
864 392 11 16 0.047
128 263 11 12 0.046
546 177 9 10 0.046
570 186 8 12 0.046
645 294 14 19 0.046
709 180 9 22 0.045
63 270 9 12 0.045
868 373 16 18 0.045
774 317 16 23 0.045
795 174 11 29 0.045
773 186 8 24 0.045
719 362 13 15 0.045
797 179 9 31 0.045
983 240 13 26 0.045
975 378 13 16 0.045
1010 203 9 14 0.044
754 572 19 22 0.044
911 197 11 27 0.044
236 256 19 49 0.043
689 238 11 23 0.043
695 303 12 15 0.043
657 311 11 20 0.043
304 311 16 19 0.043
820 202 9 25 0.042
826 172 10 27 0.042
857 263 24 10 0.042
938 166 9 22 0.042
1009 172 7 13 0.042
637 356 12 17 0.041
700 304 11 12 0.041
586 232 8 22 0.041
744 374 17 20 0.041
1001 328 12 14 0.040
888 257 31 10 0.040
901 185 8 19 0.040
696 219 9 20 0.039
585 275 12 17 0.039
659 192 9 18 0.039
683 344 12 15 0.039
802 365 15 15 0.039
266 279 15 16 0.039
551 256 8 11 0.039
865 181 6 16 0.038
829 200 8 15 0.038
846 286 11 22 0.038
815 313 12 17 0.038
937 154 8 7 0.038
838 363 18 30 0.038
963 196 16 26 0.038
656 321 14 16 0.038
582 167 5 7 0.037
687 242 17 13 0.037
209 218 7 23 0.037
308 205 8 11 0.036
166 225 10 16 0.036
100 227 10 18 0.036
861 348 11 14 0.036
69 231 12 13 0.036
636 349 15 20 0.036
714 347 13 18 0.035
304 318 10 13 0.035
253 221 9 23 0.034
718 188 8 25 0.034
930 200 16 27 0.034
62 208 8 93 0.034
194 271 11 24 0.034
1015 271 10 12 0.034
910 373 17 15 0.034
554 259 8 10 0.034
331 164 8 9 0.033
624 333 15 20 0.033
709 355 35 20 0.033
699 340 16 17 0.033
656 198 8 19 0.033
601 162 7 28 0.032
830 223 8 21 0.032
923 169 9 30 0.032
104 227 9 21 0.032
886 172 6 8 0.032
368 242 9 11 0.032
153 215 8 11 0.031
63 260 12 29 0.031
756 181 5 45 0.031
321 261 16 37 0.031
826 189 12 21 0.031
307 522 17 20 0.031
960 159 8 20 0.031
183 235 16 12 0.031
272 269 10 22 0.030
748 378 20 23 0.030
789 312 12 36 0.030
716 227 7 50 0.030
659 163 11 25 0.030
781 170 14 30 0.030
1000 346 13 21 0.030
658 167 7 8 0.029
992 598 16 17 0.029
912 155 6 8 0.029
667 176 9 26 0.029
331 196 8 11 0.029
589 177 12 22 0.029
819 182 15 29 0.029
809 209 7 31 0.029
692 225 11 25 0.029
888 323 10 13 0.029
574 186 13 28 0.028
787 232 8 25 0.028
945 291 8 12 0.028
272 214 9 24 0.028
183 227 15 27 0.028
936 253 10 98 0.028
20 225 10 16 0.028
367 267 12 20 0.028
135 213 7 10 0.028
310 167 7 11 0.027
625 188 8 20 0.027
133 205 10 24 0.027
955 309 11 12 0.027
983 206 11 30 0.027
216 224 15 25 0.027
714 237 13 29 0.027
743 336 11 14 0.027
769 199 9 16 0.027
321 225 17 29 0.026
981 287 10 15 0.026
707 182 12 30 0.026
205 203 8 24 0.026
0 254 7 20 0.026
775 375 15 20 0.026
24 202 8 11 0.026
730 364 19 19 0.026
790 282 11 105 0.025
306 199 10 20 0.025
841 239 9 26 0.025
944 362 12 13 0.025
205 210 9 11 0.024
766 153 7 8 0.024
258 287 13 13 0.024
785 346 11 15 0.024
764 153 6 8 0.024
234 209 13 24 0.024
806 182 14 31 0.024
348 263 10 21 0.024
428 265 12 14 0.024
834 165 6 9 0.024
154 217 7 15 0.024
765 152 7 12 0.023
187 217 8 22 0.023
765 147 9 24 0.023
300 187 8 15 0.023
738 179 27 11 0.023
708 332 13 22 0.023
21 275 12 16 0.023
630 188 10 25 0.022
813 287 13 22 0.022
655 305 11 31 0.022
813 146 8 10 0.022
326 202 13 21 0.022
684 276 13 13 0.022
859 209 8 10 0.022
628 194 13 13 0.022
487 301 24 21 0.022
553 258 11 16 0.022
854 210 15 26 0.022
668 223 14 40 0.022
193 188 7 16 0.022
787 147 6 8 0.021
670 204 10 27 0.021
342 291 11 13 0.021
39 212 7 20 0.021
941 217 17 22 0.021
153 212 10 24 0.021
469 247 12 17 0.021
1007 344 10 15 0.021
999 271 10 13 0.021
365 286 12 24 0.021
641 181 10 28 0.021
712 221 12 39 0.021
976 220 13 29 0.021
161 231 25 11 0.021
929 288 11 31 0.021
401 273 11 15 0.021
352 269 9 11 0.021
929 152 7 8 0.021
728 310 12 14 0.021
20 224 8 11 0.020
134 208 14 28 0.020
793 165 12 26 0.020
765 329 11 15 0.020
742 171 18 27 0.020
844 179 7 24 0.020
270 284 15 19 0.020
845 239 14 24 0.020
279 241 12 23 0.020
923 205 26 19 0.020
898 175 11 28 0.020
139 231 25 103 0.020
1000 357 14 20 0.020
628 254 24 22 0.019
309 159 8 20 0.019
183 203 7 27 0.019
595 275 23 49 0.019
982 324 15 16 0.019
587 181 17 13 0.018
216 212 7 113 0.018
852 242 13 19 0.018
961 166 6 10 0.018
304 184 9 30 0.018
101 205 9 23 0.018
877 307 12 16 0.018
1 242 7 17 0.018
939 148 13 21 0.018
995 170 18 19 0.018
171 240 10 26 0.018
722 261 12 27 0.018
1008 198 10 24 0.018
98 210 9 13 0.018
879 404 21 18 0.017
302 185 9 14 0.017
626 234 13 26 0.017
863 370 11 32 0.017
653 166 14 29 0.017
678 325 15 27 0.017
644 289 22 26 0.017
332 187 7 36 0.017
75 201 7 9 0.017
206 229 29 13 0.017
850 417 11 15 0.017
858 203 8 21 0.017
738 367 17 19 0.016
870 179 11 29 0.016
771 162 12 29 0.016
264 289 24 12 0.016
351 206 10 21 0.016
762 273 15 21 0.016
828 159 6 42 0.016
986 180 12 23 0.016
307 176 8 24 0.016
772 264 13 111 0.016
836 327 31 97 0.016
233 183 8 75 0.016
623 285 24 66 0.016
902 260 10 118 0.015
572 149 8 104 0.015
848 151 6 21 0.015
888 165 14 24 0.015
587 218 12 18 0.015
307 184 7 11 0.015
973 240 17 28 0.015
293 232 9 112 0.015
15 255 11 22 0.015
135 202 6 40 0.015
673 159 8 10 0.015
696 208 9 39 0.015
774 338 14 22 0.015
1011 194 10 23 0.015
293 275 11 33 0.015
323 316 18 19 0.015
964 147 7 108 0.015
911 302 14 22 0.015
798 365 16 18 0.015
787 342 33 97 0.014
71 217 10 21 0.014
771 190 7 31 0.014
730 198 18 13 0.014
664 183 14 27 0.014
875 200 13 27 0.014
555 204 8 11 0.014
365 197 9 12 0.014
261 199 9 12 0.014
325 273 12 20 0.014
834 159 9 20 0.014
672 293 11 32 0.014
999 217 12 19 0.014
316 322 17 17 0.014
709 161 9 10 0.014
923 180 11 31 0.014
60 232 9 16 0.014
989 175 28 7 0.014
847 153 7 9 0.014
867 395 18 34 0.013
758 160 9 31 0.013
742 187 15 29 0.013
342 327 17 20 0.013
692 350 17 17 0.013
712 185 17 29 0.013
735 190 13 27 0.013
897 241 11 115 0.013
260 292 20 13 0.013
822 373 13 15 0.013
268 206 12 23 0.013
988 341 14 17 0.013
972 210 14 30 0.013
168 274 15 17 0.013
876 312 9 13 0.013
15 283 12 13 0.013
764 143 6 32 0.012
190 186 13 27 0.012
273 178 9 25 0.012
597 204 10 14 0.012
303 329 18 18 0.012
692 161 9 14 0.012
229 363 16 22 0.012
964 314 12 16 0.012
1009 163 7 40 0.012
299 146 9 11 0.012
724 144 7 115 0.012
235 211 8 11 0.012
733 159 10 31 0.012
351 174 7 10 0.012
31 281 10 13 0.012
517 318 17 20 0.012
99 210 10 27 0.011
970 380 13 16 0.011
60 229 24 17 0.011
886 170 16 12 0.011
566 290 9 15 0.011
918 164 16 41 0.011
93 234 29 32 0.011
733 327 15 23 0.011
194 192 7 9 0.011
565 213 10 26 0.011
851 238 9 117 0.011
576 207 12 28 0.011
657 182 10 38 0.011
794 291 12 21 0.011
338 359 15 17 0.011
578 206 10 117 0.011
739 158 12 10 0.011
806 215 13 111 0.011
579 174 13 31 0.011
381 252 12 14 0.011
274 214 12 19 0.011
541 179 9 14 0.010
986 262 15 25 0.010
945 171 16 32 0.010
611 268 23 70 0.010
737 151 9 25 0.010
213 212 14 28 0.010
987 222 17 30 0.010
349 329 15 19 0.010
306 276 17 58 0.010
640 258 10 90 0.010
831 159 12 30 0.010
627 167 7 8 0.010
282 152 8 9 0.010
94 270 13 17 0.010
58 227 13 25 0.010
