0_Parade_Parade_0_137
108
751 449 17 22 0.723
953 462 15 19 0.701
714 448 16 19 0.688
661 486 17 21 0.580
0 431 10 18 0.580
237 468 15 19 0.501
657 449 16 20 0.402
708 353 19 22 0.400
453 326 35 37 0.374
963 491 16 21 0.302
250 449 17 20 0.297
1014 315 9 16 0.209
63 339 14 17 0.195
378 340 21 23 0.182
996 513 15 17 0.155
393 341 21 24 0.122
343 348 19 22 0.116
944 320 15 17 0.104
956 472 17 25 0.071
239 402 13 17 0.063
1010 443 12 17 0.056
659 462 16 21 0.055
374 338 17 20 0.055
466 325 28 34 0.054
334 350 25 25 0.052
351 342 47 23 0.052
351 349 17 17 0.049
439 322 39 40 0.044
335 366 13 18 0.043
249 422 15 19 0.043
776 353 19 22 0.039
393 350 19 22 0.037
316 345 23 34 0.035
103 280 26 39 0.035
284 326 19 25 0.033
995 313 9 13 0.031
-1 325 12 28 0.029
668 445 15 19 0.029
955 463 17 27 0.028
755 447 18 22 0.026
0 453 9 20 0.026
90 414 20 24 0.026
240 405 15 20 0.025
462 335 23 29 0.025
649 453 14 20 0.025
991 513 14 18 0.024
18 355 12 15 0.024
993 317 10 11 0.023
942 312 16 19 0.023
915 314 11 14 0.022
512 342 21 31 0.022
949 328 12 17 0.021
48 452 16 20 0.021
372 345 19 18 0.021
21 436 16 18 0.021
963 500 16 21 0.020
642 379 18 20 0.020
997 506 14 18 0.020
186 355 18 20 0.020
1000 507 16 21 0.020
1008 579 16 31 0.019
1013 487 11 27 0.019
588 357 28 55 0.019
291 167 24 29 0.018
584 407 21 25 0.018
731 352 13 17 0.018
929 299 12 15 0.018
474 336 18 24 0.018
584 350 27 38 0.017
734 356 11 15 0.017
609 386 23 26 0.017
1015 319 9 18 0.016
80 408 28 28 0.016
16 357 12 22 0.016
-1 432 21 18 0.016
945 336 14 16 0.015
175 344 27 31 0.015
944 327 13 17 0.015
881 334 12 15 0.015
261 352 10 14 0.015
691 362 15 13 0.014
94 407 18 22 0.014
585 363 23 33 0.014
321 359 24 27 0.014
594 371 22 26 0.014
1011 449 11 14 0.013
718 477 16 20 0.013
598 376 22 25 0.013
724 450 14 18 0.013
60 337 19 24 0.013
716 454 15 21 0.013
932 304 17 22 0.013
640 375 16 20 0.013
145 356 16 17 0.012
670 368 12 16 0.012
174 342 20 24 0.012
309 337 27 31 0.012
167 311 14 17 0.011
994 310 12 29 0.011
42 457 16 21 0.011
605 363 27 56 0.011
922 302 15 22 0.011
15 368 14 19 0.011
246 389 16 75 0.011
756 348 13 14 0.011
604 383 21 25 0.011
704 346 15 27 0.011
54 390 22 26 0.010
