0_Parade_marchingband_1_606
48
46 158 31 38 0.863
487 137 33 39 0.856
784 157 39 43 0.853
259 140 30 37 0.842
842 155 28 34 0.828
704 177 24 29 0.826
616 194 25 29 0.821
132 212 23 27 0.785
435 183 19 26 0.731
13 210 20 24 0.675
191 241 17 20 0.412
569 212 13 17 0.346
746 196 13 18 0.156
942 245 21 21 0.140
178 212 16 19 0.126
400 237 10 15 0.095
398 240 10 14 0.090
345 312 16 20 0.085
171 212 15 18 0.065
570 208 12 16 0.052
112 202 15 19 0.049
188 209 16 20 0.040
361 330 11 13 0.037
179 206 17 20 0.037
4 221 12 19 0.034
375 233 10 13 0.034
988 281 8 11 0.033
165 213 15 23 0.031
920 230 11 13 0.031
390 236 17 15 0.023
991 277 8 17 0.022
990 283 6 8 0.022
143 215 21 25 0.020
3 207 13 29 0.019
1018 280 5 15 0.017
991 282 6 8 0.015
765 195 14 19 0.015
405 171 15 22 0.014
-1 203 7 17 0.013
1015 278 8 24 0.013
191 249 15 18 0.012
400 239 14 19 0.011
404 180 16 19 0.011
927 236 18 20 0.011
1 203 10 33 0.011
916 230 36 23 0.011
566 218 13 17 0.010
962 269 9 11 0.010
