0_Parade_Parade_0_29
87
541 169 61 68 0.870
239 234 22 27 0.831
979 186 35 40 0.829
803 168 40 47 0.818
487 233 17 20 0.798
194 240 19 22 0.781
704 244 18 20 0.779
141 248 13 15 0.770
420 247 21 22 0.751
161 249 15 18 0.742
293 241 13 17 0.729
219 251 13 15 0.717
858 233 21 24 0.698
120 244 12 14 0.692
747 241 22 27 0.655
512 244 13 15 0.613
316 232 32 38 0.610
357 240 14 17 0.606
647 239 9 11 0.536
459 250 10 10 0.451
617 252 12 15 0.439
668 241 8 9 0.416
590 239 22 25 0.410
679 239 9 10 0.357
409 240 16 19 0.289
689 246 13 17 0.288
412 239 21 23 0.288
103 248 10 12 0.286
666 240 17 11 0.192
292 237 20 25 0.146
372 249 13 16 0.120
1013 11 11 18 0.117
377 252 12 11 0.100
73 250 8 11 0.093
654 247 10 13 0.063
596 244 29 20 0.061
384 252 10 10 0.060
351 244 19 24 0.057
262 253 13 16 0.051
460 244 11 14 0.051
177 256 12 15 0.050
177 247 16 20 0.049
655 250 11 13 0.043
411 234 14 17 0.037
454 240 12 21 0.035
664 240 11 18 0.035
582 243 21 23 0.033
456 246 12 12 0.030
266 256 12 12 0.029
66 237 12 12 0.028
423 225 9 11 0.028
421 223 13 19 0.027
666 243 10 10 0.027
373 255 11 14 0.026
284 250 14 16 0.025
597 228 45 56 0.024
91 244 13 16 0.024
469 249 12 12 0.023
67 233 11 27 0.022
650 241 11 16 0.021
56 235 9 10 0.020
394 250 12 14 0.019
334 241 24 30 0.018
1014 202 9 34 0.018
268 245 12 19 0.018
509 248 15 16 0.018
81 240 18 14 0.017
451 239 8 9 0.017
659 216 42 64 0.017
283 256 10 13 0.016
755 238 19 24 0.016
70 236 13 26 0.016
79 224 9 20 0.015
511 241 17 23 0.015
83 233 10 13 0.015
388 251 23 13 0.013
1010 199 15 28 0.013
15 241 8 10 0.013
148 234 9 10 0.012
587 233 21 24 0.012
426 229 14 17 0.012
381 249 14 16 0.012
383 256 13 12 0.011
436 239 17 20 0.011
753 236 15 19 0.011
82 246 30 11 0.011
623 258 12 16 0.010
