0_Parade_marchingband_1_552
46
181 378 13 15 0.684
968 383 13 16 0.681
345 372 13 14 0.642
535 374 13 17 0.635
742 380 12 15 0.595
855 392 12 17 0.506
584 379 13 16 0.462
44 358 16 18 0.351
410 381 16 17 0.339
415 380 14 16 0.172
407 381 13 14 0.097
869 398 10 14 0.082
90 358 15 19 0.065
344 369 11 14 0.057
450 374 11 13 0.041
540 376 12 15 0.036
588 374 11 15 0.033
532 372 11 16 0.032
421 376 10 11 0.029
851 392 11 15 0.029
937 379 8 9 0.029
415 377 33 15 0.028
445 375 17 15 0.027
299 384 19 24 0.023
925 370 7 9 0.023
977 385 12 14 0.023
914 376 8 9 0.023
41 364 15 16 0.022
46 364 15 17 0.022
418 377 15 17 0.022
982 387 11 12 0.019
595 374 13 17 0.019
910 381 9 9 0.019
489 372 11 13 0.018
179 384 14 15 0.018
910 374 12 17 0.018
932 376 8 9 0.017
890 385 7 9 0.016
346 378 12 14 0.014
933 377 14 13 0.014
93 355 13 15 0.013
747 384 12 16 0.012
145 367 13 12 0.011
938 379 13 15 0.010
888 383 10 19 0.010
602 368 14 19 0.010
