0_Parade_marchingband_1_410
955
893 71 11 13 0.845
561 467 27 36 0.841
665 335 12 13 0.832
837 132 11 13 0.813
686 323 12 16 0.813
469 130 12 15 0.809
465 487 24 36 0.799
695 483 30 44 0.794
384 479 23 36 0.789
982 215 11 14 0.788
176 259 12 16 0.787
48 132 11 15 0.784
1011 341 12 16 0.784
313 480 20 31 0.783
121 335 13 15 0.778
878 452 29 42 0.777
659 220 12 15 0.777
783 226 11 15 0.770
236 295 13 17 0.770
915 321 11 14 0.770
824 341 13 16 0.770
59 462 15 18 0.768
638 337 12 14 0.767
17 503 18 23 0.767
266 480 15 18 0.765
249 36 11 14 0.762
931 72 11 13 0.761
577 114 10 13 0.759
387 98 11 16 0.758
567 336 12 15 0.758
242 239 11 15 0.756
999 279 12 15 0.755
238 17 10 14 0.754
243 446 14 16 0.754
651 320 11 14 0.753
847 281 11 15 0.752
357 318 12 14 0.750
548 41 10 12 0.745
492 113 11 14 0.743
705 191 12 15 0.743
209 40 12 16 0.742
88 503 18 27 0.741
897 212 10 14 0.740
828 300 11 15 0.740
221 481 19 29 0.734
73 313 11 15 0.733
885 316 11 15 0.733
728 351 13 15 0.733
38 346 14 16 0.732
230 426 11 14 0.732
969 336 11 13 0.730
652 399 12 15 0.730
141 488 12 17 0.727
657 68 10 13 0.725
721 162 12 14 0.725
837 319 11 14 0.725
170 463 14 17 0.725
163 380 12 15 0.723
311 414 13 16 0.723
548 152 11 13 0.722
833 176 11 14 0.722
454 40 12 14 0.720
715 68 10 13 0.720
94 178 12 16 0.720
274 410 12 16 0.720
471 78 11 14 0.718
649 416 12 17 0.717
177 498 15 23 0.715
568 380 12 14 0.715
412 433 15 19 0.715
0 107 10 16 0.713
202 378 12 14 0.712
168 229 11 15 0.711
243 123 10 13 0.709
211 238 12 14 0.709
677 263 11 14 0.709
809 274 12 16 0.709
40 112 11 15 0.706
658 173 10 13 0.706
140 176 12 16 0.704
685 68 10 12 0.704
389 413 13 17 0.703
841 84 10 13 0.702
15 137 12 16 0.702
777 92 11 13 0.701
862 210 11 15 0.701
240 215 13 16 0.701
941 217 11 13 0.697
227 139 11 14 0.695
167 314 12 14 0.694
750 282 12 15 0.693
939 29 11 14 0.692
558 59 10 11 0.692
598 61 10 13 0.692
55 404 12 14 0.692
276 436 12 17 0.692
147 288 12 15 0.690
214 310 13 16 0.688
98 145 12 15 0.686
200 218 12 15 0.686
27 311 13 15 0.686
146 74 11 14 0.684
928 247 11 14 0.684
282 286 12 17 0.684
609 394 12 16 0.684
965 298 12 16 0.682
266 331 12 15 0.682
139 147 11 15 0.682
586 156 11 13 0.681
575 132 10 14 0.679
791 300 12 14 0.679
255 314 12 16 0.679
49 33 10 13 0.677
615 8 9 11 0.673
496 316 11 15 0.673
399 5 11 15 0.672
907 0 9 11 0.671
539 68 10 13 0.671
942 132 10 14 0.671
340 467 15 20 0.671
808 89 10 11 0.669
662 123 11 13 0.669
742 195 12 13 0.669
108 314 13 15 0.669
900 339 13 15 0.669
356 24 12 14 0.667
96 53 11 14 0.667
137 388 12 14 0.667
331 450 14 18 0.667
796 483 16 25 0.667
355 0 10 13 0.665
221 75 11 14 0.663
262 77 11 15 0.663
177 151 11 13 0.663
179 178 14 15 0.663
735 123 11 14 0.661
822 107 11 14 0.660
285 113 11 14 0.660
934 122 9 13 0.660
262 254 12 14 0.660
770 123 11 14 0.658
0 162 8 13 0.658
403 349 12 15 0.658
237 339 12 16 0.656
117 213 11 14 0.656
324 320 13 15 0.656
977 436 12 15 0.654
139 367 11 13 0.652
627 226 11 15 0.651
218 256 11 14 0.648
504 6 9 12 0.646
472 25 10 14 0.646
680 157 11 15 0.646
921 284 12 14 0.646
156 219 12 14 0.644
309 337 12 16 0.644
73 84 12 15 0.642
180 54 12 13 0.640
631 290 11 14 0.640
670 471 13 19 0.640
916 48 10 12 0.638
23 219 11 15 0.638
143 269 12 13 0.636
349 414 13 15 0.634
420 45 11 13 0.632
693 123 11 14 0.630
453 9 10 13 0.627
128 35 10 13 0.627
65 67 11 15 0.627
447 319 12 16 0.627
26 327 12 16 0.627
777 336 12 15 0.627
125 462 14 17 0.627
141 49 12 16 0.626
360 85 10 11 0.626
48 489 13 17 0.626
601 294 10 13 0.620
27 73 10 13 0.617
985 416 12 14 0.615
182 75 10 14 0.611
982 139 11 12 0.609
157 15 10 12 0.607
865 446 16 20 0.607
126 233 11 13 0.605
252 382 12 15 0.605
194 15 13 15 0.601
608 171 12 14 0.601
271 271 13 15 0.601
500 137 11 14 0.599
872 0 9 11 0.599
507 24 9 12 0.597
578 27 11 13 0.597
615 378 13 16 0.597
433 420 14 15 0.597
422 97 12 15 0.596
835 -3 11 12 0.593
76 14 11 13 0.593
39 229 12 14 0.588
810 167 11 11 0.582
807 134 11 13 0.581
21 56 9 13 0.575
869 32 10 12 0.573
801 318 11 15 0.573
439 261 11 15 0.571
965 247 11 13 0.568
657 447 12 14 0.567
568 170 11 13 0.563
71 245 15 18 0.560
43 10 10 15 0.558
382 78 11 12 0.556
1009 178 10 13 0.554
221 327 12 15 0.554
616 119 10 13 0.552
742 265 10 14 0.552
335 258 11 15 0.548
1 209 10 13 0.545
167 31 11 14 0.543
752 398 13 19 0.541
543 26 10 12 0.536
550 -3 8 10 0.535
324 29 10 12 0.535
417 324 10 13 0.526
18 86 11 14 0.517
518 172 12 15 0.517
60 55 9 13 0.513
639 99 10 15 0.510
261 146 12 13 0.510
739 157 11 13 0.506
100 419 12 15 0.506
0 20 8 13 0.504
651 279 11 14 0.501
965 175 10 12 0.495
955 160 10 12 0.493
217 467 14 19 0.492
966 83 11 15 0.490
282 149 11 14 0.490
350 352 13 16 0.475
646 12 10 13 0.473
380 463 16 23 0.471
969 120 9 11 0.471
662 10 10 12 0.464
882 48 9 11 0.460
636 136 11 13 0.460
789 376 13 17 0.457
16 25 9 11 0.453
86 212 14 16 0.451
608 339 11 13 0.451
982 -1 10 12 0.447
160 417 10 13 0.443
428 11 11 14 0.440
763 360 12 15 0.440
67 2 10 12 0.436
554 175 11 12 0.436
30 0 10 12 0.433
630 160 9 12 0.433
0 264 5 14 0.433
645 292 11 14 0.431
929 303 11 14 0.431
587 0 9 11 0.427
304 49 11 14 0.426
604 77 10 12 0.423
111 2 9 12 0.421
1005 156 10 13 0.418
805 398 12 14 0.416
846 204 9 11 0.410
17 194 10 12 0.408
391 43 12 13 0.405
993 181 8 11 0.399
511 77 10 13 0.397
114 451 11 13 0.397
638 104 11 16 0.388
783 10 9 10 0.386
618 66 11 13 0.386
138 371 11 18 0.378
255 0 10 13 0.376
672 97 9 12 0.374
88 336 10 13 0.361
128 12 11 13 0.359
938 8 8 10 0.359
178 349 10 12 0.359
272 275 13 17 0.351
638 110 11 14 0.339
445 367 12 14 0.339
913 130 10 12 0.337
849 265 11 14 0.331
995 444 12 18 0.331
63 227 13 15 0.331
651 401 13 21 0.328
870 130 11 13 0.322
639 146 10 15 0.322
924 288 11 16 0.322
62 62 12 19 0.316
648 285 12 17 0.316
698 6 9 12 0.308
289 94 9 12 0.304
89 35 9 13 0.301
414 326 12 17 0.299
320 13 12 14 0.297
24 77 10 16 0.289
519 321 11 13 0.286
215 247 12 17 0.283
937 192 11 13 0.280
374 79 20 14 0.274
487 282 13 15 0.268
333 456 17 22 0.266
787 115 9 11 0.266
602 322 11 15 0.266
1 305 9 15 0.258
910 46 11 13 0.257
470 -2 10 13 0.254
24 45 10 14 0.247
802 203 10 13 0.243
875 37 11 12 0.243
593 173 12 15 0.241
379 255 11 15 0.240
564 31 11 12 0.238
345 118 9 12 0.236
308 166 11 15 0.235
41 198 13 18 0.234
256 318 14 17 0.230
215 418 13 14 0.228
659 49 10 11 0.227
989 29 10 12 0.225
227 48 9 11 0.225
545 60 12 14 0.223
633 156 11 14 0.223
336 287 11 14 0.223
254 373 12 30 0.223
636 155 11 13 0.222
124 177 9 12 0.219
903 43 11 13 0.217
864 117 8 11 0.216
101 14 11 14 0.214
218 127 11 13 0.214
752 387 14 18 0.210
830 172 13 14 0.205
935 124 11 15 0.199
201 219 14 21 0.197
658 169 18 14 0.191
217 312 13 25 0.189
638 61 11 12 0.186
965 288 12 16 0.186
315 386 10 13 0.184
1018 138 7 13 0.183
886 131 10 11 0.182
27 317 12 18 0.181
158 15 14 26 0.173
359 107 10 12 0.170
576 100 10 53 0.167
906 280 11 13 0.163
512 75 10 23 0.161
871 139 11 13 0.160
1018 -3 6 14 0.159
21 290 10 15 0.158
146 262 11 47 0.157
23 38 10 16 0.155
48 175 12 14 0.154
294 215 11 15 0.154
24 209 11 33 0.152
918 316 13 16 0.152
632 290 26 16 0.152
547 17 9 47 0.151
394 416 26 27 0.151
114 291 10 15 0.150
701 68 28 14 0.149
422 -2 9 11 0.148
305 45 16 16 0.148
855 3 9 11 0.147
687 38 9 10 0.147
616 106 12 35 0.146
955 201 9 11 0.145
272 410 35 16 0.145
611 95 10 13 0.144
575 138 10 14 0.144
791 368 13 39 0.143
649 11 15 13 0.142
23 389 10 13 0.142
237 441 18 20 0.141
463 32 12 15 0.140
1016 381 8 18 0.140
323 11 13 13 0.139
480 380 12 17 0.139
345 416 15 17 0.135
942 191 11 12 0.133
940 281 10 12 0.133
728 11 10 15 0.132
540 182 12 14 0.132
911 317 18 19 0.131
521 175 12 15 0.131
77 213 14 15 0.131
651 50 9 11 0.130
809 138 10 53 0.130
52 449 13 61 0.129
403 137 10 11 0.129
90 139 12 15 0.127
188 459 11 14 0.127
54 227 18 16 0.126
323 7 10 46 0.126
91 9 11 13 0.125
338 431 13 15 0.124
21 222 26 15 0.123
605 79 11 14 0.123
495 461 15 20 0.121
51 100 9 11 0.120
530 16 9 12 0.119
288 85 9 17 0.119
944 192 14 15 0.119
96 9 16 21 0.118
848 80 11 13 0.118
606 69 21 20 0.117
963 156 10 43 0.116
599 60 11 29 0.116
283 335 45 17 0.115
658 54 11 42 0.114
212 10 9 12 0.113
672 148 11 14 0.113
772 93 10 63 0.113
988 22 10 26 0.112
60 132 11 14 0.111
843 31 8 10 0.110
610 317 11 15 0.110
522 107 11 13 0.110
431 423 14 18 0.110
630 478 13 18 0.109
162 355 9 12 0.109
258 113 11 63 0.109
929 281 14 14 0.108
89 174 12 62 0.107
505 76 12 15 0.106
79 463 11 14 0.104
57 275 11 12 0.104
190 307 12 14 0.104
278 92 20 50 0.104
208 13 12 60 0.102
630 138 10 54 0.102
773 336 12 15 0.102
603 469 14 20 0.100
318 11 11 13 0.100
419 53 11 14 0.100
634 476 11 16 0.099
100 98 12 14 0.097
785 187 11 13 0.097
849 27 9 12 0.096
1003 270 13 22 0.096
125 17 12 13 0.095
900 43 11 12 0.095
26 314 13 41 0.095
730 123 42 16 0.095
27 52 9 58 0.094
131 463 12 16 0.093
332 414 14 73 0.093
348 110 11 23 0.091
308 184 11 15 0.090
482 283 14 14 0.090
854 76 10 12 0.090
262 382 12 14 0.089
455 -11 9 91 0.088
41 178 12 15 0.087
125 176 14 16 0.087
77 -10 10 64 0.087
43 429 10 15 0.087
872 27 19 33 0.086
124 224 12 26 0.086
726 282 12 13 0.086
216 295 13 46 0.086
144 176 13 16 0.085
732 55 10 9 0.084
946 138 11 14 0.084
110 -14 10 47 0.084
382 131 11 13 0.083
241 203 10 70 0.083
941 136 10 13 0.082
657 332 21 17 0.081
665 298 10 13 0.081
237 433 14 17 0.081
74 59 11 60 0.081
1018 265 6 15 0.080
89 136 10 14 0.079
527 219 11 14 0.079
78 282 11 13 0.079
607 320 12 15 0.078
878 33 10 12 0.078
19 232 13 16 0.077
491 281 13 15 0.077
227 404 11 14 0.077
489 71 11 15 0.077
468 413 12 16 0.076
667 95 11 28 0.076
670 385 10 13 0.076
71 75 13 28 0.076
934 64 11 13 0.075
624 490 12 15 0.074
576 124 11 26 0.074
582 353 11 14 0.074
123 188 11 85 0.074
347 349 13 15 0.073
397 45 11 14 0.072
435 261 11 14 0.072
493 456 15 18 0.072
1008 142 11 26 0.072
19 237 10 14 0.071
437 131 9 13 0.070
262 236 11 14 0.069
169 74 12 13 0.068
143 42 11 34 0.068
1 1 10 48 0.068
853 22 9 12 0.068
560 147 17 65 0.067
728 7 11 12 0.066
216 132 11 14 0.066
291 412 43 15 0.065
9 133 12 17 0.065
1007 132 9 70 0.064
286 73 11 13 0.064
126 81 10 13 0.064
970 28 10 11 0.063
483 22 11 12 0.063
109 304 12 17 0.063
844 21 10 23 0.062
21 281 10 27 0.062
908 42 11 14 0.062
763 200 9 12 0.062
17 269 11 14 0.061
412 74 10 13 0.061
837 292 13 16 0.061
395 136 18 13 0.061
0 240 7 70 0.061
831 276 12 60 0.060
242 407 12 15 0.060
688 123 13 15 0.059
679 386 12 14 0.059
629 149 13 27 0.059
730 276 12 15 0.059
569 327 10 96 0.058
241 199 15 95 0.058
26 438 12 16 0.058
657 113 32 35 0.057
493 91 10 71 0.057
489 294 12 17 0.057
523 387 11 14 0.057
228 399 10 14 0.057
207 420 13 14 0.057
706 102 10 12 0.056
73 428 13 22 0.056
820 202 9 13 0.056
807 269 14 17 0.056
962 169 11 15 0.056
745 196 14 14 0.055
501 22 16 17 0.054
556 399 12 16 0.054
831 -12 28 32 0.054
823 -3 11 11 0.054
742 199 12 13 0.054
730 280 20 17 0.053
292 222 11 14 0.053
132 11 12 14 0.052
220 456 12 17 0.052
57 275 21 15 0.052
643 3 11 13 0.052
243 116 11 15 0.052
141 133 11 63 0.051
49 231 16 15 0.050
408 329 12 42 0.050
606 32 9 14 0.049
363 291 10 15 0.049
215 488 20 27 0.049
656 123 34 14 0.049
134 14 15 16 0.049
152 213 12 15 0.049
723 280 11 14 0.049
515 -1 10 11 0.048
551 61 16 13 0.048
72 196 16 95 0.048
46 15 13 22 0.048
239 334 13 17 0.047
310 382 13 14 0.047
207 495 13 25 0.047
69 0 14 15 0.047
558 361 9 14 0.046
450 448 13 21 0.045
245 443 16 17 0.045
101 375 10 10 0.044
631 469 12 17 0.044
989 201 10 14 0.044
678 279 12 15 0.043
336 266 12 25 0.042
686 44 9 52 0.042
703 187 12 16 0.042
574 145 10 14 0.042
152 178 13 15 0.042
305 183 11 31 0.041
833 254 13 97 0.041
729 4 8 11 0.041
488 360 11 16 0.041
787 383 12 14 0.041
91 497 15 22 0.041
332 124 9 12 0.041
68 32 10 93 0.041
42 152 11 77 0.040
206 10 19 14 0.040
332 77 12 14 0.040
965 285 11 13 0.039
696 101 11 11 0.039
44 80 11 100 0.039
469 399 12 35 0.039
376 252 12 15 0.039
873 2 10 11 0.039
216 24 10 16 0.039
643 151 12 14 0.038
140 270 12 14 0.038
607 473 13 18 0.038
438 423 11 15 0.037
1011 474 12 36 0.037
822 -1 8 8 0.037
932 353 10 13 0.037
2 369 13 14 0.037
43 343 15 16 0.036
130 418 11 14 0.035
861 134 14 14 0.035
241 172 10 13 0.035
788 364 13 17 0.035
187 305 12 15 0.035
606 136 10 15 0.034
990 199 9 11 0.034
1019 67 5 14 0.034
163 355 14 15 0.034
938 194 23 14 0.034
607 38 10 13 0.034
303 163 13 16 0.034
1007 476 12 29 0.034
1011 139 12 26 0.034
116 241 12 15 0.033
434 136 11 13 0.033
1018 252 7 16 0.033
128 413 11 27 0.033
557 32 10 55 0.033
42 425 19 25 0.033
112 383 13 14 0.033
613 42 12 13 0.032
934 194 10 13 0.032
885 280 10 14 0.032
157 523 12 18 0.032
49 2 11 67 0.032
143 2 10 103 0.032
604 142 10 12 0.031
1 212 11 15 0.031
546 -29 9 89 0.031
843 28 16 12 0.031
685 302 11 50 0.031
5 83 11 16 0.031
475 281 13 15 0.031
46 484 13 17 0.031
667 304 12 14 0.030
162 226 14 16 0.030
658 112 10 14 0.030
281 353 10 14 0.030
393 415 14 17 0.030
621 44 9 12 0.029
708 360 12 15 0.029
406 418 12 14 0.029
90 119 11 44 0.029
502 142 11 15 0.029
58 162 13 16 0.029
804 165 11 13 0.029
216 30 13 16 0.029
94 268 13 16 0.029
942 282 11 13 0.029
158 333 20 101 0.028
274 262 16 20 0.028
693 405 12 17 0.028
39 227 35 14 0.028
40 73 13 14 0.028
250 24 13 53 0.028
911 123 11 15 0.028
98 268 13 16 0.028
200 417 11 15 0.028
405 352 13 15 0.027
298 374 12 15 0.027
4 404 10 14 0.027
352 112 11 13 0.027
841 255 11 13 0.027
39 8 24 17 0.027
837 113 7 113 0.027
437 128 9 34 0.027
396 74 14 13 0.027
178 410 10 14 0.027
56 1 12 12 0.026
133 28 13 21 0.026
383 141 12 15 0.026
537 335 10 12 0.026
86 341 11 16 0.026
869 97 9 11 0.026
929 174 9 12 0.026
296 219 13 15 0.026
3 470 8 14 0.026
452 4 10 13 0.026
266 148 13 14 0.026
759 201 11 12 0.026
625 230 12 14 0.026
702 280 10 14 0.026
773 21 9 11 0.026
596 31 31 76 0.026
540 187 10 14 0.025
459 129 20 17 0.025
1013 50 10 16 0.025
297 213 12 15 0.025
540 35 10 68 0.025
611 472 33 17 0.025
25 9 8 113 0.025
477 356 12 15 0.025
438 487 16 24 0.025
838 376 12 15 0.025
241 79 12 14 0.025
74 90 11 15 0.025
94 491 14 19 0.025
307 440 14 16 0.025
504 3 12 69 0.025
107 386 13 16 0.025
842 277 12 15 0.024
493 304 12 16 0.024
163 418 11 13 0.024
525 -2 14 10 0.024
678 110 13 14 0.024
259 315 15 15 0.024
88 4 11 12 0.023
286 7 11 11 0.023
150 521 15 17 0.023
791 114 11 14 0.023
745 264 11 15 0.023
13 311 17 16 0.023
173 358 12 20 0.023
195 411 23 27 0.023
49 74 11 13 0.023
707 386 13 18 0.023
3 406 8 15 0.023
930 328 11 14 0.023
333 468 18 26 0.023
456 478 19 39 0.023
186 453 13 18 0.023
12 5 14 17 0.022
419 102 11 13 0.022
131 326 10 14 0.022
548 414 14 16 0.022
239 74 10 14 0.022
280 112 12 14 0.022
982 113 9 11 0.022
595 337 13 16 0.022
341 347 13 16 0.022
875 138 12 13 0.022
12 382 14 16 0.022
682 403 12 19 0.022
881 374 10 12 0.022
896 282 13 14 0.022
496 283 12 15 0.022
132 77 25 15 0.022
94 125 12 15 0.022
22 171 12 15 0.021
700 470 19 25 0.021
988 342 11 13 0.021
454 474 15 23 0.021
524 221 10 14 0.021
655 118 13 111 0.021
932 184 11 13 0.021
439 385 12 15 0.021
619 1 16 19 0.021
883 30 9 11 0.021
636 329 12 15 0.021
64 219 12 14 0.020
529 517 13 18 0.020
483 347 12 48 0.020
248 109 10 13 0.020
331 159 9 14 0.020
894 7 9 113 0.020
985 338 12 15 0.020
131 112 11 14 0.020
432 143 14 22 0.020
74 434 10 14 0.020
376 17 9 13 0.020
1018 131 6 13 0.020
755 91 8 10 0.020
842 206 12 14 0.019
394 342 10 14 0.019
81 362 12 15 0.019
243 169 12 26 0.019
202 415 16 18 0.019
157 10 11 13 0.019
451 315 12 16 0.019
281 231 12 15 0.019
27 424 15 50 0.019
990 34 10 12 0.019
456 189 12 14 0.019
288 169 11 14 0.019
355 110 13 13 0.019
330 120 15 22 0.019
448 490 33 30 0.019
472 401 12 23 0.019
61 9 11 111 0.019
952 243 11 14 0.019
6 74 10 16 0.018
594 19 11 18 0.018
680 410 12 15 0.018
542 -26 38 58 0.018
368 16 13 13 0.018
245 176 10 15 0.018
43 385 12 16 0.018
725 278 36 19 0.018
394 348 11 15 0.018
133 382 13 17 0.018
54 395 15 20 0.018
36 429 17 19 0.018
933 5 9 114 0.017
121 239 13 15 0.017
751 8 8 10 0.017
932 332 11 16 0.017
187 438 14 38 0.017
352 170 10 15 0.017
320 162 12 15 0.017
350 491 13 19 0.017
427 146 12 14 0.017
246 123 12 14 0.017
947 245 14 15 0.017
117 61 11 13 0.016
764 365 13 16 0.016
280 356 11 16 0.016
779 186 11 14 0.016
697 396 13 18 0.016
390 45 10 13 0.016
683 126 12 13 0.016
696 411 12 16 0.016
79 245 13 17 0.016
647 100 12 17 0.016
825 302 11 16 0.016
221 450 11 14 0.016
977 441 13 17 0.016
263 275 14 16 0.016
805 264 11 14 0.016
638 294 37 88 0.016
487 5 12 21 0.016
17 495 16 22 0.016
207 509 13 18 0.016
836 380 11 15 0.015
47 205 13 21 0.015
266 228 12 20 0.015
864 104 10 22 0.015
818 0 8 10 0.015
108 100 11 14 0.015
370 251 14 48 0.015
63 136 10 14 0.015
13 294 14 25 0.015
121 -8 15 92 0.015
649 0 13 16 0.015
1017 636 7 19 0.015
1012 49 14 28 0.015
273 251 12 15 0.015
206 301 14 25 0.015
112 417 16 17 0.015
108 275 11 16 0.015
532 526 11 17 0.015
183 0 44 104 0.015
692 103 13 27 0.015
350 465 17 21 0.015
1017 8 8 14 0.014
529 214 12 16 0.014
35 -11 49 53 0.014
802 405 16 22 0.014
407 41 12 13 0.014
630 232 11 13 0.014
188 8 12 14 0.014
680 263 12 15 0.014
785 170 12 27 0.014
111 108 14 19 0.014
676 275 11 14 0.014
933 5 11 13 0.014
896 138 9 11 0.014
13 2 12 11 0.014
711 120 10 14 0.014
625 0 14 11 0.013
599 23 11 16 0.013
438 368 16 28 0.013
74 402 11 14 0.013
807 280 25 114 0.013
436 153 12 15 0.013
936 5 13 16 0.013
234 17 13 26 0.013
771 518 10 13 0.013
714 63 11 13 0.013
466 417 12 15 0.013
783 5 10 12 0.013
176 182 44 97 0.013
770 281 12 15 0.013
857 484 20 27 0.013
330 74 10 13 0.013
180 139 12 15 0.013
977 389 11 14 0.013
284 4 16 17 0.013
341 417 14 17 0.013
172 406 13 17 0.012
995 437 11 16 0.012
189 452 10 13 0.012
100 484 14 16 0.012
298 437 17 19 0.012
156 109 10 13 0.012
183 149 12 14 0.012
882 441 18 24 0.012
679 539 11 13 0.012
373 13 11 14 0.012
881 54 10 13 0.012
842 371 12 16 0.012
482 338 11 14 0.012
143 148 11 14 0.012
56 458 15 19 0.012
305 375 18 32 0.012
278 377 12 14 0.012
839 249 9 13 0.012
889 72 11 14 0.012
934 189 10 13 0.012
997 131 10 11 0.012
497 141 12 14 0.012
656 43 11 12 0.012
255 309 13 16 0.012
542 412 17 18 0.012
993 133 11 13 0.012
58 341 10 13 0.012
689 474 19 30 0.012
722 41 9 11 0.011
955 5 9 13 0.011
470 284 12 15 0.011
3 396 23 23 0.011
384 107 28 52 0.011
32 377 14 16 0.011
23 167 11 13 0.011
745 6 14 12 0.011
113 116 13 19 0.011
738 426 12 16 0.011
327 160 15 15 0.011
839 79 10 14 0.011
1 427 9 16 0.011
131 232 13 15 0.011
660 51 12 15 0.011
471 417 15 18 0.011
271 328 13 15 0.011
95 25 15 24 0.011
801 412 14 17 0.011
796 467 15 23 0.011
1009 53 10 13 0.010
72 281 14 18 0.010
849 167 11 13 0.010
617 372 12 17 0.010
938 60 10 12 0.010
0 315 9 16 0.010
680 327 14 16 0.010
859 428 13 18 0.010
361 320 11 14 0.010
682 275 14 17 0.010
582 357 11 17 0.010
