0_Parade_Parade_0_478
73
910 479 10 13 0.752
840 475 15 21 0.708
215 377 14 18 0.681
201 424 17 24 0.642
44 374 12 13 0.477
612 448 8 11 0.414
654 450 10 13 0.405
8 375 11 14 0.390
89 376 11 14 0.334
116 349 9 11 0.331
471 425 10 12 0.249
25 358 11 14 0.176
445 405 11 15 0.147
577 481 7 9 0.088
627 460 10 15 0.082
629 458 10 12 0.066
29 359 11 14 0.064
1008 510 11 16 0.063
633 474 10 11 0.061
570 429 8 11 0.058
624 457 10 12 0.055
307 415 16 25 0.054
761 460 7 9 0.043
447 414 11 12 0.038
656 447 9 12 0.037
696 454 8 13 0.034
527 430 11 15 0.034
327 395 11 13 0.033
190 379 14 15 0.032
697 457 9 15 0.031
333 395 8 10 0.029
609 447 8 11 0.027
440 408 11 14 0.026
85 377 14 17 0.025
748 493 9 16 0.025
566 425 11 14 0.024
108 353 11 13 0.023
66 371 9 9 0.023
631 469 11 18 0.023
114 348 12 20 0.022
632 477 9 11 0.022
312 404 17 21 0.022
449 400 12 15 0.022
198 205 7 9 0.020
322 395 10 10 0.020
767 460 9 8 0.019
1010 528 11 17 0.019
1013 532 10 13 0.019
179 379 17 16 0.019
65 372 13 11 0.018
488 426 9 11 0.018
174 380 12 14 0.018
691 460 9 12 0.018
156 376 10 13 0.017
610 486 7 8 0.017
317 397 11 17 0.016
472 420 11 14 0.016
701 456 9 12 0.015
452 398 13 15 0.015
762 458 9 12 0.014
27 375 12 13 0.014
1002 514 13 18 0.014
693 464 9 12 0.013
607 452 8 10 0.012
158 374 12 14 0.011
15 353 13 14 0.011
679 445 7 9 0.011
486 421 11 20 0.010
847 475 14 19 0.010
308 405 16 26 0.010
678 442 9 17 0.010
636 473 10 13 0.010
3 352 9 13 0.010
