0_Parade_marchingband_1_465
517
669 260 7 9 0.723
467 258 7 9 0.711
82 307 6 7 0.708
597 235 8 10 0.690
750 161 5 6 0.675
366 250 6 8 0.675
619 265 6 8 0.658
170 229 6 7 0.654
520 261 8 9 0.654
90 224 6 7 0.632
559 235 6 8 0.613
878 131 6 7 0.573
793 167 6 7 0.573
876 168 7 8 0.571
1009 258 7 9 0.563
770 162 5 5 0.558
658 151 6 8 0.556
815 169 5 6 0.552
708 265 7 9 0.552
45 303 8 9 0.545
127 237 7 7 0.536
627 236 7 7 0.535
389 167 6 7 0.530
985 139 6 7 0.524
521 240 7 9 0.521
734 243 6 7 0.521
975 159 6 8 0.519
7 263 6 8 0.495
350 168 6 6 0.493
881 215 6 8 0.493
701 127 5 8 0.488
1005 164 6 8 0.488
113 285 8 9 0.488
467 167 5 6 0.455
853 131 5 7 0.451
699 235 7 9 0.447
705 156 6 6 0.440
570 153 7 8 0.438
705 170 5 7 0.431
732 128 6 7 0.423
937 138 5 6 0.414
708 200 6 7 0.412
839 144 6 6 0.382
728 159 5 6 0.382
984 194 6 7 0.382
315 176 5 7 0.374
924 226 7 8 0.368
663 240 7 8 0.365
536 166 5 6 0.355
685 129 6 7 0.333
798 134 6 6 0.324
945 177 7 8 0.319
533 138 6 8 0.318
875 256 8 9 0.314
130 167 6 7 0.312
916 173 7 8 0.312
984 246 6 8 0.312
231 250 6 6 0.310
333 155 6 8 0.304
800 205 7 8 0.304
850 159 6 8 0.302
555 164 5 7 0.299
828 222 6 8 0.299
901 140 5 8 0.295
960 136 6 7 0.295
605 135 5 6 0.288
503 164 7 9 0.282
929 281 9 10 0.279
1011 142 6 6 0.277
175 159 5 7 0.275
841 182 6 7 0.275
534 162 6 8 0.271
488 237 7 7 0.268
852 130 5 7 0.266
947 159 7 8 0.264
27 192 6 7 0.259
521 205 7 7 0.259
436 180 6 7 0.258
617 120 6 8 0.254
127 312 7 8 0.254
74 176 5 7 0.247
112 171 7 9 0.246
579 122 7 8 0.244
874 149 6 8 0.244
382 147 6 8 0.233
525 183 8 8 0.230
84 260 6 7 0.223
521 251 7 24 0.211
86 261 6 7 0.205
762 266 7 8 0.205
161 264 6 8 0.197
609 200 6 7 0.194
120 310 9 10 0.192
678 188 7 8 0.190
286 136 8 8 0.188
904 282 8 8 0.186
608 198 6 7 0.184
430 164 6 8 0.183
111 170 6 8 0.182
91 321 6 8 0.182
293 250 7 8 0.179
1 314 5 11 0.172
102 237 7 9 0.171
116 607 13 14 0.170
616 96 6 8 0.169
920 142 10 8 0.166
502 187 6 7 0.163
28 193 7 8 0.161
663 238 7 7 0.159
528 151 6 13 0.158
481 121 7 7 0.157
186 280 5 7 0.155
23 322 8 10 0.155
630 155 7 13 0.153
704 151 5 28 0.153
333 180 6 7 0.153
378 109 6 7 0.152
901 136 6 21 0.146
772 166 5 8 0.146
533 135 5 7 0.143
195 155 6 6 0.143
35 200 6 8 0.141
602 179 6 9 0.140
706 200 6 7 0.138
707 261 8 16 0.136
732 242 6 8 0.135
709 201 10 7 0.134
914 153 8 9 0.131
551 96 6 6 0.130
626 153 8 8 0.130
620 264 7 19 0.129
508 72 6 8 0.128
653 173 6 7 0.128
141 288 6 8 0.126
72 174 6 7 0.125
744 179 6 8 0.125
977 160 7 8 0.123
39 239 9 9 0.122
74 241 7 8 0.121
726 158 6 8 0.120
571 133 5 7 0.119
684 123 5 23 0.119
135 173 6 8 0.119
870 261 8 11 0.119
850 129 8 15 0.119
433 171 7 14 0.119
924 228 8 9 0.119
581 94 6 8 0.118
2 333 8 10 0.118
214 150 6 7 0.117
695 127 15 8 0.115
64 201 7 8 0.115
52 279 7 9 0.114
928 140 11 8 0.111
574 128 6 9 0.110
852 133 7 8 0.110
981 189 11 16 0.104
300 254 7 8 0.104
27 226 7 9 0.099
876 229 7 8 0.099
682 140 7 22 0.096
1010 211 8 10 0.096
739 116 6 6 0.096
682 158 6 19 0.093
624 283 8 8 0.091
506 142 6 8 0.090
159 169 6 8 0.087
431 216 6 8 0.087
524 206 7 7 0.086
835 209 8 14 0.085
301 262 7 9 0.085
487 146 6 7 0.085
622 283 8 9 0.084
838 173 11 21 0.083
216 178 7 7 0.082
680 164 8 18 0.081
1005 147 8 37 0.081
249 188 6 7 0.080
473 211 6 7 0.080
426 124 6 8 0.080
750 160 13 8 0.080
430 241 7 8 0.080
601 186 7 8 0.078
838 208 7 9 0.078
261 160 6 8 0.078
0 311 6 12 0.077
658 147 6 9 0.077
604 184 6 25 0.077
12 333 8 9 0.076
522 260 8 10 0.075
682 167 6 9 0.074
633 163 6 8 0.074
723 201 6 8 0.074
510 114 6 8 0.073
158 160 6 14 0.073
596 166 7 13 0.073
610 216 6 10 0.073
295 251 8 10 0.072
77 183 7 15 0.072
1 323 9 21 0.071
253 117 6 8 0.070
175 243 7 9 0.070
127 241 8 9 0.070
932 279 8 10 0.069
1018 197 6 9 0.068
923 133 5 24 0.068
915 178 8 8 0.068
870 255 8 10 0.068
212 148 13 10 0.067
958 138 7 14 0.067
190 193 8 7 0.066
1014 198 7 17 0.066
839 204 6 8 0.065
470 211 6 8 0.065
380 147 6 7 0.064
699 147 13 18 0.064
896 156 7 9 0.063
595 162 8 13 0.063
43 239 7 8 0.063
921 140 12 7 0.062
634 249 7 9 0.062
37 231 8 18 0.062
931 267 8 9 0.062
243 276 6 7 0.062
390 171 5 8 0.061
517 232 10 28 0.061
510 110 6 17 0.061
237 160 6 8 0.061
238 183 7 14 0.061
116 311 17 9 0.060
253 138 7 10 0.060
239 178 6 9 0.060
198 218 8 10 0.060
792 161 8 20 0.060
288 138 7 8 0.059
522 181 11 15 0.059
260 150 6 17 0.058
173 244 6 8 0.058
252 118 6 9 0.058
231 156 8 10 0.058
522 247 9 21 0.057
923 214 8 29 0.057
581 88 6 24 0.056
992 297 7 10 0.056
234 158 8 9 0.055
915 159 6 29 0.055
941 178 7 9 0.055
245 190 6 8 0.054
659 244 8 10 0.054
116 313 8 9 0.053
175 156 7 7 0.053
14 327 11 13 0.053
157 161 6 6 0.052
877 224 7 15 0.052
376 117 6 7 0.052
87 260 9 9 0.052
75 184 7 17 0.052
901 135 6 7 0.051
610 213 6 9 0.051
431 153 6 9 0.050
554 150 6 25 0.050
726 264 8 9 0.050
506 53 6 7 0.049
661 103 7 9 0.049
631 163 7 14 0.049
721 202 6 8 0.049
291 247 7 9 0.049
394 99 6 8 0.048
426 126 6 9 0.048
660 103 6 14 0.048
872 267 7 9 0.048
1006 152 7 20 0.047
842 178 7 15 0.047
349 164 7 9 0.047
506 72 6 13 0.047
100 235 8 8 0.047
605 218 8 21 0.047
733 126 7 9 0.046
534 141 10 12 0.045
354 172 7 14 0.045
607 133 6 13 0.044
1012 139 7 10 0.044
874 145 10 15 0.043
999 269 9 10 0.043
261 157 6 9 0.043
962 205 10 8 0.043
548 92 9 18 0.043
736 117 8 22 0.043
480 101 5 7 0.042
329 159 7 9 0.042
239 188 12 10 0.042
512 100 6 8 0.042
78 191 6 7 0.042
607 225 7 9 0.041
235 250 6 8 0.041
384 159 7 16 0.041
178 244 6 7 0.041
925 227 13 12 0.040
902 136 14 16 0.040
212 149 6 7 0.040
544 122 7 9 0.040
875 260 8 10 0.040
576 109 6 12 0.039
881 212 7 8 0.039
76 248 7 9 0.039
242 273 7 11 0.039
703 158 8 16 0.039
968 301 8 9 0.038
958 203 8 9 0.038
104 260 9 9 0.038
960 138 6 9 0.038
527 147 9 23 0.038
160 263 7 17 0.038
742 174 9 17 0.037
904 281 18 13 0.037
91 324 6 7 0.037
615 264 7 9 0.037
120 192 7 9 0.036
689 129 8 9 0.036
972 270 9 10 0.035
535 74 6 8 0.035
984 136 7 7 0.035
964 181 8 22 0.035
608 219 6 11 0.035
238 191 7 9 0.034
931 236 8 9 0.034
474 320 7 8 0.034
513 93 8 19 0.033
598 152 11 21 0.033
374 258 6 8 0.033
298 253 10 13 0.033
630 146 6 32 0.033
573 124 9 22 0.032
602 154 8 9 0.032
7 262 7 18 0.032
793 211 7 8 0.032
984 177 10 42 0.032
967 177 7 18 0.032
357 180 6 8 0.031
27 547 10 11 0.031
511 117 6 8 0.031
509 116 7 17 0.030
487 140 10 20 0.030
604 195 8 12 0.030
212 152 6 7 0.030
832 151 6 8 0.030
868 143 13 21 0.030
655 196 7 8 0.030
800 190 7 36 0.029
555 161 5 8 0.028
791 167 8 16 0.028
154 162 8 9 0.028
815 163 13 25 0.028
502 137 10 29 0.028
333 158 6 7 0.028
338 110 6 7 0.027
428 203 6 8 0.027
467 210 7 9 0.027
994 309 9 10 0.027
300 268 7 8 0.027
853 130 8 9 0.027
1012 203 9 20 0.027
997 273 7 9 0.027
221 137 7 20 0.027
681 134 5 8 0.026
263 172 7 8 0.026
952 205 10 9 0.025
427 202 8 13 0.025
662 100 7 9 0.025
602 146 9 23 0.025
942 228 8 9 0.025
747 160 26 9 0.025
261 164 7 18 0.025
796 133 6 7 0.024
897 140 23 8 0.024
507 51 5 7 0.024
337 109 6 6 0.024
150 287 8 9 0.024
582 89 7 10 0.024
531 183 7 9 0.024
556 192 7 9 0.024
633 243 8 21 0.024
497 247 9 9 0.023
91 191 6 79 0.023
679 166 7 44 0.023
117 260 6 82 0.023
505 50 6 26 0.023
802 206 10 9 0.023
971 205 10 9 0.023
992 300 9 10 0.023
971 293 9 11 0.023
7 265 7 9 0.022
658 118 8 16 0.022
495 239 12 18 0.022
1017 194 6 23 0.022
619 121 7 8 0.022
159 172 6 8 0.022
619 97 7 9 0.021
899 225 9 11 0.021
964 183 8 11 0.021
374 118 6 9 0.021
493 158 13 23 0.021
28 377 7 7 0.021
660 122 9 14 0.020
487 168 8 11 0.020
36 199 6 7 0.020
372 121 6 8 0.020
220 148 12 17 0.020
601 151 6 15 0.020
508 56 5 20 0.020
520 319 7 9 0.020
430 210 7 18 0.020
209 149 9 15 0.020
699 230 10 17 0.020
703 264 8 10 0.020
252 114 7 15 0.020
821 211 15 23 0.019
507 132 7 23 0.019
37 203 7 8 0.019
973 189 13 26 0.019
995 271 8 14 0.019
13 322 17 18 0.019
601 62 6 7 0.019
107 261 7 8 0.019
434 160 5 41 0.019
28 225 7 8 0.019
660 290 7 8 0.019
996 304 9 11 0.018
431 148 5 16 0.018
605 178 7 36 0.018
971 275 8 10 0.018
522 230 7 36 0.018
116 305 7 11 0.018
381 148 7 12 0.017
844 139 7 8 0.017
335 135 6 11 0.017
815 179 9 21 0.017
293 116 7 8 0.017
284 125 11 33 0.017
250 110 11 25 0.017
228 157 17 9 0.017
106 606 14 15 0.016
229 246 7 9 0.016
736 130 7 11 0.016
513 140 14 27 0.016
960 191 13 26 0.016
461 70 6 7 0.016
299 166 8 17 0.016
514 96 7 8 0.016
104 242 10 27 0.015
427 113 6 22 0.015
933 135 11 31 0.015
174 154 7 17 0.014
435 174 6 23 0.014
166 238 8 10 0.014
678 127 10 24 0.014
200 220 7 9 0.014
239 171 6 38 0.014
751 94 6 7 0.014
430 152 6 25 0.014
112 167 15 15 0.014
991 297 15 13 0.014
919 181 12 10 0.014
547 100 8 23 0.014
720 181 9 20 0.014
336 105 7 18 0.013
969 289 9 16 0.013
732 109 6 45 0.013
389 180 6 8 0.013
185 273 7 11 0.013
332 123 6 8 0.013
477 97 10 16 0.013
992 294 15 22 0.013
334 112 6 8 0.013
244 275 8 10 0.013
335 109 5 8 0.013
852 221 11 12 0.013
186 190 10 15 0.013
491 164 21 10 0.012
973 163 9 29 0.012
417 76 5 13 0.012
972 267 8 10 0.012
462 72 6 8 0.012
298 169 6 13 0.012
654 198 6 8 0.012
505 130 6 44 0.012
524 175 7 35 0.012
432 155 6 40 0.012
28 211 8 27 0.012
114 178 8 15 0.012
492 236 10 28 0.012
861 167 10 8 0.012
117 180 11 25 0.012
436 267 7 8 0.012
838 146 9 82 0.012
710 106 6 8 0.011
676 166 9 23 0.011
377 263 6 8 0.011
664 96 7 7 0.011
284 136 6 8 0.011
937 122 5 45 0.011
786 196 10 20 0.011
377 109 7 10 0.011
677 157 10 21 0.011
500 73 7 8 0.011
730 266 8 8 0.011
488 257 8 10 0.011
75 174 6 7 0.011
522 236 8 10 0.011
743 201 7 9 0.010
571 166 8 17 0.010
799 130 6 7 0.010
261 151 7 9 0.010
725 250 8 18 0.010
763 264 6 7 0.010
796 129 5 7 0.010
416 80 5 11 0.010
