0_Parade_marchingband_1_649
45
246 192 42 45 0.901
409 84 37 45 0.884
557 83 34 46 0.882
661 217 38 43 0.880
23 198 38 49 0.877
294 285 41 54 0.876
970 152 32 40 0.872
798 285 37 50 0.869
175 282 41 51 0.868
897 323 38 47 0.867
940 209 42 44 0.866
701 291 36 46 0.858
489 122 36 45 0.856
651 147 28 37 0.854
814 205 34 41 0.845
341 118 32 41 0.845
55 121 30 34 0.842
860 155 30 36 0.833
760 151 27 35 0.827
702 174 23 31 0.818
528 131 31 38 0.817
5 128 27 33 0.817
248 143 29 35 0.811
906 178 24 30 0.807
131 236 33 44 0.799
102 135 26 33 0.751
150 123 17 30 0.655
833 178 23 28 0.550
233 156 16 28 0.416
233 149 31 33 0.210
788 158 23 31 0.210
441 133 25 32 0.166
102 131 65 33 0.091
124 140 18 27 0.053
148 158 16 27 0.049
244 167 40 50 0.048
233 164 24 34 0.047
533 116 34 42 0.046
87 139 20 26 0.036
1003 452 21 44 0.034
135 139 17 26 0.021
136 151 26 25 0.017
709 165 24 36 0.015
727 150 17 22 0.015
74 117 22 28 0.014
