0_Parade_marchingband_1_476
167
743 177 51 65 0.878
613 202 38 50 0.862
797 131 43 49 0.855
205 250 21 30 0.843
422 277 37 51 0.841
676 162 31 37 0.836
591 168 26 37 0.831
432 191 19 24 0.829
241 256 21 33 0.822
857 103 34 40 0.821
452 221 28 33 0.812
281 254 25 39 0.799
313 216 18 27 0.792
519 175 22 29 0.789
220 189 13 17 0.788
353 223 19 28 0.765
326 144 12 16 0.758
574 160 16 23 0.758
174 185 14 17 0.743
74 253 19 26 0.732
200 177 13 18 0.729
583 91 13 18 0.725
640 55 15 17 0.694
335 267 29 43 0.682
385 222 21 27 0.667
400 200 20 24 0.634
155 200 12 16 0.620
353 152 9 12 0.601
710 51 15 19 0.586
55 232 18 23 0.571
407 140 11 15 0.560
878 40 15 21 0.545
488 194 20 25 0.543
475 117 13 16 0.525
313 166 11 14 0.510
263 178 11 14 0.471
248 179 10 12 0.442
525 100 10 12 0.370
302 166 10 13 0.337
60 230 16 21 0.329
582 167 23 30 0.329
613 71 12 15 0.329
899 37 12 19 0.312
816 38 13 16 0.297
379 377 36 54 0.280
483 195 17 23 0.279
500 193 15 22 0.270
566 106 11 15 0.253
373 143 9 10 0.247
742 36 15 17 0.233
735 37 12 16 0.222
393 133 10 11 0.220
693 63 14 18 0.210
789 36 15 18 0.190
739 35 13 17 0.186
749 37 14 16 0.180
789 14 11 13 0.176
253 178 12 14 0.172
674 134 19 21 0.165
398 134 13 13 0.153
315 155 12 24 0.145
199 179 25 19 0.143
24 227 18 24 0.141
786 33 14 17 0.113
603 74 12 14 0.107
176 182 42 16 0.106
421 121 9 13 0.093
332 265 19 26 0.088
354 154 11 14 0.086
754 32 14 22 0.077
295 203 13 15 0.075
503 114 10 14 0.075
616 55 11 15 0.072
693 44 12 16 0.064
692 49 14 18 0.061
759 20 12 15 0.060
793 35 39 20 0.059
247 178 23 15 0.059
535 87 10 12 0.058
315 137 24 50 0.055
693 56 22 23 0.055
871 41 17 22 0.053
820 28 11 13 0.053
581 71 13 15 0.048
585 73 16 15 0.047
502 96 10 13 0.047
326 148 32 14 0.046
66 228 15 22 0.045
607 59 14 30 0.044
566 93 11 25 0.043
313 162 23 16 0.043
562 85 11 13 0.043
893 9 13 15 0.042
815 30 14 17 0.041
787 2 14 62 0.041
688 111 13 16 0.040
153 204 11 16 0.039
770 40 17 17 0.039
529 91 14 15 0.038
478 109 13 17 0.037
552 95 10 13 0.035
400 135 17 16 0.034
390 132 9 10 0.032
867 46 16 19 0.032
528 103 10 14 0.032
416 126 12 15 0.031
891 7 12 14 0.029
677 138 20 23 0.028
557 99 14 14 0.028
501 103 11 28 0.027
663 163 43 49 0.027
510 88 10 11 0.027
472 110 9 13 0.026
496 101 10 11 0.026
689 65 12 16 0.026
736 48 13 15 0.025
579 69 11 15 0.025
28 223 19 21 0.024
685 50 12 15 0.024
761 31 16 23 0.024
291 200 13 16 0.023
247 255 58 35 0.023
513 104 24 15 0.023
507 88 10 12 0.022
693 42 10 12 0.022
693 70 12 14 0.022
864 2 12 13 0.022
161 198 14 17 0.020
499 73 12 78 0.020
731 28 9 11 0.019
756 15 11 13 0.019
530 84 17 30 0.019
483 199 22 26 0.018
373 149 9 11 0.018
19 223 15 23 0.018
283 126 41 97 0.017
683 44 12 15 0.017
848 36 12 15 0.017
729 50 16 17 0.016
678 156 23 29 0.016
361 219 20 25 0.016
411 202 18 22 0.016
611 58 12 16 0.016
573 127 12 15 0.015
679 124 17 21 0.014
291 205 13 16 0.014
411 314 14 19 0.014
196 189 13 17 0.014
479 106 21 20 0.014
536 70 10 13 0.014
778 45 14 15 0.013
860 55 15 16 0.013
832 114 19 24 0.013
772 45 13 15 0.013
245 188 12 15 0.013
371 141 8 10 0.013
637 88 12 17 0.013
170 243 17 20 0.012
867 0 11 13 0.012
179 243 17 19 0.012
604 69 15 18 0.012
859 59 18 20 0.012
108 201 9 12 0.012
885 87 18 24 0.011
625 74 17 22 0.011
164 243 17 18 0.011
611 17 8 12 0.010
