0_Parade_marchingband_1_267
118
0 219 27 47 0.858
506 196 21 25 0.850
426 203 23 31 0.845
467 224 31 35 0.845
166 246 33 39 0.842
924 145 16 20 0.836
355 236 24 30 0.830
583 181 20 24 0.827
803 139 17 19 0.816
586 227 24 31 0.800
315 221 25 34 0.799
549 180 20 24 0.780
831 145 14 16 0.777
712 165 16 21 0.763
588 141 14 16 0.762
565 139 16 16 0.758
508 235 29 32 0.739
623 175 15 19 0.739
680 144 15 16 0.729
646 156 15 17 0.692
761 153 15 16 0.665
736 146 14 16 0.617
632 148 13 16 0.580
973 515 51 129 0.576
897 122 9 11 0.571
407 118 7 10 0.569
845 132 11 13 0.525
614 105 12 13 0.506
653 197 20 25 0.503
436 111 7 10 0.429
964 134 10 13 0.408
703 150 11 13 0.401
663 150 12 15 0.397
474 195 21 24 0.365
936 105 6 8 0.322
913 120 9 12 0.299
983 111 6 8 0.295
881 120 9 10 0.291
708 186 18 25 0.261
711 169 16 40 0.253
508 112 9 11 0.227
777 143 13 14 0.223
1001 109 8 9 0.214
786 138 12 13 0.192
745 151 32 15 0.190
551 146 14 16 0.171
667 145 31 17 0.161
975 111 7 7 0.154
986 145 11 12 0.148
582 93 8 11 0.128
484 92 7 9 0.128
606 210 19 24 0.121
980 110 8 10 0.098
636 106 10 12 0.098
962 108 9 12 0.097
490 105 9 11 0.085
624 106 19 12 0.080
632 160 31 20 0.076
711 156 44 21 0.075
486 89 8 25 0.073
738 150 13 15 0.072
984 146 9 12 0.070
847 133 12 14 0.069
971 108 19 13 0.056
550 154 16 19 0.056
669 102 7 9 0.055
969 111 22 7 0.052
616 158 12 14 0.049
992 141 11 12 0.046
506 114 8 11 0.045
515 237 35 28 0.045
958 111 20 8 0.043
628 147 16 25 0.042
877 121 10 10 0.040
500 108 11 12 0.039
535 240 16 22 0.038
657 193 20 23 0.035
1000 106 12 12 0.034
674 197 18 23 0.034
1004 106 10 16 0.032
554 110 10 13 0.032
581 90 9 11 0.032
595 109 38 54 0.029
484 97 9 13 0.029
910 101 21 47 0.029
954 103 12 24 0.028
459 117 8 10 0.027
777 151 10 13 0.025
880 117 9 11 0.025
948 110 23 9 0.024
1017 82 7 19 0.023
964 138 11 14 0.022
682 132 12 30 0.021
939 127 10 13 0.021
503 109 13 12 0.020
599 88 8 15 0.020
496 226 21 26 0.019
627 173 17 20 0.018
406 120 9 12 0.017
480 224 25 29 0.016
706 150 16 17 0.015
912 126 12 13 0.015
597 162 15 18 0.015
580 86 16 21 0.014
914 114 10 13 0.014
914 109 14 21 0.014
292 216 14 19 0.013
680 195 21 25 0.013
960 133 10 13 0.013
425 106 10 12 0.013
859 124 16 14 0.013
554 167 18 25 0.013
859 121 10 12 0.013
994 79 10 70 0.012
790 137 10 11 0.011
468 196 20 24 0.011
471 109 13 11 0.010
606 205 16 20 0.010
