0_Parade_marchingband_1_490
382
170 355 12 17 0.868
245 326 12 17 0.864
237 284 11 16 0.862
331 329 12 16 0.857
653 389 15 20 0.856
745 391 15 19 0.856
675 332 12 17 0.855
697 390 15 20 0.855
879 390 15 20 0.852
884 359 15 19 0.849
483 356 14 18 0.848
662 359 14 19 0.848
787 392 15 19 0.848
601 304 13 17 0.847
288 328 12 16 0.847
206 305 12 17 0.844
575 284 12 16 0.843
552 390 15 20 0.843
408 450 18 24 0.843
526 357 14 18 0.839
357 390 16 19 0.838
837 390 15 20 0.838
204 326 13 16 0.837
217 395 15 20 0.837
670 453 16 22 0.836
304 217 9 13 0.836
406 265 12 15 0.836
369 331 13 17 0.836
420 202 9 13 0.835
483 306 12 17 0.835
86 333 13 17 0.835
168 397 15 18 0.833
555 266 12 16 0.832
443 267 12 14 0.832
275 286 12 14 0.832
707 358 14 17 0.831
346 231 12 15 0.830
260 355 13 17 0.830
601 390 14 18 0.829
307 389 15 18 0.829
441 302 12 17 0.828
641 307 12 15 0.828
572 359 14 18 0.828
305 267 11 14 0.827
360 304 12 16 0.827
538 437 17 23 0.826
282 305 12 16 0.826
587 331 14 18 0.826
630 332 14 17 0.826
458 331 13 17 0.824
123 353 14 18 0.824
290 454 16 19 0.824
342 266 10 14 0.823
372 265 11 15 0.823
593 268 11 16 0.823
662 267 11 15 0.823
505 387 15 20 0.823
150 242 10 14 0.822
545 332 13 17 0.822
454 391 15 19 0.822
124 400 15 18 0.821
245 303 12 17 0.821
461 286 12 15 0.820
564 306 12 16 0.820
438 359 14 18 0.820
262 393 14 18 0.819
794 330 13 16 0.819
390 359 15 19 0.819
406 388 15 19 0.815
385 284 12 16 0.815
266 264 11 15 0.813
124 308 11 15 0.813
412 331 13 17 0.813
628 271 12 15 0.812
350 286 11 14 0.812
975 396 13 18 0.812
617 359 13 17 0.812
501 328 13 17 0.811
217 360 14 18 0.811
680 306 13 16 0.810
759 309 12 16 0.810
836 359 13 18 0.810
614 285 12 16 0.809
301 357 14 18 0.807
79 399 14 16 0.807
562 216 11 15 0.806
195 264 12 15 0.806
467 215 9 12 0.805
319 303 13 16 0.805
799 311 13 15 0.805
751 333 12 16 0.805
794 359 14 18 0.805
336 215 10 13 0.802
310 232 10 15 0.802
718 309 13 16 0.802
79 359 14 19 0.802
32 393 14 19 0.800
435 216 11 14 0.799
361 248 11 13 0.798
716 331 13 16 0.798
451 203 10 12 0.797
390 206 9 12 0.797
201 284 11 15 0.795
536 284 13 17 0.795
251 229 10 15 0.793
571 247 10 16 0.792
222 248 11 14 0.791
381 232 11 14 0.790
482 231 12 15 0.790
840 329 13 17 0.790
357 206 11 13 0.788
548 233 11 14 0.787
346 360 13 16 0.784
840 249 10 13 0.784
165 285 13 16 0.783
799 286 12 16 0.783
874 297 11 15 0.783
754 361 13 17 0.783
637 204 8 12 0.781
637 251 11 14 0.781
163 305 13 15 0.781
281 234 11 13 0.780
698 268 12 14 0.780
423 285 12 15 0.780
124 288 12 15 0.780
452 236 10 11 0.778
431 246 11 15 0.777
768 272 10 13 0.775
556 191 10 11 0.774
734 267 10 14 0.774
931 367 14 17 0.774
293 247 11 15 0.773
503 251 11 12 0.770
883 333 12 15 0.768
521 306 13 16 0.767
329 247 11 15 0.766
166 326 13 17 0.765
606 203 10 13 0.763
497 212 11 14 0.762
924 338 13 17 0.762
295 201 10 13 0.761
370 216 11 13 0.761
802 270 10 14 0.761
778 230 10 13 0.759
932 388 15 19 0.756
405 191 9 12 0.754
701 203 10 13 0.753
312 284 11 15 0.753
537 250 11 14 0.753
419 233 11 14 0.750
258 247 11 14 0.748
846 265 11 14 0.748
375 192 9 12 0.747
484 203 10 12 0.747
594 219 11 13 0.747
124 328 13 15 0.747
497 185 9 11 0.745
719 239 10 13 0.745
494 287 12 15 0.745
719 215 9 12 0.742
605 248 11 15 0.742
838 286 12 15 0.742
575 203 10 13 0.740
668 204 10 14 0.740
651 286 12 14 0.740
772 251 10 13 0.737
584 234 10 15 0.736
230 264 12 15 0.735
466 248 12 14 0.730
741 249 11 14 0.730
401 307 12 15 0.730
233 196 10 13 0.725
244 215 10 13 0.725
811 231 9 12 0.725
481 270 11 14 0.720
621 186 9 12 0.718
402 217 10 14 0.718
668 250 12 15 0.718
810 248 10 13 0.718
185 210 9 12 0.714
728 202 10 13 0.713
627 221 10 12 0.711
726 287 12 16 0.709
525 191 9 11 0.708
618 233 10 14 0.706
266 198 9 12 0.706
435 194 9 11 0.704
326 199 9 13 0.704
468 185 9 13 0.702
152 258 11 15 0.702
310 186 9 11 0.695
517 234 10 14 0.695
215 210 10 14 0.694
687 234 11 15 0.694
590 189 10 12 0.692
705 250 11 14 0.692
519 269 11 14 0.684
685 187 9 12 0.682
183 242 11 15 0.677
686 287 12 14 0.675
544 205 10 12 0.673
653 189 10 11 0.671
691 220 10 13 0.667
757 201 9 12 0.665
759 289 12 14 0.663
837 312 14 17 0.663
274 214 10 12 0.660
651 237 11 13 0.660
396 248 11 14 0.658
791 210 9 12 0.652
219 227 10 13 0.648
747 228 9 14 0.644
280 186 10 12 0.643
340 188 8 12 0.642
510 203 10 12 0.632
529 212 10 13 0.603
187 225 11 14 0.603
660 219 10 12 0.601
879 317 11 13 0.601
751 217 10 12 0.591
783 216 10 14 0.490
788 212 11 14 0.473
201 292 12 22 0.455
135 272 9 13 0.438
247 223 10 16 0.370
838 316 15 19 0.364
619 228 12 17 0.316
796 319 13 25 0.291
701 256 13 16 0.273
723 206 13 17 0.259
347 279 12 23 0.243
186 228 11 16 0.236
736 245 14 14 0.225
622 189 11 13 0.210
464 278 13 17 0.210
209 339 13 29 0.198
271 271 11 25 0.195
166 274 10 42 0.189
640 200 11 14 0.188
910 336 30 16 0.187
839 299 13 45 0.184
217 214 9 12 0.179
218 212 9 24 0.179
166 298 11 48 0.174
307 266 12 22 0.173
381 234 18 15 0.171
218 195 8 58 0.168
797 304 11 50 0.165
517 196 11 15 0.154
185 230 10 32 0.153
650 182 11 25 0.148
751 322 12 47 0.147
285 301 12 47 0.146
123 292 11 50 0.144
265 245 11 44 0.143
622 334 18 39 0.142
206 305 11 42 0.142
760 286 10 53 0.138
825 281 11 14 0.133
862 325 10 14 0.132
234 248 10 66 0.131
644 297 14 20 0.127
794 321 12 49 0.118
677 302 12 58 0.117
172 235 9 13 0.107
718 300 12 38 0.106
258 329 15 61 0.098
568 271 13 58 0.095
746 361 59 18 0.092
799 277 12 32 0.092
186 211 10 16 0.087
769 266 11 20 0.084
84 330 13 50 0.083
408 243 11 58 0.082
770 241 8 63 0.082
488 260 11 79 0.077
617 204 11 70 0.073
837 311 11 90 0.073
941 413 11 14 0.070
205 254 9 88 0.069
255 296 43 28 0.068
371 235 10 66 0.067
206 291 11 38 0.066
700 257 11 30 0.064
666 229 8 81 0.063
666 247 11 38 0.062
669 169 9 72 0.059
108 315 11 14 0.059
588 289 15 84 0.058
424 239 16 17 0.057
238 254 11 76 0.055
252 236 11 15 0.055
800 253 10 83 0.054
744 199 8 87 0.054
401 245 12 15 0.053
755 283 11 87 0.052
358 181 13 55 0.051
281 253 10 91 0.051
319 291 11 32 0.051
83 422 11 14 0.051
662 234 13 17 0.050
742 239 11 28 0.050
316 252 10 89 0.048
760 385 12 17 0.047
151 204 10 88 0.046
800 262 10 20 0.042
343 228 10 89 0.041
811 195 8 98 0.040
802 248 10 58 0.040
724 249 10 103 0.039
529 241 13 18 0.039
310 196 10 86 0.039
880 286 12 79 0.039
778 271 10 13 0.038
777 194 8 96 0.038
665 204 11 23 0.037
634 249 11 14 0.037
520 255 13 36 0.036
839 258 12 73 0.035
541 235 13 33 0.033
631 191 10 23 0.033
779 216 10 32 0.033
775 226 9 48 0.032
572 311 17 89 0.032
345 248 11 50 0.032
492 149 11 92 0.031
707 303 12 98 0.031
701 214 9 107 0.031
222 187 7 110 0.030
805 216 8 106 0.030
269 260 16 54 0.029
578 220 10 21 0.029
419 202 21 83 0.028
643 219 10 15 0.027
466 195 11 49 0.026
652 186 9 11 0.025
573 197 13 22 0.025
748 205 10 49 0.025
163 240 12 90 0.025
519 221 16 94 0.024
739 279 15 20 0.024
590 329 16 18 0.024
884 294 11 106 0.024
639 201 20 95 0.024
485 191 12 33 0.023
542 193 15 104 0.023
484 256 13 15 0.022
154 210 8 111 0.020
549 268 14 20 0.020
688 219 19 50 0.019
156 258 11 15 0.019
601 226 12 16 0.018
720 234 13 14 0.018
257 202 10 89 0.018
765 232 13 114 0.017
467 206 11 84 0.017
409 265 11 115 0.017
355 385 15 19 0.016
501 312 12 15 0.016
583 384 15 19 0.015
661 253 12 16 0.015
581 223 14 14 0.015
919 398 10 14 0.015
571 206 11 85 0.014
428 248 12 15 0.014
463 311 13 15 0.013
294 207 12 77 0.013
496 329 13 17 0.012
632 260 11 129 0.012
656 460 14 18 0.012
535 378 13 16 0.012
612 240 19 89 0.012
747 158 11 117 0.012
127 373 14 17 0.012
865 342 11 15 0.011
294 353 14 18 0.011
662 385 14 19 0.011
547 257 10 127 0.011
689 325 11 15 0.011
670 201 11 96 0.011
594 210 11 17 0.010
682 233 10 129 0.010
