0_Parade_marchingband_1_382
31
146 168 35 45 0.865
803 124 36 40 0.857
338 101 32 39 0.845
448 39 33 40 0.804
201 69 26 36 0.799
931 73 18 25 0.743
996 21 15 21 0.699
956 70 16 26 0.660
903 64 17 26 0.649
979 94 21 28 0.644
910 28 16 23 0.633
982 70 18 24 0.368
999 100 18 27 0.321
933 -2 14 16 0.261
991 98 20 27 0.259
87 60 19 19 0.233
939 0 13 11 0.095
927 138 20 25 0.082
941 73 21 26 0.037
1009 108 12 23 0.036
769 -2 26 19 0.031
941 -5 13 30 0.025
989 37 15 34 0.024
740 17 29 48 0.017
904 20 14 22 0.017
743 42 26 34 0.016
984 77 20 25 0.015
736 9 34 35 0.014
351 1 32 26 0.012
996 6 16 25 0.011
899 42 16 24 0.010
