0_Parade_marchingband_1_74
373
604 407 16 19 0.843
501 384 15 18 0.843
188 362 37 45 0.838
660 413 16 20 0.823
527 361 14 17 0.800
629 374 16 18 0.787
314 328 14 18 0.786
759 392 16 20 0.784
176 298 15 16 0.782
867 381 16 20 0.774
715 400 17 20 0.774
464 338 13 17 0.771
385 339 14 18 0.765
781 383 14 19 0.763
546 344 14 16 0.761
581 390 16 19 0.756
654 300 13 17 0.754
708 357 15 18 0.748
496 358 13 16 0.747
909 375 15 17 0.747
506 314 14 17 0.745
774 316 13 14 0.742
958 358 14 18 0.742
347 312 13 15 0.740
466 370 15 19 0.740
658 366 13 16 0.740
248 307 15 18 0.737
803 359 15 18 0.733
529 405 14 16 0.733
743 369 14 18 0.732
993 327 13 16 0.730
734 304 12 14 0.727
433 362 14 18 0.723
402 329 14 16 0.722
839 375 14 17 0.722
554 299 12 15 0.720
752 323 13 16 0.718
823 395 14 17 0.715
852 350 13 17 0.715
581 294 13 15 0.713
951 328 14 16 0.713
672 320 13 16 0.711
836 323 14 17 0.711
700 383 14 18 0.709
458 315 11 14 0.699
349 345 13 16 0.692
563 282 11 13 0.686
705 335 12 15 0.684
409 357 13 16 0.682
928 363 15 17 0.682
210 313 15 16 0.681
1016 375 9 18 0.681
265 314 13 15 0.679
564 370 14 19 0.671
785 337 13 15 0.665
989 193 9 11 0.661
495 302 11 14 0.658
421 312 12 15 0.658
683 348 14 17 0.658
649 343 13 15 0.654
818 277 11 13 0.652
572 333 12 15 0.648
1004 272 11 13 0.646
438 310 12 15 0.644
765 302 11 13 0.634
889 326 12 14 0.630
873 353 15 18 0.630
632 268 11 13 0.627
617 324 13 15 0.627
278 298 12 15 0.626
705 301 11 15 0.626
663 283 10 12 0.624
768 342 14 18 0.624
722 286 12 13 0.619
972 350 12 17 0.615
626 305 11 12 0.605
294 318 14 17 0.605
824 302 12 14 0.601
215 283 10 12 0.599
512 343 14 16 0.594
965 312 12 14 0.591
576 358 12 16 0.584
756 273 12 13 0.582
603 350 13 14 0.573
483 333 13 15 0.569
538 323 12 14 0.567
262 267 10 14 0.560
405 293 11 14 0.560
671 394 15 16 0.558
590 314 11 14 0.541
546 279 10 12 0.536
1004 297 11 14 0.532
822 335 13 15 0.525
593 383 14 17 0.525
793 306 13 15 0.521
889 349 13 17 0.510
235 284 10 12 0.508
933 298 10 13 0.506
889 308 11 13 0.504
613 296 10 12 0.501
735 337 14 14 0.501
902 341 14 17 0.497
367 309 12 14 0.495
839 291 10 14 0.486
618 359 12 15 0.473
856 292 11 15 0.462
917 326 13 17 0.460
606 313 11 14 0.451
132 279 11 13 0.447
781 297 12 13 0.447
9 110 9 10 0.444
468 297 11 13 0.423
867 337 12 14 0.412
566 364 16 21 0.397
346 295 10 13 0.391
555 291 13 18 0.388
321 284 11 13 0.386
333 303 11 12 0.382
797 285 9 11 0.380
433 345 13 16 0.378
644 281 11 14 0.376
201 334 14 17 0.361
644 292 12 16 0.349
799 308 12 14 0.343
685 314 11 13 0.331
885 291 10 11 0.318
369 306 10 24 0.310
471 19 8 10 0.302
541 325 16 14 0.297
600 398 15 24 0.297
633 327 11 14 0.293
532 306 11 14 0.288
453 348 10 14 0.264
192 286 11 13 0.261
447 291 9 12 0.249
626 326 14 15 0.249
915 332 13 17 0.246
1001 299 11 19 0.245
376 325 12 15 0.238
810 271 10 12 0.230
819 338 14 18 0.228
641 345 12 15 0.228
419 316 14 18 0.210
814 350 13 17 0.205
173 329 13 15 0.204
861 317 10 14 0.201
437 285 9 12 0.197
726 323 13 15 0.188
690 297 11 13 0.186
547 279 16 14 0.184
958 353 31 18 0.181
161 293 11 13 0.175
1003 348 10 15 0.172
798 281 11 13 0.172
706 283 10 13 0.171
152 281 10 12 0.170
805 310 11 13 0.168
926 320 12 15 0.165
944 289 10 11 0.164
246 309 29 18 0.161
1005 270 10 24 0.160
524 291 14 15 0.160
770 287 11 14 0.159
985 288 11 14 0.157
300 286 10 14 0.148
672 308 14 32 0.145
521 293 11 14 0.144
342 290 12 13 0.143
414 360 34 18 0.140
901 296 10 12 0.138
438 284 14 19 0.135
919 315 13 32 0.135
686 306 13 16 0.134
375 289 11 13 0.133
385 342 34 21 0.131
494 14 6 8 0.127
530 296 12 15 0.123
963 293 11 13 0.115
779 344 14 80 0.112
892 292 15 16 0.104
856 285 10 13 0.103
422 293 12 15 0.103
471 16 14 10 0.101
304 286 14 13 0.096
780 299 17 15 0.095
414 357 17 20 0.095
324 285 17 12 0.094
403 290 10 14 0.093
996 281 19 41 0.092
399 353 28 20 0.090
556 324 13 14 0.088
722 349 12 17 0.087
784 296 14 24 0.087
964 278 11 73 0.086
588 394 28 22 0.084
613 290 11 15 0.082
1006 298 13 16 0.082
832 334 13 16 0.082
478 323 13 14 0.081
180 347 16 19 0.078
826 328 25 17 0.078
295 284 13 12 0.078
168 287 12 14 0.073
656 326 14 77 0.072
339 285 11 12 0.069
372 342 14 17 0.069
769 315 13 62 0.069
431 287 12 14 0.066
967 289 15 14 0.065
498 332 13 80 0.061
939 285 13 14 0.060
263 351 14 17 0.059
972 320 23 65 0.058
642 295 16 25 0.058
698 287 13 14 0.057
784 287 17 13 0.057
889 288 11 12 0.057
787 288 15 30 0.057
704 267 12 74 0.055
775 385 17 21 0.055
819 318 31 42 0.055
183 331 29 17 0.055
574 288 13 16 0.054
590 323 12 16 0.053
635 317 14 22 0.052
654 255 11 89 0.052
866 53 8 10 0.051
792 280 18 66 0.050
887 285 9 12 0.050
169 289 24 38 0.050
725 308 24 72 0.050
1005 265 11 48 0.048
511 302 12 80 0.047
732 282 12 62 0.046
1017 354 7 20 0.046
954 302 13 76 0.046
905 45 8 8 0.045
807 339 14 16 0.045
1009 275 10 14 0.044
713 358 14 17 0.043
257 269 14 15 0.043
281 311 30 27 0.042
177 284 17 13 0.041
983 336 15 25 0.041
706 304 12 98 0.040
980 286 12 16 0.040
491 281 10 15 0.039
939 352 13 16 0.039
725 261 19 79 0.038
765 266 20 77 0.038
251 289 11 15 0.038
827 334 13 17 0.037
709 276 10 12 0.037
703 284 10 14 0.036
615 298 15 56 0.036
306 314 13 15 0.035
234 265 39 38 0.035
914 64 8 11 0.035
285 280 12 16 0.035
739 284 13 13 0.035
668 344 18 16 0.035
585 312 42 21 0.035
493 276 22 82 0.035
929 303 12 21 0.034
975 54 9 10 0.033
301 286 31 12 0.033
409 296 11 111 0.033
870 321 13 103 0.032
871 317 20 74 0.031
805 275 10 13 0.030
286 278 9 12 0.030
483 14 14 11 0.029
674 254 8 12 0.029
552 398 13 15 0.029
678 277 11 13 0.028
429 297 31 43 0.028
978 52 7 11 0.027
312 332 13 17 0.027
823 243 9 107 0.027
416 284 25 68 0.027
158 296 12 14 0.027
865 306 13 16 0.027
493 19 7 9 0.026
522 256 20 82 0.026
960 292 32 13 0.025
397 295 14 25 0.024
924 286 12 14 0.024
530 401 23 17 0.024
805 295 12 15 0.023
948 332 15 23 0.023
891 277 12 92 0.023
544 280 23 63 0.023
360 345 24 17 0.022
572 425 11 13 0.022
375 284 11 12 0.022
173 285 31 12 0.021
567 335 13 16 0.021
842 297 13 18 0.021
929 323 12 16 0.021
906 46 9 17 0.020
958 53 7 10 0.020
580 396 14 17 0.020
898 294 20 100 0.020
880 286 12 15 0.020
354 346 14 16 0.019
597 366 18 25 0.019
947 386 12 16 0.019
534 326 14 16 0.019
599 288 14 15 0.019
597 310 12 122 0.019
747 310 38 69 0.018
910 60 13 17 0.018
375 286 17 13 0.018
889 264 9 115 0.017
247 287 14 23 0.017
276 273 32 91 0.017
308 362 13 18 0.017
902 302 15 19 0.017
986 193 9 11 0.017
943 303 14 17 0.017
182 350 18 21 0.016
911 67 11 12 0.016
770 287 32 12 0.016
525 257 7 9 0.016
630 421 13 16 0.016
288 323 14 16 0.015
569 294 14 106 0.015
540 314 28 105 0.015
1017 425 8 18 0.015
653 274 13 15 0.015
519 274 21 47 0.015
371 346 11 14 0.015
832 270 16 111 0.014
382 380 12 16 0.014
698 76 7 8 0.014
0 705 9 38 0.014
645 259 10 14 0.014
929 283 15 13 0.014
1011 276 12 25 0.014
160 786 22 23 0.014
490 299 19 109 0.014
810 269 9 10 0.013
342 263 17 96 0.013
552 239 15 114 0.013
987 73 9 11 0.013
754 258 12 127 0.013
626 237 10 123 0.013
905 345 14 18 0.013
235 280 10 12 0.013
663 394 14 16 0.012
463 288 11 15 0.012
519 292 10 12 0.012
717 344 16 19 0.012
403 255 33 98 0.012
618 273 12 134 0.012
240 244 24 113 0.012
204 283 15 17 0.012
536 265 35 99 0.012
972 53 15 15 0.012
265 265 10 13 0.011
596 284 10 16 0.011
322 279 12 13 0.011
138 284 16 17 0.011
527 266 10 38 0.011
672 252 9 12 0.011
174 340 16 23 0.011
394 265 22 117 0.011
433 266 23 103 0.011
387 300 17 20 0.011
1013 0 10 6 0.010
890 67 11 13 0.010
597 269 15 34 0.010
652 252 10 11 0.010
