0_Parade_Parade_0_814
189
472 371 13 16 0.763
766 511 19 26 0.712
776 385 11 15 0.710
497 377 13 16 0.652
752 373 12 18 0.644
926 527 15 21 0.627
681 394 11 14 0.613
647 403 10 12 0.607
894 552 16 18 0.597
972 423 11 14 0.586
338 400 11 13 0.563
74 415 8 10 0.550
367 339 12 16 0.515
133 416 9 10 0.499
151 408 7 9 0.475
728 383 11 14 0.411
410 449 17 20 0.405
604 535 18 26 0.402
290 393 6 9 0.397
523 382 11 14 0.383
707 435 11 13 0.379
101 393 9 11 0.370
323 406 8 11 0.365
98 417 9 10 0.310
89 382 7 8 0.304
261 406 8 10 0.302
232 367 12 18 0.302
406 396 12 15 0.268
85 407 8 11 0.268
113 409 10 11 0.261
77 412 10 12 0.214
901 306 6 8 0.208
385 389 10 15 0.198
126 399 7 12 0.195
53 393 7 9 0.192
289 428 8 10 0.187
306 400 11 9 0.184
319 392 7 9 0.155
982 411 9 10 0.155
166 413 9 11 0.141
420 401 10 13 0.139
71 416 9 10 0.135
149 407 16 11 0.134
815 338 8 9 0.133
110 408 9 12 0.125
45 425 8 9 0.122
950 394 9 12 0.119
318 394 10 21 0.116
310 397 14 9 0.115
168 406 9 11 0.106
152 404 10 10 0.098
475 376 37 15 0.095
167 403 9 20 0.094
138 385 6 8 0.092
899 308 8 11 0.091
483 392 12 17 0.090
191 576 20 33 0.089
43 427 8 10 0.089
412 399 13 17 0.087
158 548 14 21 0.087
56 394 10 9 0.078
126 398 10 25 0.073
113 404 18 12 0.072
11 393 9 10 0.072
750 370 13 16 0.072
814 547 13 19 0.069
955 399 10 12 0.069
128 387 9 9 0.068
83 402 8 12 0.066
46 423 12 9 0.066
72 411 19 12 0.064
82 393 8 22 0.064
418 449 15 19 0.063
116 618 18 28 0.061
385 394 9 13 0.061
1001 407 13 12 0.061
256 405 9 11 0.061
70 375 6 11 0.060
724 387 12 14 0.059
94 422 9 10 0.057
164 393 8 23 0.057
383 383 9 14 0.057
951 391 8 11 0.056
290 382 8 34 0.055
260 398 11 25 0.054
963 403 10 11 0.053
407 390 11 12 0.053
674 389 17 20 0.051
946 397 12 18 0.049
293 393 9 9 0.049
158 552 16 26 0.048
167 382 6 9 0.046
8 482 13 19 0.045
527 382 11 14 0.045
684 529 18 26 0.044
70 373 6 8 0.043
460 399 11 13 0.042
338 586 22 37 0.042
942 406 9 12 0.041
665 390 10 12 0.041
321 384 7 38 0.041
950 385 11 34 0.041
10 488 12 17 0.041
529 390 10 15 0.040
630 492 13 22 0.040
612 576 18 26 0.039
181 342 12 17 0.038
120 387 12 29 0.037
142 382 7 22 0.037
294 415 10 18 0.036
87 381 11 14 0.036
400 390 11 13 0.036
1006 409 10 11 0.035
643 517 19 25 0.035
125 384 12 26 0.034
895 317 9 11 0.034
944 400 11 12 0.033
427 402 10 12 0.033
705 425 11 14 0.032
164 398 10 13 0.032
1018 425 6 15 0.031
166 396 9 36 0.030
424 384 10 13 0.029
409 455 15 19 0.028
480 401 13 17 0.028
168 424 8 9 0.027
756 396 9 12 0.027
598 528 14 21 0.026
167 380 7 8 0.026
924 522 14 20 0.025
995 397 9 11 0.025
894 559 16 17 0.024
825 372 9 13 0.024
171 406 8 13 0.024
649 520 17 21 0.024
998 397 10 19 0.023
997 381 8 10 0.023
139 382 6 17 0.023
522 404 11 14 0.021
161 561 15 27 0.021
1011 407 10 24 0.021
12 479 9 14 0.021
732 364 11 23 0.020
939 409 9 11 0.020
480 373 17 16 0.020
33 429 11 17 0.019
659 388 11 13 0.019
171 416 8 11 0.019
30 437 8 11 0.019
977 425 11 14 0.019
632 479 15 55 0.018
708 361 11 12 0.018
664 393 29 13 0.018
897 320 8 10 0.018
753 390 11 15 0.018
753 384 12 17 0.018
608 542 18 25 0.018
722 395 10 13 0.018
895 307 9 10 0.018
67 364 6 8 0.017
173 396 8 11 0.016
426 380 11 16 0.016
266 431 7 9 0.016
153 440 10 10 0.015
946 409 14 13 0.015
812 335 12 15 0.015
764 507 16 24 0.015
462 402 19 15 0.014
297 392 13 29 0.014
998 379 8 9 0.013
167 377 9 17 0.013
306 411 12 16 0.013
109 378 7 9 0.013
340 381 10 14 0.013
739 358 11 16 0.012
54 391 10 28 0.012
2 425 11 14 0.012
428 395 9 15 0.012
983 390 31 46 0.012
646 407 10 12 0.012
50 441 9 10 0.012
116 424 10 10 0.012
733 357 12 17 0.012
921 522 10 17 0.011
107 385 30 12 0.011
516 385 14 16 0.011
33 429 9 11 0.011
116 376 18 28 0.010
425 449 15 21 0.010
