0_Parade_Parade_0_490
220
771 567 107 131 0.877
899 368 80 98 0.876
121 445 82 87 0.875
385 353 58 73 0.871
177 202 49 59 0.868
102 185 45 54 0.867
746 153 37 46 0.860
730 240 41 47 0.857
767 318 62 84 0.857
594 284 53 61 0.855
241 323 53 65 0.852
502 152 34 42 0.851
668 131 43 56 0.844
16 296 41 46 0.843
471 329 53 67 0.843
716 89 33 36 0.842
525 224 37 42 0.840
12 493 72 74 0.834
910 83 29 33 0.827
546 114 27 37 0.822
758 85 34 38 0.813
594 171 40 50 0.810
876 50 24 33 0.801
968 53 26 35 0.800
275 81 20 25 0.793
825 153 41 43 0.788
59 112 18 21 0.786
668 639 38 60 0.785
279 180 37 41 0.782
380 185 44 49 0.779
595 110 27 37 0.776
851 32 20 26 0.771
134 75 18 23 0.771
400 282 43 57 0.765
494 670 50 76 0.763
434 112 23 30 0.759
448 69 21 27 0.756
571 59 23 28 0.755
770 250 33 49 0.754
26 170 27 31 0.752
929 7 22 27 0.752
73 160 31 32 0.750
385 98 19 24 0.740
537 21 17 22 0.739
536 75 22 31 0.737
4 91 15 20 0.733
439 218 36 42 0.731
174 133 33 38 0.729
699 19 19 24 0.729
441 39 17 21 0.725
244 165 25 31 0.720
350 125 30 35 0.712
912 290 50 58 0.701
937 195 47 42 0.700
230 456 52 55 0.699
722 41 22 29 0.698
635 76 27 32 0.698
9 140 19 23 0.688
0 219 16 43 0.681
901 13 21 28 0.668
356 60 17 21 0.659
674 10 14 16 0.624
644 21 13 18 0.624
373 245 33 44 0.623
952 23 22 28 0.621
90 62 14 21 0.619
233 94 16 21 0.541
614 6 15 18 0.528
653 78 27 32 0.518
882 -1 18 21 0.514
500 90 18 26 0.511
1004 161 20 54 0.511
815 31 19 24 0.501
786 48 17 23 0.499
246 56 14 17 0.482
472 65 19 24 0.475
14 382 37 47 0.464
206 17 12 13 0.446
605 30 14 17 0.444
781 13 18 21 0.431
824 95 30 32 0.412
993 27 18 27 0.365
868 214 32 50 0.365
336 117 16 21 0.349
69 204 28 42 0.345
283 10 11 15 0.318
186 45 9 13 0.299
661 80 35 31 0.291
80 155 33 28 0.288
677 83 21 25 0.247
0 112 8 22 0.247
841 3 18 19 0.240
336 119 32 30 0.236
724 6 15 20 0.198
625 151 23 31 0.190
378 34 12 19 0.182
812 27 18 23 0.170
382 125 16 21 0.157
201 16 13 14 0.146
755 40 20 26 0.141
382 130 18 29 0.136
805 5 17 21 0.135
112 148 22 23 0.135
272 146 26 31 0.134
607 4 14 15 0.131
384 145 19 23 0.131
759 32 19 23 0.129
953 15 21 25 0.126
513 24 15 21 0.116
1015 107 9 40 0.107
664 47 17 21 0.100
606 4 16 53 0.099
238 132 19 23 0.093
496 22 16 20 0.090
2 187 23 42 0.083
645 78 24 30 0.082
242 143 23 54 0.080
504 20 17 23 0.079
0 393 24 64 0.074
850 10 20 23 0.073
196 18 13 15 0.071
727 2 17 18 0.065
564 114 38 42 0.060
509 27 15 20 0.058
374 125 23 28 0.057
336 112 15 18 0.056
391 243 36 42 0.051
958 10 18 25 0.044
516 20 14 19 0.044
619 -8 44 66 0.043
769 7 20 21 0.043
271 7 10 13 0.042
400 0 10 8 0.042
136 28 10 13 0.042
502 31 15 19 0.042
602 53 15 19 0.042
472 75 20 25 0.040
439 27 16 22 0.040
800 51 22 27 0.039
495 19 13 17 0.039
780 7 18 20 0.038
597 28 15 18 0.038
979 167 42 51 0.036
543 0 11 12 0.036
732 41 21 28 0.035
1001 27 19 24 0.029
393 69 18 21 0.027
295 72 16 22 0.027
193 20 15 32 0.026
17 176 29 31 0.025
704 16 20 26 0.025
376 14 14 42 0.024
845 2 22 21 0.023
241 125 19 25 0.023
807 226 53 56 0.023
876 33 20 25 0.022
371 7 14 17 0.022
867 2 20 21 0.022
753 1 28 59 0.022
285 4 12 13 0.021
588 33 18 20 0.021
1010 24 15 23 0.021
989 15 17 22 0.021
208 20 13 15 0.021
295 36 11 12 0.020
474 56 19 23 0.019
349 66 16 20 0.019
542 145 21 27 0.019
701 5 15 16 0.019
860 32 21 27 0.018
300 65 16 21 0.018
902 4 17 22 0.018
619 149 22 27 0.018
819 88 23 27 0.017
133 32 11 14 0.017
505 94 18 28 0.016
226 91 14 19 0.016
616 152 27 39 0.016
521 19 12 20 0.016
138 27 12 16 0.016
0 377 40 56 0.016
268 12 9 11 0.015
8 185 24 27 0.015
955 6 19 22 0.015
492 617 34 53 0.015
270 63 15 20 0.015
836 4 18 22 0.014
945 38 18 24 0.014
1009 130 15 79 0.014
685 8 34 20 0.014
488 621 42 83 0.014
1016 13 10 24 0.014
911 76 24 29 0.014
808 35 26 79 0.014
290 63 19 23 0.014
733 4 17 20 0.013
820 102 41 49 0.013
4 217 22 41 0.013
806 58 20 25 0.013
490 80 21 30 0.013
523 17 17 24 0.013
132 24 12 16 0.013
570 1 12 11 0.013
628 23 17 23 0.013
439 23 14 19 0.012
951 175 40 45 0.012
1017 98 7 40 0.012
984 5 18 27 0.012
91 54 12 18 0.012
494 95 18 25 0.011
184 131 22 29 0.011
574 0 9 9 0.011
188 105 14 15 0.011
778 38 21 28 0.011
915 66 20 24 0.011
0 415 22 63 0.011
795 3 20 21 0.010
264 48 14 26 0.010
802 64 22 25 0.010
353 54 17 21 0.010
