0_Parade_Parade_0_664
404
658 320 17 23 0.807
211 316 21 25 0.795
123 324 22 25 0.795
16 338 34 34 0.785
618 340 21 27 0.780
463 340 23 31 0.772
490 327 16 22 0.750
975 345 19 22 0.723
515 313 14 19 0.713
196 294 12 15 0.702
411 334 20 27 0.700
841 324 21 26 0.690
360 322 17 22 0.667
807 345 20 26 0.638
938 336 26 30 0.635
463 299 14 21 0.626
543 352 22 25 0.589
581 328 18 22 0.582
58 308 19 25 0.569
174 352 18 23 0.568
674 313 12 19 0.558
634 310 13 14 0.541
784 327 12 15 0.536
35 309 16 19 0.536
89 288 9 11 0.536
132 304 13 15 0.521
882 356 24 25 0.507
424 309 11 14 0.495
979 311 11 13 0.495
38 287 9 11 0.495
107 302 16 18 0.482
68 285 9 11 0.473
578 310 10 14 0.466
976 319 12 14 0.460
934 316 13 14 0.447
127 279 10 13 0.418
178 288 10 12 0.418
556 293 8 11 0.414
921 309 9 11 0.410
669 316 15 20 0.408
230 296 12 14 0.401
1013 322 10 17 0.364
0 328 10 21 0.351
356 301 13 16 0.349
956 312 10 12 0.349
352 304 14 15 0.341
891 320 9 11 0.341
986 294 7 8 0.337
660 301 10 11 0.337
737 330 16 22 0.331
723 298 8 9 0.325
271 279 8 10 0.322
765 352 16 22 0.319
14 287 8 10 0.310
249 309 19 25 0.284
246 306 17 23 0.284
916 344 18 20 0.282
701 309 9 14 0.266
709 288 7 8 0.263
342 306 14 17 0.261
840 298 8 10 0.258
343 358 25 25 0.256
501 297 10 14 0.252
979 308 10 12 0.249
1012 337 11 22 0.246
858 307 9 10 0.244
729 287 7 9 0.236
945 296 8 9 0.234
245 301 14 20 0.231
259 358 31 29 0.231
682 299 10 12 0.225
490 306 13 16 0.220
700 305 9 13 0.217
25 304 14 15 0.216
166 354 22 24 0.215
159 306 11 14 0.214
537 309 11 14 0.210
743 288 8 9 0.210
137 314 15 19 0.208
658 300 9 10 0.188
182 292 31 14 0.184
1000 304 9 11 0.182
941 296 9 10 0.179
692 281 8 9 0.179
792 313 11 14 0.175
250 292 10 12 0.169
580 302 13 39 0.167
761 322 11 16 0.166
617 293 11 14 0.166
438 304 13 20 0.163
581 308 16 46 0.163
197 295 20 16 0.155
357 294 11 15 0.153
978 314 12 15 0.152
871 328 9 12 0.142
618 285 9 20 0.141
890 312 10 27 0.132
211 296 16 16 0.127
858 298 9 23 0.127
9 283 13 17 0.126
860 341 15 19 0.126
82 287 16 12 0.119
802 348 19 25 0.117
175 293 12 14 0.116
284 299 16 21 0.111
501 277 7 7 0.109
58 304 14 18 0.109
1003 295 9 14 0.109
1011 324 13 24 0.108
1006 298 12 18 0.107
310 284 10 12 0.106
723 354 26 25 0.106
876 354 20 24 0.102
285 298 11 14 0.099
774 287 7 8 0.097
501 274 7 18 0.097
467 281 9 11 0.096
107 296 12 14 0.091
222 291 15 16 0.090
998 301 15 13 0.089
260 308 16 23 0.087
665 300 10 10 0.086
248 274 9 14 0.084
618 284 9 11 0.082
123 303 25 18 0.081
868 348 19 22 0.081
466 283 8 10 0.081
503 289 9 22 0.080
154 295 9 10 0.079
818 298 11 20 0.078
745 305 14 20 0.078
639 280 15 70 0.077
243 311 20 26 0.077
576 290 9 11 0.076
578 269 8 83 0.076
372 270 8 10 0.076
21 274 9 10 0.074
815 307 12 17 0.073
21 268 10 21 0.073
707 332 12 17 0.073
703 319 13 24 0.072
944 289 11 27 0.072
794 291 8 10 0.072
792 285 9 22 0.072
690 280 8 12 0.068
408 280 12 25 0.068
375 282 12 20 0.067
631 280 9 11 0.067
522 302 18 13 0.066
1000 288 10 37 0.065
247 290 13 19 0.065
839 295 14 19 0.065
334 270 10 24 0.064
465 278 10 26 0.064
272 301 14 19 0.062
109 268 15 80 0.062
271 263 11 43 0.060
157 284 18 51 0.059
477 275 8 9 0.059
891 297 10 23 0.059
795 286 8 9 0.058
88 291 12 13 0.058
685 298 17 16 0.057
737 311 14 16 0.057
37 256 11 102 0.056
957 317 13 13 0.054
727 284 14 17 0.054
61 254 12 111 0.054
767 340 13 20 0.053
743 283 10 21 0.053
410 287 11 15 0.053
396 273 8 9 0.052
569 300 11 14 0.052
725 289 13 10 0.052
655 302 27 11 0.051
381 309 15 21 0.051
68 306 17 22 0.051
758 311 13 27 0.051
979 272 11 85 0.051
206 310 21 28 0.049
15 276 8 26 0.049
887 316 25 84 0.048
381 292 18 21 0.048
588 298 14 13 0.047
576 281 10 27 0.046
371 300 17 16 0.046
19 272 8 10 0.045
810 316 11 15 0.045
675 263 10 100 0.045
380 282 18 26 0.045
357 267 13 81 0.044
440 282 9 15 0.044
937 289 13 29 0.044
347 316 19 23 0.043
733 306 33 74 0.043
489 301 18 16 0.043
0 270 8 29 0.043
390 296 12 16 0.042
229 268 30 70 0.042
0 320 9 19 0.042
202 313 13 17 0.042
263 269 18 26 0.042
681 301 29 10 0.041
80 302 11 14 0.040
231 306 19 20 0.040
110 266 7 10 0.040
542 273 10 20 0.040
892 296 16 29 0.040
1008 345 15 21 0.039
900 324 12 14 0.039
892 340 14 19 0.039
569 297 15 21 0.038
838 299 26 11 0.037
428 331 54 40 0.037
891 306 14 32 0.037
921 310 14 14 0.036
372 306 18 21 0.036
157 356 23 23 0.036
408 293 12 16 0.036
537 317 13 17 0.036
471 274 15 18 0.036
81 274 8 10 0.036
81 270 11 23 0.035
544 277 8 13 0.035
380 316 15 20 0.035
768 356 17 22 0.035
728 353 56 24 0.035
515 334 15 20 0.034
767 306 12 26 0.034
741 280 14 97 0.034
953 270 14 87 0.033
773 289 13 10 0.033
424 275 8 8 0.033
355 286 12 19 0.033
16 265 9 21 0.033
938 294 11 9 0.033
308 278 14 17 0.032
64 321 18 22 0.031
1005 289 7 8 0.031
887 363 23 22 0.030
399 282 15 24 0.030
545 277 6 7 0.030
369 266 10 17 0.029
868 311 11 29 0.029
577 282 8 13 0.029
489 273 24 67 0.029
754 292 14 13 0.029
419 282 10 23 0.029
16 256 13 84 0.028
985 282 8 45 0.028
744 294 14 27 0.028
206 291 24 14 0.028
1 261 8 20 0.028
1012 270 10 105 0.027
500 298 32 16 0.027
405 286 20 13 0.027
655 305 16 38 0.027
824 285 9 10 0.027
301 334 18 23 0.026
410 274 9 9 0.026
920 286 12 25 0.025
350 353 20 24 0.025
330 261 10 16 0.025
-1 330 22 28 0.025
301 279 11 27 0.025
598 292 15 24 0.025
773 278 9 29 0.025
919 268 21 92 0.025
550 346 16 21 0.025
490 287 11 24 0.024
718 284 17 29 0.023
858 285 12 27 0.023
865 344 16 22 0.023
259 269 11 13 0.023
325 295 12 18 0.023
40 261 12 22 0.023
509 297 19 28 0.023
932 300 15 48 0.023
981 293 14 30 0.022
118 285 14 21 0.022
153 291 18 13 0.022
289 303 15 22 0.022
108 268 10 25 0.022
831 370 27 22 0.022
719 269 6 32 0.022
21 297 14 23 0.022
632 274 14 24 0.022
332 263 8 8 0.021
380 261 20 66 0.021
829 269 23 72 0.021
639 280 14 29 0.021
606 275 8 9 0.021
763 334 15 22 0.021
593 324 16 21 0.020
295 273 15 24 0.020
333 247 11 73 0.020
514 351 15 20 0.020
860 281 7 36 0.020
922 288 10 9 0.020
1005 293 14 9 0.020
908 285 6 9 0.020
435 281 16 11 0.020
5 321 16 20 0.020
784 307 19 30 0.020
730 356 25 26 0.020
1000 341 18 18 0.019
910 293 20 31 0.019
391 284 26 19 0.019
618 279 16 30 0.019
690 316 15 24 0.019
794 281 6 41 0.019
717 273 12 24 0.019
549 274 10 12 0.019
272 268 17 30 0.019
465 279 26 9 0.019
282 262 8 10 0.018
51 278 16 25 0.018
620 308 14 18 0.018
1 323 16 25 0.018
268 277 29 12 0.018
284 261 20 86 0.018
718 277 6 7 0.017
944 317 22 23 0.017
764 295 16 30 0.017
544 276 18 14 0.017
907 276 9 25 0.017
492 268 17 28 0.017
958 342 22 25 0.016
24 262 11 25 0.016
675 342 13 17 0.016
724 267 6 62 0.016
1006 285 16 28 0.016
108 262 7 8 0.016
405 336 18 26 0.016
14 309 17 21 0.016
337 315 16 21 0.016
810 295 18 25 0.016
291 277 21 15 0.016
948 335 22 25 0.016
562 318 15 19 0.016
260 316 16 23 0.016
520 336 15 21 0.015
384 267 12 13 0.015
128 270 11 18 0.015
1 302 11 17 0.015
598 309 13 25 0.015
720 348 20 25 0.015
374 282 22 80 0.015
886 308 26 37 0.014
194 291 17 23 0.014
690 274 14 32 0.014
304 327 16 24 0.014
373 264 10 41 0.014
336 254 35 106 0.014
109 260 8 22 0.014
687 269 25 102 0.014
197 323 17 21 0.014
395 306 16 22 0.013
752 286 18 43 0.013
687 274 9 34 0.013
828 293 20 10 0.013
829 357 42 40 0.013
177 346 16 20 0.013
779 288 14 31 0.013
845 304 18 24 0.013
315 277 19 30 0.013
528 273 9 10 0.013
739 346 22 29 0.013
896 357 19 24 0.013
187 354 17 22 0.013
486 271 10 16 0.013
512 350 37 20 0.013
332 266 10 11 0.013
197 334 16 19 0.012
693 333 19 19 0.012
394 266 15 30 0.012
545 306 17 24 0.012
311 275 33 19 0.012
907 282 14 31 0.012
906 292 10 10 0.012
462 269 19 33 0.012
781 325 19 24 0.012
439 281 28 10 0.012
834 283 10 17 0.012
371 346 19 24 0.012
451 260 7 9 0.011
220 274 8 29 0.011
50 266 14 33 0.011
445 279 15 29 0.011
796 351 19 24 0.011
511 281 16 29 0.011
498 258 11 62 0.011
280 258 13 28 0.011
892 313 15 15 0.011
126 247 21 115 0.010
804 281 11 15 0.010
7 333 23 28 0.010
964 294 11 17 0.010
1015 288 8 9 0.010
845 282 10 19 0.010
779 280 21 30 0.010
436 317 13 18 0.010
485 276 12 7 0.010
307 291 13 18 0.010
