0_Parade_Parade_0_376
41
767 155 42 52 0.834
634 204 29 39 0.810
394 212 39 58 0.777
918 155 34 41 0.729
144 265 29 48 0.703
336 248 28 39 0.491
538 222 26 42 0.293
207 586 39 87 0.245
314 244 27 35 0.124
420 164 10 11 0.115
469 135 7 9 0.090
436 162 10 13 0.076
535 235 24 38 0.071
412 144 10 13 0.051
480 154 9 11 0.049
319 243 40 40 0.048
540 223 19 28 0.046
461 158 9 11 0.042
481 150 12 14 0.039
416 163 21 15 0.036
425 142 10 10 0.034
491 151 8 11 0.033
488 155 10 11 0.028
688 191 10 12 0.024
485 136 9 9 0.023
0 415 13 88 0.023
485 134 10 22 0.020
486 138 9 11 0.020
426 144 19 53 0.019
423 135 12 29 0.017
313 240 22 28 0.017
328 246 24 30 0.016
439 156 18 20 0.015
419 123 10 77 0.014
321 44 8 11 0.013
530 244 18 31 0.013
470 134 10 10 0.012
80 304 41 38 0.011
760 207 18 26 0.011
491 159 10 12 0.011
446 139 8 11 0.010
