0_Parade_marchingband_1_309
63
500 73 33 36 0.802
46 85 26 29 0.798
387 94 28 33 0.761
272 97 21 25 0.730
442 93 22 27 0.728
127 112 26 30 0.668
844 95 29 32 0.663
726 88 31 32 0.655
298 92 30 31 0.641
210 91 25 30 0.615
957 85 22 25 0.586
818 108 24 26 0.583
922 104 25 30 0.568
891 96 25 27 0.451
193 103 18 23 0.394
603 95 29 34 0.364
984 97 20 25 0.350
590 96 27 29 0.337
671 89 21 24 0.333
1010 135 14 26 0.141
605 87 27 28 0.130
538 92 20 29 0.106
543 90 19 22 0.101
589 94 19 24 0.098
537 104 17 20 0.061
894 90 32 34 0.053
135 86 25 27 0.053
606 106 21 26 0.048
989 89 19 25 0.045
913 87 27 27 0.044
994 86 18 25 0.039
239 99 20 25 0.039
1008 131 15 19 0.037
582 95 16 21 0.036
614 106 22 26 0.036
586 90 35 27 0.036
90 93 24 29 0.034
711 105 21 24 0.030
967 86 37 27 0.030
716 99 23 27 0.029
813 104 20 23 0.028
1 87 11 24 0.026
186 102 17 22 0.023
547 87 16 19 0.021
216 97 24 27 0.018
306 93 32 35 0.018
952 78 21 24 0.017
0 92 7 25 0.017
817 96 20 24 0.016
926 112 24 27 0.015
550 90 18 19 0.015
530 98 21 23 0.013
669 83 18 23 0.013
0 84 9 21 0.013
146 86 24 24 0.013
123 114 21 25 0.013
988 108 17 23 0.012
132 104 23 27 0.012
518 81 24 28 0.012
1010 122 14 21 0.012
575 98 19 21 0.012
716 85 30 34 0.010
823 115 21 23 0.010
