0_Parade_Parade_0_854
28
791 435 43 51 0.877
526 264 41 53 0.862
161 729 19 24 0.824
984 455 33 50 0.806
122 726 26 34 0.796
700 24 10 11 0.675
28 755 20 14 0.372
615 488 34 34 0.292
521 4 9 11 0.277
859 427 19 21 0.243
657 35 10 11 0.207
25 749 18 20 0.198
142 750 16 16 0.176
9 408 9 11 0.166
127 733 27 32 0.154
54 748 16 20 0.086
24 741 18 19 0.042
549 1 10 10 0.038
1004 473 19 39 0.026
0 725 13 25 0.021
657 30 10 12 0.015
398 160 13 17 0.013
719 29 10 13 0.012
67 757 21 13 0.012
54 742 16 18 0.011
750 605 18 23 0.011
182 744 12 20 0.011
76 760 17 8 0.010
