0_Parade_marchingband_1_172
356
569 240 39 51 0.838
244 169 32 39 0.821
510 143 25 29 0.820
649 104 22 27 0.809
492 109 22 26 0.805
252 94 21 26 0.798
540 67 17 21 0.797
852 182 28 32 0.794
698 136 25 28 0.792
278 92 23 29 0.790
747 123 25 33 0.790
440 105 23 26 0.789
872 102 19 24 0.786
561 132 23 29 0.783
112 84 24 30 0.779
672 179 28 31 0.777
523 93 22 27 0.777
777 100 23 29 0.772
984 129 21 25 0.763
69 81 21 27 0.762
229 84 19 25 0.757
486 67 20 23 0.752
439 70 21 24 0.747
558 49 18 21 0.735
840 99 23 27 0.734
67 32 16 19 0.732
807 76 19 24 0.732
585 76 20 23 0.729
942 126 23 28 0.728
711 99 21 24 0.726
250 46 19 22 0.722
304 77 20 25 0.722
954 85 16 19 0.718
784 44 14 17 0.715
403 63 18 22 0.715
371 84 19 22 0.709
606 49 16 17 0.699
965 117 20 25 0.694
593 109 24 27 0.684
695 73 17 23 0.677
926 36 14 17 0.665
0 31 13 22 0.661
201 38 15 18 0.661
649 41 16 19 0.658
928 88 17 21 0.658
195 95 21 25 0.658
998 34 12 17 0.656
907 97 19 23 0.636
171 80 21 25 0.634
113 28 14 16 0.630
644 78 19 22 0.625
1006 76 14 19 0.613
811 34 11 14 0.611
742 49 13 14 0.611
395 103 20 25 0.610
674 52 17 21 0.603
880 168 23 28 0.601
889 140 22 26 0.594
375 108 24 31 0.585
285 40 15 17 0.575
952 53 16 19 0.540
409 29 12 14 0.532
487 29 11 15 0.524
873 77 12 15 0.512
429 14 12 15 0.506
487 4 10 13 0.499
923 16 10 12 0.490
840 24 12 15 0.488
633 25 11 14 0.484
466 40 15 16 0.484
1 112 16 25 0.477
567 22 11 15 0.475
289 65 16 20 0.453
194 0 12 14 0.433
912 73 14 16 0.431
817 153 28 33 0.425
115 24 17 18 0.413
823 22 11 13 0.395
504 50 14 16 0.384
126 20 14 16 0.376
521 20 12 16 0.374
903 38 13 15 0.370
868 17 11 13 0.365
877 26 11 13 0.361
578 3 12 14 0.357
401 12 12 15 0.357
728 35 11 14 0.357
16 7 13 16 0.353
512 66 15 20 0.341
331 122 20 27 0.333
1 6 12 15 0.333
798 21 10 12 0.333
649 11 11 15 0.329
315 20 12 15 0.329
871 19 12 15 0.319
437 154 25 31 0.313
578 35 13 16 0.312
607 26 12 14 0.308
777 26 10 13 0.301
521 8 12 15 0.299
88 15 10 14 0.299
297 2 12 15 0.291
49 7 12 16 0.286
165 56 19 23 0.284
631 48 13 16 0.270
443 25 12 14 0.263
35 0 16 13 0.261
376 44 13 16 0.261
1015 29 9 16 0.258
858 28 10 13 0.256
355 17 12 15 0.241
215 13 12 15 0.239
550 17 11 14 0.238
332 16 11 15 0.233
347 1 12 14 0.225
12 65 16 24 0.225
673 16 14 17 0.220
442 146 26 34 0.217
273 0 11 11 0.216
630 20 11 14 0.214
749 28 11 14 0.213
149 3 14 16 0.205
320 4 12 14 0.201
92 62 18 21 0.194
166 68 21 29 0.194
71 1 11 13 0.188
547 19 12 22 0.188
166 50 17 20 0.188
922 19 12 30 0.187
504 98 41 30 0.181
899 34 14 15 0.174
546 26 11 14 0.172
48 72 18 22 0.172
693 33 13 17 0.170
442 39 14 17 0.164
226 0 17 15 0.157
201 111 22 26 0.155
379 12 12 14 0.153
632 35 13 28 0.150
369 67 17 20 0.147
128 13 15 23 0.145
240 1 15 12 0.145
206 59 17 21 0.140
486 21 12 32 0.135
433 4 11 15 0.131
736 18 9 11 0.129
375 42 14 31 0.125
582 27 12 16 0.124
908 26 12 52 0.124
374 10 15 17 0.122
140 1 16 15 0.121
334 4 12 14 0.119
113 59 21 24 0.118
84 12 17 17 0.113
603 17 13 16 0.112
464 8 13 15 0.110
716 23 11 22 0.110
451 140 22 28 0.109
490 61 19 23 0.109
784 9 12 75 0.108
216 34 16 18 0.108
187 93 22 26 0.108
744 25 20 14 0.107
650 16 12 16 0.107
91 59 35 23 0.107
1008 113 11 19 0.106
614 0 16 9 0.102
489 25 16 16 0.102
522 44 13 18 0.101
872 22 15 16 0.098
622 7 14 12 0.098
765 17 10 12 0.098
521 7 11 32 0.097
286 23 14 17 0.097
284 12 14 16 0.094
410 0 13 9 0.092
566 -1 12 54 0.092
633 171 22 25 0.092
771 29 12 15 0.090
742 10 13 80 0.089
967 154 20 26 0.088
162 62 17 21 0.087
446 41 18 18 0.086
219 0 18 17 0.083
1016 23 8 13 0.082
217 19 13 26 0.081
203 119 21 24 0.081
495 14 13 16 0.080
113 0 19 9 0.079
601 157 23 28 0.079
317 12 12 18 0.078
752 29 12 15 0.078
717 15 9 13 0.077
881 27 12 14 0.077
173 87 22 25 0.077
948 71 18 103 0.074
188 0 32 16 0.073
922 10 10 13 0.073
319 5 11 31 0.073
689 70 19 22 0.073
177 2 11 13 0.071
693 17 13 15 0.070
499 46 14 16 0.069
1016 39 9 16 0.068
903 34 15 27 0.067
719 12 8 10 0.066
996 70 15 19 0.066
137 64 14 20 0.066
561 1 14 95 0.066
902 33 44 25 0.065
268 19 16 20 0.065
101 2 17 14 0.064
112 74 24 29 0.064
837 16 13 22 0.061
348 22 14 15 0.061
133 1 17 15 0.060
307 64 17 21 0.060
487 -15 10 76 0.059
622 10 16 15 0.059
182 0 16 14 0.057
266 8 15 24 0.056
0 69 12 24 0.056
126 60 22 25 0.055
346 -1 17 28 0.053
516 44 15 18 0.053
907 31 14 17 0.052
367 0 17 18 0.051
489 4 14 17 0.050
217 1 36 17 0.050
830 79 16 22 0.049
325 94 18 23 0.048
327 3 24 14 0.046
551 108 19 23 0.044
248 0 18 10 0.044
607 -8 12 105 0.044
447 14 22 58 0.044
1004 18 13 108 0.043
383 14 11 13 0.043
467 -5 13 94 0.042
442 37 40 19 0.041
506 19 18 88 0.041
648 5 11 13 0.041
59 79 21 25 0.041
343 28 10 15 0.039
309 59 15 18 0.039
568 46 18 23 0.039
575 44 15 23 0.039
103 5 15 16 0.039
544 30 13 18 0.038
576 56 16 21 0.038
292 4 17 21 0.037
1006 96 15 54 0.037
813 63 16 42 0.036
545 0 17 54 0.035
560 42 18 21 0.035
668 163 31 39 0.032
1009 72 13 19 0.032
1010 110 11 18 0.031
391 10 26 18 0.031
724 -6 16 88 0.030
573 3 14 13 0.029
817 3 11 12 0.029
810 -15 11 101 0.029
211 43 19 25 0.029
449 -1 16 8 0.029
407 34 13 15 0.028
94 66 18 24 0.028
177 1 14 23 0.028
1006 110 17 28 0.027
14 -12 47 50 0.026
98 0 26 13 0.026
87 0 17 15 0.026
675 6 10 15 0.026
461 22 14 24 0.026
220 24 14 18 0.026
935 144 19 24 0.025
17 44 19 24 0.025
195 37 17 21 0.025
172 8 14 17 0.024
678 37 19 22 0.024
492 45 14 19 0.024
5 119 22 25 0.023
433 161 25 30 0.023
958 0 13 10 0.023
588 10 16 22 0.023
775 79 16 19 0.023
994 65 14 17 0.023
329 -5 22 50 0.022
316 25 15 18 0.022
201 60 16 19 0.021
353 0 22 40 0.021
216 40 15 22 0.021
776 1 11 13 0.021
210 68 18 22 0.021
123 0 29 13 0.021
809 14 14 116 0.020
5 3 62 20 0.020
268 26 17 19 0.020
867 74 14 18 0.020
836 77 15 20 0.020
351 -9 36 67 0.020
0 75 7 23 0.020
667 148 20 25 0.019
17 6 19 56 0.019
707 73 16 21 0.018
599 1 28 9 0.018
283 -28 28 84 0.018
488 77 20 22 0.018
1005 172 17 33 0.017
778 0 10 9 0.017
390 156 24 33 0.017
690 3 23 71 0.017
600 -4 20 23 0.017
622 159 22 27 0.017
372 72 18 25 0.017
109 13 16 17 0.016
809 -5 50 77 0.016
14 122 20 25 0.016
163 69 16 21 0.016
674 4 10 11 0.016
313 -21 16 83 0.016
984 104 14 18 0.016
380 4 12 20 0.016
806 160 34 37 0.015
189 19 16 21 0.015
492 87 17 22 0.015
579 81 20 22 0.015
602 -19 16 86 0.014
270 -8 14 53 0.014
719 40 14 17 0.014
430 -2 12 26 0.014
857 143 18 23 0.014
968 61 16 19 0.014
997 31 12 15 0.014
397 95 18 23 0.014
398 -9 47 72 0.014
565 107 50 28 0.014
613 153 21 26 0.014
978 107 19 23 0.013
836 148 23 26 0.013
993 73 15 19 0.012
842 1 16 21 0.012
852 0 14 20 0.012
929 38 16 18 0.012
694 12 19 22 0.012
182 18 17 17 0.012
383 -23 35 82 0.012
695 15 33 14 0.012
86 61 16 20 0.012
612 -19 35 112 0.011
765 82 19 22 0.011
694 11 9 11 0.011
660 153 21 26 0.010
835 3 15 16 0.010
675 -25 26 95 0.010
591 99 23 29 0.010
