0_Parade_marchingband_1_360
108
475 104 49 65 0.869
857 130 47 56 0.832
93 160 42 46 0.815
932 296 17 19 0.761
8 335 9 11 0.735
324 320 11 13 0.723
764 317 12 14 0.722
1000 327 9 9 0.636
577 226 24 29 0.601
723 314 10 12 0.514
232 256 27 33 0.433
195 344 8 9 0.414
802 318 9 12 0.405
43 197 13 13 0.388
295 348 8 10 0.288
674 309 11 13 0.275
799 320 9 11 0.233
676 307 12 13 0.195
292 295 8 9 0.146
333 303 8 10 0.140
27 205 10 11 0.120
667 314 11 13 0.112
210 346 8 9 0.110
196 343 14 12 0.105
366 307 8 11 0.100
242 261 18 23 0.098
295 331 8 10 0.096
167 246 6 7 0.090
1004 278 7 9 0.088
178 343 7 8 0.075
663 317 10 11 0.064
726 312 12 14 0.062
691 314 10 13 0.061
690 311 10 11 0.060
974 332 8 9 0.058
365 304 10 28 0.057
349 340 7 10 0.056
721 318 11 13 0.056
666 318 9 11 0.053
800 304 8 11 0.052
333 293 7 22 0.049
179 336 10 16 0.048
358 325 11 11 0.048
180 346 9 8 0.043
195 335 8 22 0.043
985 338 7 9 0.042
707 307 11 12 0.041
663 315 19 11 0.038
789 319 11 13 0.037
27 327 8 10 0.037
799 301 8 11 0.036
634 342 7 8 0.035
180 341 7 9 0.034
970 331 10 11 0.033
365 314 9 14 0.032
352 326 9 21 0.031
634 337 7 19 0.030
1003 271 7 24 0.030
1002 282 9 11 0.030
333 282 7 12 0.029
347 341 7 9 0.029
176 270 7 8 0.028
744 321 12 12 0.028
961 334 8 10 0.027
25 327 11 14 0.027
41 202 14 13 0.027
348 330 10 13 0.026
360 307 12 29 0.025
185 335 18 25 0.025
279 270 8 9 0.025
754 308 12 14 0.024
363 326 9 12 0.023
974 328 9 10 0.022
981 336 8 15 0.022
396 249 7 10 0.021
633 335 13 23 0.021
299 345 8 10 0.020
44 193 11 13 0.020
740 316 15 16 0.019
692 319 9 11 0.019
178 344 29 9 0.019
14 331 11 13 0.019
226 261 23 30 0.018
205 333 13 20 0.018
738 309 13 14 0.018
347 313 13 25 0.018
742 315 29 15 0.018
578 215 19 21 0.017
967 286 9 18 0.017
969 392 6 9 0.016
984 276 8 8 0.015
758 318 14 14 0.015
154 318 7 11 0.014
271 337 10 13 0.014
296 329 8 10 0.014
678 319 12 11 0.014
31 328 8 11 0.013
784 320 13 12 0.013
203 339 14 10 0.012
985 364 7 9 0.012
292 348 12 14 0.012
663 296 18 39 0.012
343 303 11 23 0.011
392 246 13 18 0.011
293 317 10 26 0.011
350 337 11 17 0.010
305 301 13 20 0.010
744 105 8 9 0.010
