0_Parade_marchingband_1_20
91
540 358 39 42 0.852
30 403 28 35 0.804
853 265 44 59 0.800
82 391 22 26 0.793
628 394 18 21 0.784
253 371 30 38 0.773
728 347 18 18 0.771
128 378 12 14 0.756
385 368 16 19 0.732
334 379 18 20 0.702
586 370 18 19 0.694
802 355 16 19 0.661
447 348 17 20 0.656
679 359 13 16 0.649
776 360 13 17 0.632
492 371 17 21 0.607
233 375 19 24 0.566
465 354 24 31 0.526
618 370 11 14 0.427
283 268 9 11 0.306
329 297 9 11 0.270
305 273 11 13 0.244
620 358 7 9 0.217
310 276 10 13 0.216
83 369 13 17 0.210
301 270 10 13 0.183
636 375 15 17 0.178
700 362 9 12 0.170
619 358 9 19 0.168
652 365 9 10 0.146
620 356 12 12 0.120
157 390 9 11 0.107
757 353 11 13 0.104
648 362 12 12 0.103
631 354 11 11 0.100
777 346 11 14 0.092
322 292 18 14 0.086
140 325 8 11 0.084
280 269 33 14 0.070
661 390 13 15 0.067
796 364 13 16 0.063
661 381 14 18 0.059
596 361 11 14 0.059
680 352 14 16 0.056
399 264 10 11 0.052
297 267 11 13 0.049
500 359 14 17 0.044
40 378 20 25 0.040
259 313 9 10 0.040
281 270 11 22 0.040
698 365 12 13 0.039
359 267 9 11 0.037
281 286 9 12 0.036
684 349 13 17 0.036
664 372 12 13 0.036
636 354 10 11 0.035
342 370 18 22 0.030
776 366 13 14 0.029
86 361 11 24 0.028
731 330 18 20 0.027
119 375 23 16 0.026
395 265 11 13 0.025
978 313 14 16 0.023
87 351 8 10 0.023
739 350 20 21 0.023
382 371 14 18 0.022
363 269 10 12 0.021
505 360 11 14 0.021
806 343 15 20 0.021
500 355 12 15 0.020
346 366 14 16 0.019
701 368 12 14 0.018
230 302 10 12 0.018
993 344 16 20 0.017
636 338 23 74 0.017
329 293 10 12 0.017
235 298 9 11 0.017
392 265 10 11 0.016
64 366 38 29 0.015
347 178 7 8 0.015
508 363 12 16 0.014
237 382 22 25 0.014
979 309 25 38 0.013
700 355 11 13 0.012
723 348 50 26 0.012
983 314 15 20 0.012
80 370 19 22 0.011
155 393 10 13 0.011
799 351 16 18 0.011
455 330 17 19 0.010
401 261 9 11 0.010
