0_Parade_marchingband_1_188
137
253 502 11 13 0.821
548 518 12 14 0.788
919 487 11 13 0.787
443 550 11 14 0.756
521 367 9 10 0.732
241 327 9 9 0.727
612 282 6 8 0.709
589 326 8 9 0.706
555 267 8 8 0.704
694 283 8 9 0.688
797 360 9 11 0.673
575 569 11 14 0.658
343 321 8 10 0.650
784 386 9 11 0.642
64 324 8 9 0.613
504 281 7 8 0.601
681 307 7 10 0.588
119 335 7 9 0.584
211 419 9 12 0.582
724 305 7 8 0.582
158 369 10 10 0.578
452 322 9 10 0.578
50 430 9 12 0.571
334 269 8 10 0.571
708 408 10 11 0.570
439 275 7 7 0.535
616 435 11 12 0.521
617 371 8 11 0.504
296 248 8 9 0.504
302 376 8 10 0.471
362 256 7 7 0.457
603 410 10 12 0.452
780 185 8 8 0.442
859 429 10 12 0.434
687 352 9 11 0.432
512 213 7 8 0.414
299 380 9 11 0.375
140 211 8 8 0.359
723 333 7 9 0.355
249 266 8 9 0.324
509 253 8 9 0.318
469 432 10 11 0.304
454 350 8 9 0.286
505 396 9 10 0.270
298 382 8 11 0.268
866 383 11 12 0.237
217 176 7 8 0.222
466 435 11 14 0.208
492 177 7 8 0.197
614 426 11 23 0.176
672 391 14 10 0.174
995 244 7 9 0.166
295 387 8 10 0.166
776 448 13 11 0.165
861 427 11 12 0.158
861 432 10 12 0.153
210 426 10 12 0.134
704 367 11 12 0.132
669 391 10 11 0.126
463 443 10 12 0.115
437 274 7 9 0.112
692 270 8 39 0.107
794 336 10 66 0.087
857 433 9 11 0.082
4 576 8 11 0.078
672 410 10 11 0.078
856 427 10 12 0.077
339 320 8 11 0.073
768 228 8 9 0.070
672 395 10 19 0.059
617 376 9 12 0.058
432 258 6 8 0.051
171 387 8 11 0.050
591 353 8 11 0.049
708 369 10 11 0.046
993 243 7 9 0.045
157 201 7 9 0.037
864 387 9 11 0.036
997 243 8 11 0.034
445 307 8 10 0.034
68 324 8 9 0.033
218 186 8 10 0.032
773 448 11 12 0.032
997 248 8 9 0.030
5 579 7 12 0.030
503 399 10 12 0.030
620 391 10 12 0.029
723 335 7 10 0.029
781 453 11 12 0.028
255 566 12 14 0.028
489 204 8 11 0.027
154 370 9 11 0.026
867 387 10 11 0.025
65 320 8 10 0.025
726 306 8 8 0.024
63 425 10 12 0.024
340 249 8 8 0.023
158 374 10 12 0.023
680 310 9 10 0.023
671 414 9 10 0.023
703 314 9 10 0.022
593 324 9 10 0.022
496 399 9 11 0.022
665 394 9 9 0.022
680 350 16 66 0.021
490 209 7 10 0.021
330 321 9 11 0.021
461 446 9 11 0.020
772 198 10 10 0.020
793 360 10 12 0.019
461 439 8 10 0.019
764 228 7 9 0.018
794 358 11 19 0.018
914 314 9 9 0.018
448 321 8 11 0.016
710 361 10 12 0.016
118 594 11 14 0.016
620 307 8 9 0.016
148 242 7 9 0.015
209 441 10 11 0.014
141 215 8 10 0.014
249 261 9 11 0.014
859 438 9 11 0.014
624 392 10 12 0.013
713 404 11 17 0.013
627 446 10 13 0.013
682 389 9 11 0.012
784 449 10 12 0.012
722 332 8 20 0.012
779 445 13 13 0.011
787 184 9 9 0.011
500 281 8 9 0.011
431 257 6 8 0.011
589 358 10 13 0.010
625 396 11 12 0.010
578 573 11 12 0.010
499 434 11 12 0.010
