0_Parade_Parade_0_317
148
605 105 16 19 0.750
564 125 16 19 0.711
172 200 22 28 0.697
222 97 14 17 0.665
540 93 14 17 0.654
428 84 15 18 0.626
301 100 14 16 0.578
176 102 16 18 0.575
309 79 13 17 0.550
272 102 13 14 0.541
381 83 14 16 0.477
488 92 15 16 0.457
245 89 14 16 0.451
328 74 16 17 0.425
161 90 15 18 0.405
491 88 16 18 0.368
388 121 15 16 0.357
170 97 18 20 0.331
102 68 15 16 0.263
478 85 13 16 0.246
522 107 14 15 0.239
31 91 17 18 0.211
385 111 15 22 0.201
382 105 14 15 0.201
816 99 15 16 0.191
181 66 14 16 0.179
740 106 15 19 0.157
262 99 12 16 0.132
959 109 13 16 0.132
125 75 18 21 0.130
782 102 13 14 0.130
514 95 17 19 0.125
485 63 15 17 0.116
411 91 13 14 0.105
720 82 13 15 0.102
884 210 15 16 0.100
640 81 15 16 0.097
541 77 12 16 0.096
387 91 13 59 0.085
510 92 15 17 0.085
737 102 17 18 0.083
906 252 13 15 0.080
641 105 13 15 0.080
285 96 35 23 0.079
890 214 17 19 0.077
295 93 15 17 0.077
95 91 12 16 0.075
897 223 15 19 0.071
455 98 15 17 0.070
413 80 14 17 0.066
233 70 14 16 0.063
270 70 13 15 0.062
479 89 15 16 0.060
229 90 17 19 0.057
695 100 15 17 0.056
10 92 17 18 0.055
742 113 13 16 0.054
430 66 15 16 0.053
653 77 14 15 0.050
760 117 10 14 0.050
346 61 20 17 0.048
277 103 13 14 0.047
291 90 12 15 0.046
323 71 14 15 0.045
642 94 13 35 0.044
423 88 16 16 0.043
420 67 17 17 0.043
565 84 13 16 0.042
1002 94 19 22 0.041
650 101 16 15 0.041
920 105 16 18 0.041
202 103 15 19 0.040
179 96 19 20 0.038
400 84 18 17 0.038
789 71 15 17 0.037
270 91 14 21 0.037
354 121 14 17 0.037
108 71 23 20 0.034
122 82 18 20 0.033
349 83 13 16 0.032
345 79 15 16 0.032
345 66 14 25 0.032
643 131 15 17 0.030
823 99 15 16 0.029
904 97 14 17 0.029
267 73 12 15 0.029
181 89 17 19 0.028
450 69 14 16 0.027
656 99 16 17 0.027
915 105 17 17 0.026
833 70 16 19 0.026
902 216 13 61 0.026
190 87 19 19 0.025
641 70 19 38 0.025
198 87 16 20 0.025
658 76 12 15 0.024
417 66 13 13 0.024
868 90 15 15 0.023
227 81 14 30 0.023
574 67 14 16 0.023
441 92 17 18 0.023
835 120 14 18 0.023
928 72 12 14 0.022
899 213 14 19 0.021
604 82 16 52 0.021
744 100 14 17 0.020
629 84 18 16 0.020
304 108 12 14 0.020
2 95 17 19 0.020
331 81 23 18 0.020
621 85 14 17 0.020
642 116 14 30 0.019
1006 102 14 15 0.019
45 91 18 19 0.019
834 88 15 18 0.019
634 93 14 20 0.019
809 92 14 17 0.019
234 66 13 14 0.019
884 204 15 17 0.019
174 213 20 23 0.018
783 96 55 22 0.018
703 111 18 19 0.018
853 92 16 15 0.017
593 91 16 17 0.017
386 102 13 16 0.017
373 65 13 16 0.016
689 81 16 16 0.016
837 115 14 19 0.016
448 101 14 15 0.015
788 70 20 27 0.015
224 64 16 16 0.015
710 116 17 17 0.015
175 71 15 18 0.015
888 219 16 19 0.014
839 96 15 17 0.013
721 77 16 18 0.013
348 73 17 19 0.013
217 67 18 17 0.012
291 66 13 14 0.012
492 78 16 20 0.012
563 63 19 52 0.012
127 80 19 21 0.012
927 67 13 36 0.012
298 69 17 26 0.011
795 105 13 14 0.011
535 101 15 17 0.011
4 89 20 21 0.011
548 67 13 14 0.010
