0_Parade_marchingband_1_311
97
475 296 19 28 0.748
771 336 10 13 0.684
265 301 12 15 0.682
831 325 12 13 0.660
718 344 12 14 0.640
414 310 11 13 0.586
543 337 10 13 0.557
664 329 8 13 0.519
612 340 15 17 0.515
336 319 10 12 0.499
384 319 8 9 0.449
201 295 11 13 0.436
709 319 6 8 0.423
223 311 10 13 0.335
727 318 7 8 0.333
550 317 7 9 0.319
584 318 9 11 0.312
222 304 9 15 0.236
412 336 11 13 0.188
143 317 6 8 0.143
77 320 7 8 0.123
217 296 10 12 0.119
607 339 13 16 0.117
193 305 8 10 0.104
722 318 14 9 0.087
105 319 7 7 0.083
91 313 7 8 0.077
664 334 8 12 0.072
394 334 10 12 0.056
705 317 6 9 0.056
179 318 8 9 0.055
157 319 10 9 0.054
130 313 7 8 0.054
305 324 9 11 0.052
114 319 8 7 0.047
110 315 11 11 0.044
245 313 8 11 0.042
437 286 6 8 0.040
395 325 10 21 0.039
612 329 15 24 0.035
379 330 10 16 0.035
101 319 14 7 0.034
664 321 9 14 0.033
334 353 22 31 0.032
302 317 10 12 0.032
412 340 11 13 0.032
392 316 14 14 0.030
551 314 7 9 0.028
608 333 12 16 0.027
77 313 14 19 0.027
618 342 16 17 0.027
711 318 13 18 0.027
88 308 15 22 0.026
155 316 15 12 0.025
167 321 12 9 0.025
179 314 8 11 0.025
201 294 31 22 0.024
142 314 8 8 0.023
262 303 11 14 0.023
318 337 9 12 0.022
132 309 14 21 0.021
96 316 25 9 0.021
661 327 8 12 0.020
319 314 15 23 0.020
190 300 10 20 0.019
460 338 7 9 0.019
200 264 38 83 0.019
228 311 27 13 0.019
305 316 15 17 0.018
389 317 25 11 0.017
113 313 9 9 0.017
140 317 12 9 0.017
459 329 8 11 0.017
615 324 10 13 0.016
102 306 8 22 0.016
101 307 17 27 0.016
130 316 11 13 0.016
460 334 8 10 0.016
396 315 7 38 0.016
616 321 10 11 0.015
82 315 28 9 0.015
74 317 22 11 0.015
586 313 7 9 0.013
53 306 6 11 0.013
375 337 8 11 0.012
243 316 9 10 0.012
727 314 7 8 0.011
420 303 10 24 0.011
663 316 7 11 0.011
161 313 16 18 0.011
305 314 19 27 0.010
99 314 17 7 0.010
772 339 10 14 0.010
475 331 9 11 0.010
386 313 8 9 0.010
106 312 28 17 0.010
583 312 8 10 0.010
