0_Parade_marchingband_1_234
59
582 415 17 21 0.885
333 410 18 23 0.882
703 419 16 21 0.880
434 312 16 21 0.876
366 307 17 21 0.876
308 313 15 20 0.868
403 410 18 23 0.866
667 322 17 21 0.863
318 260 14 17 0.860
343 279 15 16 0.857
525 415 15 21 0.857
470 402 17 22 0.856
207 420 17 20 0.849
507 256 16 19 0.847
281 420 16 21 0.845
612 322 16 19 0.836
555 313 16 19 0.835
401 217 14 17 0.828
746 273 15 18 0.826
677 284 15 18 0.825
530 223 14 16 0.824
602 207 15 17 0.824
647 412 16 21 0.823
403 289 16 18 0.823
785 319 16 21 0.823
540 293 16 17 0.822
727 316 17 20 0.821
642 249 16 18 0.821
701 254 15 17 0.821
835 327 16 18 0.820
437 261 14 17 0.817
807 282 16 18 0.817
759 420 16 20 0.815
216 293 15 20 0.813
864 302 14 18 0.812
481 176 15 16 0.809
554 166 14 17 0.809
228 223 14 17 0.809
489 310 15 18 0.807
844 253 16 19 0.803
671 210 14 17 0.802
254 255 15 17 0.790
374 263 15 17 0.787
467 232 15 17 0.780
353 230 14 17 0.777
570 268 14 17 0.776
243 331 16 18 0.771
775 255 16 18 0.768
291 232 15 17 0.746
284 296 15 18 0.738
735 230 16 18 0.738
187 328 16 18 0.733
469 311 15 17 0.669
606 305 15 16 0.632
339 274 38 18 0.187
141 425 13 15 0.175
547 303 18 23 0.076
189 334 14 16 0.022
458 273 12 14 0.016
