0_Parade_Parade_0_465
28
410 116 90 124 0.897
514 119 100 130 0.884
1004 123 16 20 0.780
105 84 22 35 0.769
945 121 16 19 0.560
907 125 15 20 0.525
902 99 14 16 0.517
822 95 16 25 0.325
903 90 14 43 0.151
900 123 51 21 0.110
898 103 14 17 0.078
846 106 15 19 0.059
885 104 12 15 0.058
1 79 17 30 0.053
830 100 32 24 0.048
853 107 17 19 0.035
712 217 15 24 0.034
764 216 8 13 0.028
935 130 12 15 0.027
861 113 14 18 0.021
815 95 16 24 0.017
820 88 15 27 0.017
3 71 18 30 0.016
881 102 12 15 0.015
944 127 15 17 0.014
826 101 22 22 0.012
700 189 26 47 0.012
948 116 15 20 0.010
