0_Parade_marchingband_1_1045
110
944 262 40 52 0.838
660 270 29 36 0.802
355 293 22 29 0.775
88 266 34 41 0.771
179 313 21 27 0.765
695 259 19 26 0.713
0 312 15 25 0.707
384 298 17 21 0.690
278 298 23 28 0.688
420 310 9 12 0.675
440 303 18 21 0.661
150 318 15 22 0.652
484 309 13 16 0.599
777 297 15 16 0.597
55 287 20 24 0.590
586 261 27 38 0.575
756 305 16 19 0.539
504 306 17 20 0.536
230 259 8 10 0.508
598 307 11 17 0.490
201 319 14 21 0.486
213 307 12 16 0.484
463 314 12 14 0.450
314 286 9 14 0.418
330 302 12 18 0.416
468 292 11 15 0.382
534 296 10 12 0.310
866 326 7 9 0.301
330 295 12 17 0.299
11 295 12 14 0.299
307 302 12 18 0.261
204 312 16 26 0.241
548 304 15 18 0.228
228 257 9 11 0.225
118 308 18 23 0.221
787 299 14 17 0.219
535 297 12 15 0.207
234 287 12 16 0.206
409 278 9 11 0.176
156 315 51 25 0.152
484 308 39 17 0.139
140 320 18 24 0.134
130 322 24 22 0.121
405 323 12 16 0.109
219 245 10 12 0.109
792 307 11 14 0.102
417 306 27 17 0.086
126 319 17 23 0.086
410 313 13 14 0.085
223 246 9 11 0.082
215 243 11 15 0.081
45 292 22 25 0.078
470 289 10 14 0.078
155 316 16 23 0.073
288 302 19 25 0.072
529 299 34 17 0.066
412 282 9 13 0.063
37 296 22 25 0.062
302 290 31 29 0.060
138 308 14 19 0.059
407 317 12 19 0.054
239 288 16 21 0.053
416 281 9 11 0.044
118 319 16 22 0.034
206 247 13 14 0.031
524 309 13 15 0.030
841 322 7 9 0.030
453 301 49 30 0.030
12 291 11 12 0.029
299 278 12 16 0.028
812 283 9 12 0.025
463 319 12 14 0.025
16 315 13 17 0.025
291 292 17 28 0.024
818 313 11 12 0.024
243 314 14 19 0.024
111 301 16 19 0.024
844 330 8 10 0.023
107 288 18 27 0.022
588 278 19 29 0.022
207 325 13 18 0.021
322 306 15 18 0.021
815 316 12 13 0.020
16 294 13 16 0.020
226 255 13 17 0.020
5 325 15 20 0.019
459 265 30 97 0.018
128 305 22 20 0.018
240 293 16 25 0.017
178 238 11 14 0.017
152 312 13 20 0.016
229 262 9 13 0.015
330 293 46 23 0.015
836 318 10 13 0.015
217 297 14 16 0.014
374 269 9 13 0.014
596 288 17 26 0.014
815 309 17 24 0.013
229 282 10 14 0.013
418 291 12 24 0.013
30 299 18 22 0.013
521 294 22 31 0.012
533 309 13 15 0.012
58 293 38 29 0.011
1017 310 8 14 0.011
178 239 19 16 0.011
830 315 9 10 0.010
682 201 9 11 0.010
594 303 18 25 0.010
37 304 18 21 0.010
