0_Parade_Parade_0_275
1449
930 646 8 10 0.652
548 703 7 9 0.648
780 536 8 10 0.640
586 730 7 9 0.630
829 634 8 9 0.622
761 670 8 10 0.563
490 541 7 8 0.560
642 574 7 9 0.560
653 597 7 9 0.556
706 760 9 10 0.550
977 672 9 10 0.545
471 581 8 9 0.543
601 628 8 10 0.541
886 425 7 8 0.539
961 529 8 10 0.536
530 623 7 10 0.536
650 782 8 11 0.535
745 521 8 9 0.528
765 725 9 10 0.528
617 697 8 10 0.525
531 757 8 11 0.519
688 488 8 8 0.510
571 603 7 9 0.510
510 667 7 10 0.504
577 667 8 10 0.499
926 694 9 11 0.499
440 683 7 8 0.497
670 679 8 9 0.493
558 797 9 9 0.468
551 410 6 7 0.466
332 500 8 9 0.457
618 758 8 10 0.457
189 474 8 11 0.455
453 620 7 8 0.455
951 579 9 10 0.451
798 502 7 8 0.449
690 545 7 9 0.442
825 690 8 10 0.440
1003 422 7 8 0.433
158 478 8 9 0.431
647 480 6 8 0.431
965 618 9 9 0.431
746 456 7 9 0.425
688 627 7 8 0.421
872 731 10 10 0.416
472 644 7 9 0.414
748 415 6 8 0.405
831 517 8 9 0.405
913 551 8 8 0.405
677 366 6 7 0.401
463 462 6 8 0.397
923 437 8 8 0.391
594 563 7 8 0.386
563 647 8 9 0.378
534 513 7 9 0.372
505 603 7 10 0.372
648 359 6 7 0.368
616 438 6 9 0.368
440 434 7 8 0.364
46 668 11 14 0.364
181 791 11 15 0.364
854 584 9 10 0.361
320 422 8 9 0.357
635 460 7 9 0.355
705 700 8 10 0.355
880 212 7 8 0.349
722 404 6 8 0.339
880 531 7 9 0.337
999 555 8 10 0.335
689 378 7 8 0.331
780 318 6 7 0.325
720 513 7 9 0.322
940 242 7 8 0.316
426 602 6 8 0.314
295 414 8 9 0.308
996 490 6 9 0.306
514 506 6 8 0.304
857 343 7 8 0.301
360 479 7 9 0.301
737 19 7 10 0.293
897 327 7 8 0.288
379 743 8 9 0.288
884 365 6 7 0.277
909 778 9 11 0.275
521 560 7 9 0.275
914 755 8 10 0.275
382 495 7 9 0.273
576 421 6 8 0.271
520 488 5 7 0.271
447 501 6 8 0.271
699 37 6 8 0.270
628 491 6 9 0.263
373 557 8 9 0.258
558 643 9 10 0.249
239 358 6 9 0.247
435 571 6 7 0.247
447 563 8 9 0.246
553 639 8 10 0.244
649 728 8 9 0.244
826 711 9 11 0.243
461 327 5 7 0.238
794 600 8 10 0.238
42 600 10 14 0.237
804 290 7 7 0.236
824 569 8 9 0.234
610 386 6 8 0.233
1010 549 7 9 0.228
666 256 5 7 0.220
502 426 6 8 0.220
416 543 7 9 0.220
335 447 7 8 0.219
555 460 7 8 0.217
759 577 8 11 0.216
660 466 7 9 0.214
302 498 7 9 0.214
932 385 6 8 0.213
500 409 7 8 0.208
610 547 7 9 0.207
36 543 9 10 0.205
778 652 7 9 0.205
397 398 6 7 0.202
150 782 9 11 0.201
926 122 7 8 0.199
956 351 7 8 0.199
108 568 11 13 0.198
281 400 6 8 0.191
415 483 7 8 0.191
562 534 7 8 0.191
996 134 7 8 0.190
674 313 5 7 0.190
521 447 6 9 0.190
845 77 6 9 0.184
447 451 7 8 0.184
881 685 9 10 0.184
377 389 6 7 0.182
0 649 7 12 0.182
1013 266 7 8 0.180
705 762 15 11 0.179
444 563 8 10 0.175
591 547 7 8 0.174
336 460 7 10 0.171
348 725 7 8 0.171
894 491 8 9 0.170
728 641 7 8 0.170
312 332 6 8 0.168
399 775 9 10 0.168
777 18 7 9 0.166
720 437 7 8 0.166
889 609 9 11 0.166
778 209 6 9 0.164
690 424 6 9 0.164
721 554 8 9 0.164
73 658 8 10 0.164
639 646 8 10 0.163
550 577 7 9 0.161
873 659 9 12 0.160
255 371 7 8 0.159
717 509 8 9 0.159
220 392 7 9 0.158
370 602 8 9 0.158
689 246 5 7 0.157
920 179 6 8 0.155
873 397 7 9 0.154
108 498 9 11 0.154
884 25 6 8 0.153
866 130 6 8 0.151
909 380 6 8 0.148
641 644 9 10 0.148
874 734 10 10 0.148
736 11 8 21 0.147
757 361 5 8 0.146
496 637 7 9 0.145
942 184 6 9 0.144
567 481 6 9 0.144
394 620 7 8 0.144
954 348 7 9 0.143
472 341 6 7 0.142
998 157 7 8 0.141
424 549 7 9 0.141
963 242 7 9 0.136
986 240 7 8 0.136
757 358 6 8 0.136
64 741 11 13 0.136
1014 96 8 9 0.134
900 217 8 10 0.133
587 371 5 8 0.133
871 468 6 7 0.133
897 506 8 10 0.133
805 160 5 9 0.132
798 329 7 8 0.132
572 266 6 8 0.131
647 524 7 8 0.131
969 179 7 9 0.130
426 376 6 8 0.130
946 776 8 10 0.130
731 345 6 8 0.128
417 546 12 9 0.127
820 221 8 8 0.125
742 1 7 9 0.122
140 486 8 10 0.122
895 490 8 19 0.122
389 578 8 9 0.122
709 286 7 8 0.121
414 410 6 7 0.121
376 559 7 8 0.121
731 658 9 10 0.121
863 79 6 9 0.120
731 571 8 9 0.120
834 91 6 9 0.119
408 798 9 10 0.119
889 108 6 8 0.118
528 399 7 8 0.118
711 687 8 10 0.118
798 95 7 9 0.117
622 513 7 9 0.117
740 299 6 6 0.115
887 426 7 10 0.115
446 776 7 10 0.115
504 484 6 8 0.114
831 403 7 9 0.113
754 16 7 9 0.112
734 493 7 8 0.112
769 483 7 9 0.110
708 698 9 11 0.110
510 669 8 12 0.109
414 448 7 8 0.109
351 543 7 9 0.109
520 562 7 9 0.109
739 800 9 10 0.108
208 411 8 9 0.107
793 768 10 12 0.107
769 359 6 9 0.105
290 621 8 9 0.105
792 746 11 11 0.105
726 147 6 9 0.104
332 449 9 11 0.104
419 741 7 8 0.104
472 393 7 8 0.103
8 495 11 13 0.103
130 644 9 10 0.102
397 775 8 9 0.102
394 394 12 12 0.101
956 445 7 9 0.100
329 456 8 10 0.100
774 500 7 14 0.100
998 98 7 9 0.099
604 326 7 7 0.099
761 576 9 11 0.098
907 239 7 8 0.098
563 536 7 8 0.098
505 486 6 8 0.097
755 309 7 8 0.096
726 565 8 10 0.096
486 262 6 7 0.095
524 373 7 8 0.095
668 531 8 9 0.094
271 376 8 10 0.093
555 565 8 9 0.093
763 580 8 10 0.093
756 198 6 7 0.092
172 686 10 11 0.092
11 501 10 13 0.092
666 414 6 9 0.092
802 445 7 9 0.092
550 570 7 18 0.092
583 671 9 9 0.092
342 703 7 9 0.092
473 396 7 8 0.091
316 648 7 9 0.091
465 143 5 6 0.090
1010 231 8 9 0.090
620 245 6 8 0.090
222 337 6 8 0.090
504 359 6 8 0.090
90 787 12 14 0.090
727 253 5 8 0.090
597 225 6 7 0.089
575 224 6 7 0.089
717 128 7 14 0.088
295 309 7 9 0.088
663 407 6 12 0.088
136 536 10 11 0.088
872 665 9 11 0.088
560 646 9 10 0.087
430 540 8 9 0.087
706 430 6 7 0.087
858 405 6 9 0.085
353 535 7 10 0.085
488 538 7 10 0.085
671 535 6 8 0.085
914 571 8 10 0.085
168 745 7 10 0.085
775 505 6 8 0.084
771 2 7 9 0.083
997 219 7 9 0.083
447 453 7 9 0.083
295 460 9 10 0.082
365 780 7 9 0.082
691 9 7 10 0.082
955 408 8 8 0.082
416 485 7 8 0.082
937 503 9 9 0.082
470 518 8 9 0.081
380 744 9 10 0.081
789 136 6 9 0.080
866 127 5 17 0.080
198 423 8 10 0.080
581 669 9 10 0.080
928 197 7 9 0.079
638 249 6 7 0.078
330 345 6 8 0.078
685 519 6 9 0.078
715 45 8 25 0.078
777 203 7 15 0.078
125 577 11 15 0.078
273 783 7 10 0.078
486 149 5 7 0.077
830 462 8 8 0.077
871 485 8 10 0.077
433 538 12 8 0.077
893 617 8 10 0.077
801 195 6 8 0.076
557 561 7 9 0.075
587 372 7 9 0.074
588 543 7 11 0.074
799 622 8 11 0.074
978 675 9 11 0.074
634 340 6 7 0.073
388 438 8 9 0.073
614 687 7 10 0.073
332 492 8 22 0.073
693 281 6 7 0.072
609 388 7 9 0.072
383 497 7 9 0.072
723 437 12 8 0.072
471 643 13 13 0.071
230 464 8 9 0.071
134 537 9 11 0.071
953 578 10 9 0.071
1003 254 6 13 0.070
756 363 7 9 0.070
355 418 7 9 0.070
550 582 7 8 0.070
657 404 7 8 0.069
153 500 9 11 0.069
707 690 9 17 0.069
910 189 7 9 0.069
612 232 6 7 0.069
731 643 9 26 0.069
380 453 6 9 0.068
799 11 7 10 0.068
910 382 6 8 0.068
690 427 7 9 0.068
415 538 8 18 0.067
994 133 6 9 0.067
359 691 7 8 0.067
108 564 12 26 0.066
793 378 6 8 0.066
714 613 8 9 0.066
550 381 7 8 0.066
441 534 7 8 0.066
190 586 9 11 0.066
705 431 10 9 0.065
165 514 8 10 0.065
524 582 8 9 0.065
646 639 8 9 0.065
689 247 6 8 0.065
480 295 7 7 0.065
716 502 8 9 0.065
772 411 6 8 0.064
778 433 7 8 0.064
487 449 7 9 0.064
252 293 7 11 0.064
589 470 5 9 0.064
826 514 9 10 0.064
292 620 8 9 0.064
378 692 7 8 0.064
530 272 6 7 0.063
785 744 10 12 0.063
274 786 7 9 0.063
1010 302 6 10 0.063
940 506 8 10 0.063
579 531 7 9 0.063
69 536 8 11 0.063
691 548 8 10 0.063
716 768 9 10 0.063
293 307 8 9 0.062
377 532 8 10 0.062
352 618 8 10 0.062
634 163 8 11 0.062
795 379 6 10 0.062
802 393 7 9 0.062
455 447 14 25 0.062
871 477 9 19 0.062
593 495 8 10 0.062
376 562 8 9 0.062
794 594 8 26 0.061
721 375 6 7 0.061
801 440 7 18 0.061
522 556 8 9 0.061
243 696 6 9 0.061
871 483 7 9 0.061
612 738 8 11 0.061
46 654 10 48 0.060
619 41 7 13 0.060
242 644 8 9 0.060
363 372 6 7 0.059
529 395 7 8 0.059
373 691 10 8 0.059
703 321 8 9 0.058
797 435 8 10 0.057
480 486 7 8 0.057
936 607 9 10 0.057
287 619 8 12 0.057
440 679 9 10 0.057
691 5 8 19 0.057
446 558 8 9 0.057
876 531 9 11 0.056
796 497 8 16 0.056
400 466 7 9 0.056
628 488 6 8 0.056
357 690 7 8 0.056
874 657 9 11 0.056
898 163 6 9 0.056
243 396 8 9 0.056
767 477 8 11 0.056
569 586 8 39 0.055
269 436 8 10 0.055
689 421 9 19 0.055
369 482 8 9 0.055
773 673 7 9 0.055
496 344 6 10 0.054
460 362 7 9 0.054
869 396 9 11 0.054
13 526 9 11 0.054
163 585 9 12 0.054
427 374 7 12 0.054
58 422 7 9 0.054
515 489 6 29 0.054
502 418 6 20 0.054
1019 177 5 11 0.053
421 302 7 10 0.053
798 750 8 10 0.053
45 455 8 11 0.052
488 390 7 9 0.052
705 87 6 15 0.052
432 787 8 10 0.052
722 4 8 10 0.051
636 159 8 16 0.051
661 342 5 8 0.051
824 698 9 13 0.051
382 308 6 7 0.051
190 360 8 9 0.051
654 428 7 7 0.051
592 488 7 19 0.051
271 712 7 10 0.051
583 305 6 9 0.050
634 346 7 9 0.050
179 549 7 9 0.050
852 581 9 11 0.050
698 27 7 25 0.050
26 515 9 11 0.050
725 764 10 11 0.050
1008 257 8 18 0.049
389 581 7 9 0.049
271 806 11 7 0.049
905 115 7 26 0.049
467 136 5 18 0.049
964 529 8 10 0.049
416 765 10 9 0.049
782 46 8 9 0.048
916 83 6 9 0.048
318 366 6 9 0.048
428 371 7 9 0.048
567 485 7 9 0.048
115 688 10 13 0.048
618 25 8 9 0.048
561 292 9 12 0.048
441 435 7 10 0.048
865 22 7 10 0.047
756 350 6 9 0.047
905 131 7 19 0.047
503 355 6 13 0.047
932 387 7 9 0.047
857 411 8 10 0.047
38 563 9 10 0.047
929 96 7 9 0.047
791 376 9 14 0.047
334 447 8 26 0.047
757 217 7 8 0.046
634 339 11 14 0.046
952 441 8 10 0.046
669 537 8 10 0.046
356 691 14 7 0.046
345 524 9 14 0.046
901 329 7 8 0.045
347 355 6 8 0.045
694 283 6 8 0.045
594 544 7 40 0.045
686 24 7 11 0.045
1018 116 7 11 0.045
810 133 7 14 0.045
159 333 7 9 0.045
193 539 8 9 0.045
192 589 11 11 0.045
824 27 9 16 0.045
908 551 10 10 0.045
819 145 6 23 0.044
916 259 6 8 0.044
103 460 9 10 0.044
58 509 9 11 0.044
897 510 8 9 0.044
768 598 7 10 0.044
137 678 8 11 0.044
803 60 7 9 0.044
802 289 6 8 0.044
829 27 7 23 0.043
921 218 9 11 0.043
147 369 7 9 0.043
400 464 9 16 0.043
51 486 12 14 0.043
0 606 7 14 0.043
715 53 8 10 0.043
446 545 7 39 0.043
526 575 8 17 0.043
614 753 8 11 0.043
529 590 8 83 0.043
737 297 14 12 0.042
270 333 6 14 0.042
608 328 5 7 0.042
781 435 8 8 0.042
123 581 11 14 0.042
768 601 8 11 0.042
740 667 9 11 0.042
-1 683 5 14 0.042
151 692 8 10 0.042
571 342 7 9 0.042
447 503 7 9 0.042
734 572 10 11 0.042
681 366 7 20 0.042
446 497 7 21 0.042
573 219 7 18 0.042
601 324 8 13 0.042
538 373 7 8 0.042
351 530 9 23 0.042
352 755 8 10 0.042
348 721 7 21 0.042
768 672 9 12 0.041
801 187 6 20 0.041
964 522 8 11 0.041
809 68 6 11 0.041
798 91 12 19 0.041
484 447 8 9 0.041
392 497 6 9 0.041
997 551 9 11 0.041
725 251 6 7 0.041
999 517 8 10 0.041
212 398 8 17 0.040
772 410 7 14 0.040
47 707 12 15 0.040
552 335 7 19 0.040
593 498 7 9 0.040
17 577 9 11 0.040
37 641 11 13 0.040
235 740 8 11 0.040
882 143 8 10 0.040
687 176 7 8 0.040
386 283 6 7 0.040
728 643 8 11 0.040
363 779 7 16 0.040
368 597 12 24 0.039
456 165 7 12 0.039
806 154 10 15 0.039
272 373 10 17 0.039
819 438 7 9 0.039
894 608 9 10 0.039
393 617 9 14 0.039
635 341 7 8 0.039
685 371 8 17 0.039
926 181 7 28 0.039
521 364 11 24 0.039
645 402 6 9 0.039
633 494 8 10 0.039
734 648 8 11 0.039
237 345 8 31 0.038
592 167 7 8 0.038
611 278 7 9 0.038
598 419 6 8 0.038
322 524 8 10 0.038
260 747 9 11 0.038
736 1 7 42 0.038
205 414 8 11 0.038
379 447 7 13 0.038
625 706 8 9 0.038
8 522 15 18 0.038
597 224 7 11 0.038
828 228 11 10 0.038
794 752 10 35 0.037
397 466 7 14 0.037
208 374 6 8 0.037
553 330 8 21 0.036
360 370 10 8 0.036
1000 422 7 9 0.036
96 577 9 12 0.036
997 487 7 21 0.036
797 26 8 20 0.036
834 44 7 12 0.036
983 236 10 25 0.036
132 512 10 12 0.036
59 514 10 12 0.036
378 601 8 9 0.036
908 225 9 26 0.035
420 298 7 18 0.035
471 431 8 9 0.035
354 495 8 12 0.035
42 594 10 13 0.035
993 486 8 10 0.035
805 56 7 24 0.035
744 148 8 12 0.035
910 143 7 20 0.035
973 153 7 9 0.035
862 375 7 8 0.035
696 636 7 8 0.035
696 680 8 10 0.035
876 3 7 9 0.035
729 436 9 8 0.035
307 466 11 10 0.035
661 529 9 11 0.035
505 604 10 16 0.035
593 85 5 18 0.034
551 399 8 31 0.034
504 582 8 55 0.034
875 18 18 20 0.034
906 184 10 21 0.034
218 271 5 8 0.034
613 685 8 8 0.034
821 221 9 11 0.034
779 44 8 15 0.034
755 582 9 10 0.034
669 170 8 9 0.034
648 400 7 19 0.034
843 458 8 10 0.034
870 663 9 11 0.034
893 621 9 12 0.033
173 544 11 11 0.033
521 549 8 26 0.033
849 628 8 9 0.033
190 665 9 12 0.033
290 617 8 17 0.033
460 51 6 8 0.033
788 130 6 23 0.033
927 504 10 10 0.033
882 688 9 11 0.033
1003 249 7 22 0.032
847 97 9 23 0.032
526 391 7 18 0.032
435 157 6 7 0.032
886 370 7 8 0.032
157 582 15 14 0.032
91 651 10 12 0.032
251 294 6 15 0.032
280 390 9 24 0.032
362 398 8 13 0.032
233 567 10 10 0.032
827 128 8 9 0.032
755 214 11 10 0.032
208 323 8 9 0.032
297 371 9 15 0.032
571 392 7 9 0.032
912 575 9 9 0.031
778 9 8 21 0.031
804 447 8 9 0.031
322 376 7 13 0.031
790 484 9 10 0.031
709 683 9 10 0.031
275 724 8 9 0.031
348 728 6 8 0.031
592 90 6 8 0.031
371 357 8 13 0.030
649 360 7 8 0.030
663 462 9 11 0.030
764 136 12 22 0.030
229 390 16 17 0.030
206 411 7 9 0.030
829 381 7 9 0.030
883 424 10 14 0.030
591 479 7 21 0.030
604 39 8 15 0.030
911 104 8 24 0.030
883 134 7 24 0.030
618 273 7 8 0.030
320 362 6 22 0.030
913 556 9 11 0.030
355 618 9 11 0.030
871 391 9 19 0.029
890 180 7 11 0.029
63 516 9 17 0.029
74 656 12 12 0.029
637 300 7 16 0.029
302 700 8 10 0.029
708 682 9 30 0.029
495 638 6 9 0.029
221 386 8 21 0.029
757 52 10 28 0.029
902 303 6 8 0.029
176 341 8 10 0.029
596 415 9 12 0.029
138 450 8 10 0.029
-1 516 12 19 0.029
334 438 8 16 0.029
921 440 7 10 0.029
74 599 10 12 0.029
100 639 9 10 0.029
467 632 11 21 0.029
604 42 6 8 0.029
365 437 7 9 0.028
563 294 6 8 0.028
771 2 10 30 0.028
968 163 7 10 0.028
182 362 10 9 0.028
154 372 9 8 0.028
717 404 8 9 0.028
819 681 10 12 0.028
783 35 9 22 0.028
718 124 9 26 0.028
705 143 8 18 0.028
945 220 9 10 0.028
55 569 11 14 0.028
149 693 8 11 0.028
108 473 9 67 0.028
706 147 7 9 0.028
371 591 10 27 0.028
765 665 9 16 0.028
527 396 6 9 0.028
989 158 13 14 0.027
683 170 11 18 0.027
618 233 6 27 0.027
420 742 8 10 0.027
996 486 8 11 0.027
505 606 8 9 0.027
58 723 19 43 0.027
344 349 7 13 0.027
246 394 7 19 0.027
402 551 6 9 0.027
302 459 9 15 0.027
824 575 8 11 0.027
799 32 8 10 0.027
373 360 6 8 0.027
753 4 14 28 0.027
587 39 11 9 0.027
554 249 7 16 0.027
290 445 9 12 0.027
39 696 15 18 0.027
614 758 8 10 0.027
819 151 6 10 0.027
907 129 7 28 0.027
602 226 7 6 0.027
619 241 14 17 0.027
155 578 10 13 0.027
747 669 9 10 0.027
437 682 7 10 0.027
877 211 8 11 0.026
328 341 11 16 0.026
207 371 6 10 0.026
467 575 9 16 0.026
571 651 8 10 0.026
0 517 8 14 0.026
847 106 9 11 0.026
961 268 8 9 0.026
458 350 8 24 0.026
924 93 12 16 0.026
1010 225 9 26 0.026
497 639 7 10 0.026
652 722 10 12 0.026
960 142 8 13 0.026
441 772 13 19 0.026
759 59 8 15 0.025
634 244 11 19 0.025
807 293 7 9 0.025
377 383 8 15 0.025
857 415 8 10 0.025
546 271 7 25 0.025
606 333 6 8 0.025
777 431 12 13 0.025
663 402 6 23 0.025
865 383 8 12 0.025
538 444 8 13 0.025
896 625 8 10 0.025
273 717 8 15 0.025
446 492 9 21 0.025
354 497 6 11 0.025
666 410 6 19 0.025
581 188 7 9 0.025
900 208 16 26 0.025
578 297 7 14 0.025
458 363 7 19 0.025
315 740 7 10 0.025
761 728 9 11 0.025
792 772 10 12 0.025
190 475 10 15 0.025
563 525 8 24 0.025
776 -5 7 51 0.025
447 1 8 8 0.025
21 704 15 15 0.025
839 147 7 17 0.024
617 367 6 14 0.024
251 405 8 13 0.024
230 433 10 11 0.024
954 611 10 11 0.024
677 658 9 9 0.024
687 622 8 24 0.024
832 225 11 20 0.024
410 470 10 22 0.024
966 626 9 10 0.024
799 3 10 22 0.024
592 414 7 10 0.024
368 473 7 21 0.024
366 363 9 10 0.024
761 714 10 35 0.024
353 416 7 9 0.024
710 42 11 29 0.023
763 132 8 25 0.023
864 140 7 18 0.023
915 257 7 18 0.023
256 420 9 10 0.023
537 441 7 8 0.023
95 521 10 12 0.023
83 552 9 12 0.023
917 626 11 10 0.023
0 677 7 16 0.023
916 804 10 9 0.023
761 53 11 27 0.023
155 296 8 13 0.023
270 701 8 26 0.023
766 749 11 12 0.023
670 138 8 26 0.023
452 339 9 21 0.023
210 584 9 12 0.023
663 802 12 11 0.023
647 403 6 8 0.023
128 620 10 57 0.023
794 774 11 14 0.023
825 32 12 9 0.023
940 224 8 43 0.023
889 118 7 24 0.023
732 232 8 8 0.023
962 261 9 16 0.023
272 296 7 10 0.023
797 324 15 16 0.023
276 611 7 9 0.023
31 640 12 14 0.023
255 700 8 18 0.023
619 702 10 10 0.023
417 752 8 19 0.023
660 789 9 11 0.023
605 151 6 9 0.023
603 327 6 7 0.023
268 440 8 11 0.023
696 454 7 10 0.023
794 596 9 10 0.023
350 725 9 10 0.023
861 9 9 24 0.023
866 127 9 24 0.023
931 381 8 16 0.022
62 686 11 13 0.022
457 158 8 25 0.022
401 369 7 17 0.022
539 449 12 11 0.022
713 496 9 14 0.022
340 517 9 20 0.022
997 127 7 29 0.022
1010 293 7 22 0.022
504 476 7 17 0.022
599 565 8 9 0.022
219 761 9 15 0.022
892 614 9 21 0.022
805 62 9 24 0.022
831 465 8 11 0.022
641 653 10 11 0.022
494 635 7 9 0.022
926 435 9 10 0.022
459 41 10 27 0.022
1011 306 7 9 0.022
969 70 7 9 0.022
561 288 14 26 0.022
879 555 10 11 0.022
668 159 9 26 0.022
170 659 8 11 0.022
385 280 6 9 0.022
858 400 6 20 0.022
914 506 12 11 0.022
364 394 8 11 0.021
829 637 8 10 0.021
440 421 7 34 0.021
492 336 9 24 0.021
228 571 10 11 0.021
521 162 8 20 0.021
689 384 8 8 0.021
319 553 8 10 0.021
922 626 9 12 0.021
219 368 13 55 0.021
58 487 10 11 0.021
829 509 8 15 0.021
239 565 8 10 0.021
17 575 9 21 0.021
104 745 11 13 0.021
313 743 7 9 0.021
389 437 10 16 0.021
403 522 9 14 0.021
986 223 9 30 0.021
814 328 8 9 0.021
918 219 16 7 0.021
345 545 8 10 0.021
442 529 8 10 0.021
446 778 8 12 0.021
888 368 8 9 0.020
256 460 8 10 0.020
653 398 14 25 0.020
767 594 9 20 0.020
17 703 14 15 0.020
560 513 9 51 0.020
1015 177 8 20 0.020
786 604 11 11 0.020
365 690 22 8 0.020
521 446 9 15 0.020
761 722 10 12 0.020
853 586 8 10 0.020
576 419 6 7 0.020
569 649 8 9 0.020
825 68 8 10 0.020
385 273 8 23 0.020
352 497 8 19 0.020
392 618 7 11 0.020
828 79 13 29 0.020
504 300 8 9 0.020
830 315 8 12 0.020
253 459 9 10 0.020
588 492 9 14 0.020
653 92 7 28 0.020
954 446 9 13 0.020
18 581 9 13 0.020
844 100 8 26 0.020
685 178 7 8 0.020
837 518 8 10 0.020
145 683 13 24 0.020
732 271 6 9 0.020
338 562 9 13 0.020
238 567 9 13 0.020
428 607 10 13 0.020
305 661 9 15 0.020
335 430 7 61 0.020
230 455 11 28 0.019
783 135 10 26 0.019
526 333 12 21 0.019
217 767 11 12 0.019
946 218 7 10 0.019
799 214 6 10 0.019
883 609 9 11 0.019
462 802 11 12 0.019
730 259 6 22 0.019
306 317 6 16 0.019
610 468 6 9 0.019
740 -4 14 30 0.019
408 104 5 7 0.019
935 166 11 10 0.019
1 479 6 26 0.019
23 617 9 13 0.019
135 515 12 55 0.019
747 238 7 9 0.019
410 283 8 16 0.019
774 320 8 8 0.019
730 558 10 38 0.019
321 395 7 72 0.019
1002 232 6 26 0.019
990 82 7 9 0.019
953 198 9 15 0.019
479 253 14 25 0.019
420 306 10 9 0.019
271 688 9 12 0.019
393 528 10 19 0.019
570 334 8 23 0.018
498 342 9 29 0.018
350 537 13 22 0.018
797 625 10 12 0.018
381 694 8 10 0.018
463 799 8 10 0.018
255 413 8 20 0.018
168 776 11 14 0.018
384 302 6 26 0.018
158 473 9 12 0.018
536 524 10 9 0.018
675 469 11 18 0.018
759 374 7 10 0.018
210 413 9 15 0.018
998 519 7 10 0.018
556 570 8 10 0.018
174 783 14 17 0.018
87 793 15 12 0.018
721 545 18 42 0.018
468 245 8 27 0.018
540 368 12 23 0.018
536 493 9 13 0.018
252 296 5 8 0.018
862 538 9 10 0.018
0 476 6 11 0.018
808 525 9 10 0.018
456 616 10 10 0.018
-1 748 8 16 0.018
403 777 8 21 0.018
883 360 12 17 0.018
825 565 9 11 0.018
933 378 9 23 0.018
933 80 8 14 0.017
773 159 6 21 0.017
290 351 8 22 0.017
723 553 8 9 0.017
404 715 8 9 0.017
571 620 16 98 0.017
48 489 11 13 0.017
371 686 9 9 0.017
716 755 20 27 0.017
641 303 8 16 0.017
252 336 7 17 0.017
174 526 9 13 0.017
959 518 10 17 0.017
977 234 19 25 0.017
722 378 7 8 0.017
262 423 12 20 0.017
435 431 8 14 0.017
434 771 10 12 0.017
836 3 8 26 0.017
679 21 11 27 0.017
335 443 7 10 0.017
721 -2 11 29 0.017
602 28 9 30 0.017
755 410 11 12 0.017
378 528 16 20 0.017
453 623 11 16 0.017
775 433 19 9 0.017
998 98 27 11 0.017
877 633 10 88 0.017
388 529 9 11 0.017
729 761 8 11 0.017
56 413 9 25 0.017
720 431 10 19 0.017
415 520 14 54 0.017
570 390 9 13 0.017
457 375 7 16 0.017
301 411 31 26 0.017
160 622 10 11 0.017
668 521 9 31 0.017
933 74 7 17 0.017
623 514 10 10 0.017
497 106 7 10 0.016
422 306 6 8 0.016
438 67 8 9 0.016
171 533 10 18 0.016
190 581 11 12 0.016
765 118 9 13 0.016
775 373 8 22 0.016
610 541 7 14 0.016
538 494 7 8 0.016
924 506 12 10 0.016
305 319 7 9 0.016
217 267 6 24 0.016
552 550 7 56 0.016
697 312 13 23 0.016
730 334 7 17 0.016
869 108 7 11 0.016
553 342 7 17 0.016
708 756 9 11 0.016
37 508 8 92 0.016
1002 190 10 13 0.016
743 136 8 29 0.016
576 411 7 19 0.016
364 425 8 24 0.016
98 577 11 13 0.016
741 149 14 9 0.016
991 80 7 17 0.016
653 126 10 28 0.016
466 456 12 12 0.016
145 581 14 16 0.016
300 700 9 15 0.016
236 466 8 11 0.016
721 391 7 37 0.016
604 144 10 23 0.016
945 578 12 11 0.016
673 311 7 11 0.016
123 514 10 17 0.016
859 164 8 23 0.016
103 453 11 20 0.016
702 750 10 17 0.016
897 795 10 12 0.016
126 543 11 76 0.016
978 243 10 21 0.016
882 481 15 20 0.016
154 561 11 12 0.016
146 366 7 9 0.015
868 102 9 24 0.015
325 421 9 10 0.015
932 466 9 10 0.015
197 619 8 10 0.015
19 615 11 13 0.015
671 679 9 14 0.015
567 212 12 24 0.015
471 512 8 17 0.015
0 611 7 12 0.015
912 778 9 11 0.015
633 162 18 12 0.015
542 217 12 26 0.015
505 298 10 16 0.015
255 605 9 10 0.015
531 742 8 11 0.015
252 339 8 9 0.015
501 414 7 36 0.015
997 94 8 17 0.015
165 730 10 33 0.015
915 263 8 8 0.015
754 314 8 13 0.015
957 448 9 14 0.015
251 605 9 13 0.015
639 67 9 19 0.015
793 219 8 9 0.015
146 359 7 19 0.015
814 1 7 10 0.015
28 637 16 13 0.015
638 26 8 29 0.015
914 92 8 27 0.015
832 409 9 9 0.015
71 496 10 12 0.015
831 523 10 10 0.015
223 335 6 8 0.015
619 26 7 32 0.015
343 387 11 15 0.015
368 741 9 11 0.015
407 516 11 21 0.015
397 389 8 31 0.015
272 771 9 43 0.015
352 296 9 27 0.015
493 333 7 18 0.015
521 334 8 24 0.015
608 626 8 9 0.015
255 704 7 11 0.015
496 100 8 25 0.015
251 293 14 17 0.015
183 351 9 25 0.015
300 487 8 20 0.015
581 321 7 11 0.015
161 511 13 20 0.015
536 565 10 12 0.015
9 664 11 13 0.015
676 662 7 10 0.015
694 277 5 8 0.015
890 122 8 15 0.015
688 6 12 32 0.015
881 360 7 9 0.015
529 525 9 10 0.015
836 142 9 30 0.014
434 153 9 20 0.014
440 762 15 46 0.014
676 659 7 10 0.014
641 475 18 24 0.014
974 191 8 24 0.014
522 315 9 20 0.014
147 367 8 18 0.014
754 424 8 8 0.014
25 496 11 11 0.014
642 509 10 19 0.014
750 721 10 11 0.014
271 791 10 22 0.014
855 226 8 13 0.014
920 229 15 22 0.014
776 384 6 8 0.014
1011 218 7 42 0.014
769 475 7 16 0.014
391 712 8 15 0.014
699 1 8 76 0.014
453 344 8 12 0.014
985 165 10 19 0.014
303 697 13 15 0.014
835 714 13 17 0.014
703 83 7 21 0.014
366 603 9 14 0.014
345 385 7 13 0.014
791 487 12 26 0.014
769 677 10 13 0.014
465 461 6 10 0.014
129 463 11 21 0.014
1014 542 7 12 0.014
802 192 8 19 0.014
875 217 9 8 0.014
370 264 8 14 0.014
614 370 7 19 0.014
185 662 15 17 0.014
769 470 7 30 0.014
892 168 9 27 0.014
49 714 13 15 0.014
991 750 8 9 0.014
171 777 12 15 0.014
30 690 28 41 0.014
913 787 12 24 0.014
135 448 12 20 0.014
684 591 7 11 0.014
89 691 15 14 0.014
931 494 14 30 0.014
857 53 8 10 0.014
892 93 8 21 0.014
597 222 18 19 0.014
845 453 8 9 0.014
227 628 8 10 0.014
873 370 8 56 0.014
637 36 8 30 0.014
832 315 7 8 0.014
344 666 8 11 0.014
812 678 10 11 0.014
473 345 9 9 0.013
928 183 7 30 0.013
501 391 6 65 0.013
454 617 7 8 0.013
577 295 12 28 0.013
581 303 7 31 0.013
5 435 8 10 0.013
588 592 9 9 0.013
15 606 13 18 0.013
645 661 8 10 0.013
532 739 9 11 0.013
611 277 10 25 0.013
360 604 12 21 0.013
42 644 10 13 0.013
596 416 6 8 0.013
906 762 10 13 0.013
249 783 10 15 0.013
938 220 10 27 0.013
695 640 7 9 0.013
774 -7 6 48 0.013
660 452 12 36 0.013
780 610 11 85 0.013
585 247 8 17 0.013
933 378 7 8 0.013
664 419 10 19 0.013
611 467 10 13 0.013
474 615 11 11 0.013
351 778 10 12 0.013
773 407 9 13 0.013
647 406 7 23 0.013
9 555 9 11 0.013
300 583 8 9 0.013
829 120 8 24 0.013
958 145 8 17 0.013
124 536 10 11 0.013
863 70 8 27 0.013
1004 92 21 21 0.013
877 554 9 11 0.013
831 398 8 16 0.013
821 185 9 24 0.013
916 253 7 17 0.013
554 451 8 14 0.013
208 578 10 13 0.013
361 796 8 11 0.013
892 803 11 10 0.013
794 497 8 12 0.013
972 178 9 28 0.013
590 240 6 19 0.013
613 549 9 10 0.013
693 430 11 23 0.013
227 624 10 18 0.013
437 434 7 8 0.013
31 620 19 55 0.013
233 284 8 16 0.013
957 410 10 10 0.013
578 708 9 12 0.013
969 153 12 23 0.013
857 222 9 16 0.013
579 315 11 23 0.013
251 720 9 15 0.013
545 221 6 20 0.013
172 650 9 73 0.013
65 738 11 40 0.013
682 126 10 31 0.013
728 575 12 19 0.013
639 307 8 8 0.013
353 406 8 25 0.012
1004 194 7 9 0.012
689 -5 13 26 0.012
991 256 10 21 0.012
504 348 12 29 0.012
405 470 9 19 0.012
306 460 9 16 0.012
99 321 8 8 0.012
62 744 12 14 0.012
323 347 8 26 0.012
332 340 15 25 0.012
286 655 8 20 0.012
263 702 15 28 0.012
888 366 7 9 0.012
916 76 14 28 0.012
956 198 12 17 0.012
209 318 10 27 0.012
612 548 7 9 0.012
523 421 8 12 0.012
109 499 13 23 0.012
7 557 10 13 0.012
576 406 10 38 0.012
654 78 8 26 0.012
249 105 6 9 0.012
358 689 25 12 0.012
656 83 6 9 0.012
399 543 10 17 0.012
716 13 12 30 0.012
1005 249 13 29 0.012
713 378 9 13 0.012
335 398 9 9 0.012
720 590 9 14 0.012
660 723 12 18 0.012
146 369 13 9 0.012
693 267 6 23 0.012
542 309 7 26 0.012
286 439 11 16 0.012
386 605 12 26 0.012
636 618 13 59 0.012
419 724 8 52 0.012
712 614 7 9 0.012
828 377 10 17 0.012
324 499 14 19 0.012
13 591 11 18 0.012
620 690 9 12 0.012
985 225 5 46 0.012
635 67 8 20 0.012
874 743 10 11 0.012
465 804 9 9 0.012
132 675 13 21 0.012
33 718 12 15 0.012
426 769 13 27 0.012
419 288 9 29 0.012
119 460 14 13 0.012
919 214 13 31 0.012
389 430 9 18 0.012
636 302 14 12 0.012
604 375 14 24 0.012
794 -3 11 20 0.012
922 166 10 14 0.012
832 149 12 29 0.012
999 215 15 31 0.012
891 687 11 11 0.012
351 298 6 11 0.012
812 0 11 13 0.011
750 25 10 28 0.011
68 435 10 18 0.011
25 537 10 13 0.011
921 695 9 11 0.011
398 716 11 16 0.011
822 150 8 32 0.011
733 632 10 10 0.011
955 405 6 9 0.011
139 445 8 30 0.011
658 600 7 9 0.011
612 734 9 11 0.011
0 755 7 17 0.011
358 755 10 11 0.011
798 430 10 21 0.011
492 339 7 9 0.011
594 227 26 8 0.011
940 594 30 70 0.011
893 96 6 13 0.011
593 484 7 9 0.011
235 596 10 17 0.011
170 747 9 11 0.011
359 790 10 13 0.011
235 638 14 25 0.011
522 167 6 10 0.011
21 611 13 16 0.011
834 -2 9 13 0.011
549 38 11 9 0.011
810 100 11 19 0.011
907 187 10 31 0.011
731 340 6 9 0.011
341 523 17 14 0.011
445 0 8 11 0.011
941 496 12 21 0.011
864 535 11 12 0.011
67 745 11 13 0.011
894 799 9 11 0.011
960 100 8 13 0.011
68 404 10 16 0.011
906 754 10 11 0.011
875 653 9 11 0.011
986 289 7 10 0.011
512 510 8 13 0.011
936 108 10 21 0.011
926 73 8 92 0.011
301 494 7 10 0.011
585 27 14 29 0.011
292 349 11 25 0.011
790 482 11 17 0.011
179 358 17 12 0.011
844 460 11 18 0.011
999 118 7 78 0.011
972 205 9 10 0.011
711 768 11 14 0.011
647 642 13 12 0.011
417 737 7 9 0.011
958 352 9 11 0.011
43 442 10 40 0.011
446 223 10 30 0.011
6 432 11 13 0.011
387 536 11 12 0.011
497 627 9 20 0.011
318 518 10 16 0.011
705 670 12 39 0.010
697 77 15 30 0.010
704 86 6 32 0.010
402 341 7 24 0.010
846 706 14 17 0.010
762 142 17 10 0.010
726 552 9 31 0.010
837 3 14 29 0.010
907 275 8 12 0.010
247 602 11 21 0.010
937 111 7 13 0.010
833 8 11 31 0.010
295 421 10 10 0.010
306 499 13 15 0.010
354 581 7 10 0.010
761 666 18 14 0.010
609 458 7 18 0.010
36 479 9 18 0.010
659 609 7 8 0.010
856 52 9 21 0.010
740 420 12 22 0.010
550 379 7 8 0.010
748 152 7 28 0.010
677 276 6 9 0.010
684 -6 13 18 0.010
523 53 12 27 0.010
910 158 8 27 0.010
504 422 11 23 0.010
999 562 8 9 0.010
393 713 14 15 0.010
526 424 7 9 0.010
987 159 21 9 0.010
315 628 8 49 0.010
578 186 10 22 0.010
0 749 9 28 0.010
381 268 11 28 0.010
721 404 8 18 0.010
209 622 12 27 0.010
358 306 10 28 0.010
524 422 9 22 0.010
576 582 10 11 0.010
