0_Parade_marchingband_1_653
153
649 128 13 18 0.837
537 194 15 19 0.832
981 130 14 16 0.832
679 192 13 19 0.830
961 181 16 19 0.826
601 187 14 18 0.823
418 143 14 17 0.823
603 138 14 18 0.822
870 194 14 17 0.821
876 118 15 18 0.820
351 96 13 16 0.817
324 137 14 18 0.816
512 131 14 19 0.816
209 94 14 16 0.813
46 199 13 16 0.813
764 191 14 18 0.812
558 129 15 17 0.812
805 91 15 16 0.811
487 83 14 16 0.809
68 98 14 16 0.805
130 201 14 19 0.805
188 41 12 15 0.802
374 146 14 17 0.800
226 142 14 17 0.800
480 206 14 19 0.800
396 198 14 17 0.799
124 150 14 17 0.798
320 42 12 15 0.797
460 147 15 17 0.795
655 22 12 15 0.791
302 96 14 16 0.791
28 144 14 17 0.787
466 35 12 15 0.786
738 134 14 17 0.784
78 144 14 17 0.784
113 87 13 15 0.783
849 91 14 16 0.781
958 39 14 15 0.781
673 93 14 15 0.781
260 109 13 16 0.781
272 154 14 15 0.781
760 87 14 16 0.781
311 210 14 17 0.778
364 45 12 15 0.777
924 115 15 19 0.775
742 42 12 15 0.771
231 49 12 14 0.769
533 96 14 16 0.768
603 38 12 14 0.765
175 140 14 17 0.765
273 52 13 14 0.761
827 30 12 15 0.761
556 33 12 15 0.760
912 29 13 15 0.758
584 93 13 15 0.754
44 43 13 15 0.752
716 84 12 15 0.748
442 95 13 15 0.748
222 206 14 16 0.747
931 94 14 16 0.745
165 96 13 14 0.743
397 87 13 16 0.739
411 34 13 15 0.738
865 38 12 14 0.737
150 56 13 15 0.735
22 96 14 16 0.734
509 33 12 15 0.728
700 24 12 16 0.722
890 97 14 16 0.720
798 50 13 16 0.717
628 91 13 15 0.713
783 33 12 14 0.711
100 51 12 14 0.703
980 77 14 15 0.671
859 108 15 16 0.656
782 135 15 17 0.624
825 127 14 16 0.622
873 59 12 14 0.567
838 48 13 15 0.541
188 158 13 17 0.499
924 48 13 15 0.476
612 55 12 14 0.455
751 61 12 13 0.401
691 123 15 19 0.389
819 110 14 18 0.386
982 83 14 19 0.371
990 95 13 14 0.351
794 151 14 17 0.346
745 50 14 16 0.322
774 104 13 15 0.299
179 144 19 19 0.288
407 105 12 14 0.266
887 99 14 17 0.244
399 94 13 16 0.238
830 137 15 18 0.216
573 148 14 17 0.195
214 209 12 16 0.186
321 198 13 16 0.186
944 107 14 18 0.175
972 56 12 15 0.175
185 96 48 16 0.168
603 147 12 79 0.159
941 109 14 20 0.158
642 104 13 15 0.146
814 105 14 15 0.135
841 145 13 16 0.134
906 113 14 16 0.129
851 93 21 26 0.126
681 88 49 16 0.122
571 140 15 18 0.112
903 114 12 15 0.108
751 149 15 18 0.107
823 116 15 26 0.086
993 150 14 17 0.086
816 108 13 16 0.075
963 48 13 16 0.056
691 219 13 15 0.053
548 113 16 17 0.049
233 52 12 15 0.047
184 153 15 18 0.045
219 210 15 16 0.042
394 240 16 19 0.042
989 143 16 18 0.036
709 44 11 14 0.035
244 210 11 14 0.034
628 96 15 16 0.028
943 103 14 15 0.024
211 212 11 14 0.023
921 50 16 21 0.023
784 28 11 14 0.022
886 60 12 14 0.020
600 35 12 15 0.018
974 127 16 20 0.018
315 207 15 19 0.018
162 90 14 17 0.016
145 54 13 16 0.015
907 86 13 15 0.014
477 56 13 14 0.013
317 83 13 15 0.013
874 90 14 17 0.013
554 197 12 14 0.013
102 29 8 11 0.012
852 96 15 17 0.012
116 90 14 16 0.012
234 218 12 15 0.012
375 61 13 16 0.012
52 61 12 15 0.012
520 49 13 15 0.011
948 106 14 18 0.011
822 133 15 17 0.011
777 124 17 20 0.011
1013 54 10 18 0.011
772 108 13 15 0.011
