0_Parade_Parade_0_72
42
135 333 29 41 0.793
738 365 20 25 0.772
456 387 26 30 0.769
664 348 28 41 0.769
411 382 16 19 0.756
209 371 20 22 0.742
773 344 15 21 0.732
349 468 21 25 0.725
256 385 15 16 0.717
495 340 17 19 0.658
628 368 17 23 0.654
789 265 19 24 0.610
623 346 19 23 0.593
544 375 17 24 0.544
344 371 17 20 0.437
4 475 17 20 0.437
546 350 12 16 0.369
626 347 19 44 0.210
544 355 18 22 0.189
413 450 18 24 0.168
348 376 17 20 0.083
541 361 14 21 0.058
576 367 15 19 0.056
410 455 18 24 0.043
9 480 16 22 0.039
19 513 13 15 0.037
623 340 19 20 0.036
496 331 16 20 0.028
622 363 17 23 0.026
387 479 15 20 0.020
552 356 18 20 0.019
262 389 14 16 0.018
35 508 11 14 0.017
227 389 12 12 0.016
566 365 21 22 0.016
204 375 19 22 0.015
342 376 15 20 0.015
573 363 33 22 0.014
311 406 10 11 0.012
247 388 13 14 0.012
416 444 21 27 0.012
350 458 20 25 0.011
