0_Parade_marchingband_1_445
49
480 144 42 51 0.802
662 117 38 45 0.789
820 112 34 44 0.771
336 92 29 37 0.661
158 101 38 44 0.632
260 106 31 42 0.615
856 127 20 27 0.585
406 110 32 43 0.532
169 104 38 46 0.143
235 95 39 51 0.139
333 97 23 28 0.119
71 44 10 12 0.078
4 130 30 37 0.064
667 99 38 50 0.063
728 141 17 24 0.062
229 88 35 48 0.060
414 123 22 27 0.057
773 108 10 13 0.056
746 188 13 19 0.054
58 108 12 16 0.041
51 36 12 15 0.040
695 95 26 37 0.038
244 111 35 45 0.035
268 102 30 38 0.034
61 106 14 16 0.029
1007 207 12 15 0.029
6 132 21 24 0.028
2 139 31 46 0.028
99 45 11 13 0.027
11 25 13 14 0.025
575 140 14 16 0.024
86 158 24 37 0.020
71 100 14 18 0.018
62 106 21 19 0.017
50 38 34 16 0.016
156 107 23 28 0.016
50 84 12 16 0.016
54 74 11 16 0.015
682 93 35 45 0.015
86 116 15 17 0.014
8 24 12 13 0.014
722 142 18 25 0.014
78 107 15 23 0.014
82 118 14 16 0.014
395 95 34 49 0.013
757 82 11 14 0.013
592 117 11 16 0.012
48 106 20 25 0.012
57 69 10 12 0.010
