0_Parade_marchingband_1_147
61
502 86 79 92 0.854
307 131 53 62 0.827
216 160 45 48 0.822
871 159 41 50 0.757
89 151 32 39 0.745
402 177 63 72 0.743
164 126 38 41 0.705
615 151 32 38 0.698
18 165 26 31 0.637
316 37 18 20 0.289
896 79 15 18 0.228
355 63 14 17 0.198
752 100 17 21 0.190
412 56 14 17 0.134
714 107 18 21 0.119
649 74 14 19 0.110
778 84 16 20 0.088
388 46 18 21 0.082
424 70 17 21 0.079
404 52 21 26 0.072
201 4 15 18 0.060
831 120 17 19 0.058
295 3 17 19 0.055
967 19 15 20 0.054
410 57 28 24 0.054
-1 13 14 24 0.051
808 12 15 19 0.049
750 97 31 22 0.049
245 3 14 17 0.049
941 85 15 18 0.040
392 49 19 22 0.040
955 54 12 16 0.040
842 98 15 18 0.036
804 111 19 20 0.031
908 104 17 20 0.030
648 158 24 28 0.029
322 29 18 23 0.029
34 58 19 20 0.026
988 110 15 18 0.026
715 138 18 22 0.025
854 52 12 16 0.025
776 16 17 20 0.025
-1 37 12 22 0.024
397 71 18 20 0.023
252 60 16 20 0.022
826 81 14 19 0.020
23 160 22 27 0.019
324 24 18 20 0.019
275 29 16 21 0.018
406 63 19 21 0.016
412 5 16 17 0.015
36 168 27 33 0.015
937 52 13 18 0.013
845 25 14 18 0.013
321 41 15 20 0.012
697 138 14 18 0.011
850 31 13 34 0.011
867 101 17 22 0.011
1005 77 18 26 0.011
706 167 21 27 0.011
950 37 14 72 0.010
