34_Baseball_Baseball_34_350
416
974 101 10 13 0.768
839 119 10 12 0.722
785 98 9 12 0.715
896 118 10 13 0.684
799 146 11 13 0.681
962 120 10 11 0.656
217 96 11 14 0.629
606 274 16 19 0.627
657 277 12 15 0.622
921 88 10 10 0.599
683 22 10 13 0.597
86 115 12 15 0.594
742 136 11 12 0.591
497 132 9 11 0.586
526 90 10 12 0.582
508 31 9 11 0.580
17 8 11 12 0.552
11 140 11 14 0.550
190 138 11 12 0.550
1005 158 10 12 0.545
798 25 9 13 0.543
594 131 10 13 0.540
486 120 10 12 0.535
854 14 10 13 0.530
483 97 10 12 0.510
132 27 11 12 0.504
551 7 9 11 0.486
859 93 10 11 0.486
540 132 11 13 0.484
907 93 8 11 0.482
452 13 9 12 0.460
360 33 9 11 0.440
396 13 9 11 0.438
677 101 10 14 0.433
858 152 12 14 0.425
615 35 9 12 0.415
607 155 11 14 0.412
118 10 12 14 0.401
564 31 9 12 0.391
675 152 11 13 0.380
801 5 10 11 0.364
431 492 24 28 0.363
413 91 11 13 0.361
70 104 11 12 0.359
938 155 10 12 0.353
552 114 10 13 0.343
910 8 9 12 0.341
152 29 9 12 0.339
29 27 10 12 0.335
171 126 9 11 0.331
439 39 9 11 0.316
743 88 8 10 0.310
616 12 8 11 0.308
665 4 8 10 0.308
406 31 11 13 0.306
2 123 10 13 0.291
599 33 10 12 0.289
102 11 11 14 0.282
675 116 11 14 0.279
751 152 12 15 0.270
546 4 12 11 0.254
346 8 8 10 0.254
896 31 10 12 0.252
461 126 9 10 0.238
120 140 10 13 0.236
664 103 10 13 0.231
1017 138 7 11 0.231
816 177 9 11 0.219
96 0 10 12 0.217
483 173 8 9 0.214
663 106 12 16 0.213
754 22 10 12 0.211
183 35 9 10 0.205
553 158 9 11 0.194
609 96 9 10 0.192
602 5 9 12 0.190
745 140 10 18 0.189
490 124 10 13 0.188
54 41 10 13 0.184
53 90 9 11 0.178
669 113 13 15 0.178
982 0 10 6 0.175
845 34 10 13 0.174
97 3 10 14 0.171
671 40 11 12 0.169
837 97 8 11 0.164
744 152 11 14 0.160
235 120 9 11 0.152
696 281 15 19 0.152
538 30 10 13 0.148
405 34 11 15 0.146
1009 45 8 11 0.146
905 90 20 13 0.146
96 10 13 17 0.141
666 111 9 12 0.141
923 79 8 31 0.140
515 109 9 11 0.138
754 106 9 13 0.136
997 62 7 9 0.131
567 31 9 11 0.130
594 334 13 15 0.129
541 137 10 13 0.127
933 105 10 12 0.126
789 177 10 12 0.125
956 28 9 13 0.121
618 13 9 12 0.119
365 37 10 11 0.118
60 141 9 10 0.115
671 99 16 21 0.113
746 142 12 21 0.110
40 105 9 12 0.110
421 5 8 9 0.109
172 11 8 9 0.105
666 99 11 13 0.104
800 14 9 26 0.104
378 96 8 11 0.103
575 8 7 9 0.100
352 58 9 11 0.100
870 97 9 12 0.100
488 149 10 12 0.098
749 92 9 12 0.097
86 15 11 13 0.096
604 130 13 19 0.096
538 35 10 13 0.093
490 127 14 16 0.092
399 -4 9 50 0.091
732 110 9 12 0.089
74 26 11 14 0.087
953 1 9 10 0.086
607 3 13 21 0.086
551 87 9 11 0.085
27 139 11 13 0.084
609 130 16 12 0.082
681 102 11 13 0.081
29 15 11 37 0.081
561 -1 11 70 0.081
601 10 9 11 0.080
427 119 9 11 0.080
467 38 9 12 0.078
440 138 9 12 0.077
668 267 13 16 0.077
918 2 11 9 0.077
68 78 11 53 0.075
327 24 8 11 0.075
837 101 9 11 0.073
691 126 9 13 0.073
818 34 9 11 0.072
485 80 9 84 0.072
113 -1 16 35 0.071
677 88 8 9 0.070
922 121 9 12 0.070
484 125 10 13 0.070
125 -10 12 69 0.069
401 36 11 13 0.068
608 93 9 19 0.068
601 27 25 26 0.067
628 94 10 12 0.067
662 139 9 12 0.067
615 3 10 29 0.066
538 1 8 9 0.066
615 6 9 62 0.065
606 283 14 15 0.062
550 156 10 13 0.061
450 -10 12 65 0.061
622 154 9 12 0.060
671 264 12 16 0.060
343 5 12 17 0.059
755 155 9 12 0.059
799 188 11 13 0.057
855 10 10 13 0.056
54 18 10 53 0.055
568 35 8 11 0.055
463 31 10 18 0.054
903 103 11 15 0.053
550 140 12 39 0.052
233 65 7 9 0.052
880 91 9 11 0.052
990 124 9 12 0.052
119 3 15 13 0.051
740 13 8 11 0.051
620 34 11 12 0.050
509 34 10 13 0.050
713 28 9 11 0.050
417 1 14 16 0.049
15 108 11 12 0.048
740 152 11 14 0.047
733 92 9 40 0.046
603 9 17 12 0.045
741 9 9 19 0.044
368 36 11 12 0.044
9 60 8 14 0.043
867 34 8 11 0.043
19 106 9 11 0.043
383 115 9 11 0.043
222 95 11 13 0.043
842 15 12 47 0.043
426 117 16 12 0.042
999 61 8 11 0.042
993 187 10 14 0.042
677 70 10 81 0.042
614 128 11 20 0.041
738 39 9 11 0.041
23 73 10 12 0.041
926 92 9 13 0.041
620 113 11 14 0.041
594 124 11 14 0.040
19 3 13 11 0.040
45 93 13 17 0.040
625 24 10 15 0.040
438 489 25 29 0.039
484 148 9 42 0.039
446 3 10 9 0.039
882 150 9 13 0.039
435 486 21 26 0.039
760 24 8 10 0.038
663 130 11 22 0.038
474 144 11 16 0.038
364 28 9 21 0.037
675 102 10 98 0.037
142 33 15 13 0.037
30 138 11 11 0.037
30 60 9 12 0.036
66 73 9 12 0.036
896 1 24 45 0.035
1005 49 13 12 0.035
824 7 9 11 0.035
492 118 11 13 0.034
613 156 11 13 0.034
482 140 10 64 0.034
650 276 12 16 0.034
372 42 8 10 0.034
193 173 10 11 0.034
10 59 10 12 0.033
399 -19 18 98 0.033
730 105 9 12 0.033
525 124 13 13 0.032
408 200 8 11 0.032
353 -19 8 90 0.032
864 142 10 13 0.032
995 184 11 15 0.031
379 97 9 20 0.031
881 88 9 10 0.031
556 -31 10 101 0.030
730 112 9 12 0.030
618 126 11 14 0.030
949 139 11 13 0.030
591 108 26 63 0.029
381 110 10 19 0.029
750 99 15 23 0.029
692 140 9 14 0.029
93 88 14 12 0.029
523 119 11 15 0.028
77 4 26 45 0.028
564 98 11 21 0.028
892 12 8 11 0.028
784 37 11 13 0.028
508 106 11 13 0.027
473 151 9 12 0.027
915 125 15 16 0.027
39 79 11 67 0.027
812 102 11 15 0.026
119 139 12 22 0.026
611 95 13 27 0.026
611 259 17 18 0.026
619 111 11 26 0.025
684 215 8 10 0.025
750 135 33 48 0.025
97 87 11 11 0.025
7 59 9 11 0.025
204 123 12 13 0.025
808 131 9 13 0.025
538 86 24 88 0.024
419 191 8 10 0.024
787 33 10 13 0.024
379 79 11 55 0.024
136 169 11 14 0.024
741 -3 10 26 0.023
844 25 9 19 0.023
13 80 10 20 0.023
50 39 11 13 0.023
802 -11 16 50 0.023
363 33 12 12 0.023
57 89 14 23 0.023
605 34 21 13 0.023
63 14 10 15 0.023
688 109 11 58 0.023
437 111 10 13 0.023
53 25 15 14 0.022
117 81 9 11 0.022
563 6 12 21 0.022
587 153 9 12 0.022
54 59 12 13 0.022
786 93 10 13 0.022
915 142 10 13 0.022
396 15 11 16 0.022
26 57 10 27 0.022
101 9 41 22 0.021
954 131 12 16 0.021
675 2 13 10 0.021
89 -22 24 78 0.021
17 106 22 11 0.021
952 1 9 20 0.020
545 86 10 11 0.020
199 169 10 14 0.020
905 100 10 15 0.020
349 9 13 18 0.020
726 3 8 10 0.020
324 31 8 12 0.020
412 194 10 12 0.020
619 264 16 23 0.020
460 0 12 8 0.020
955 15 18 40 0.019
226 117 11 14 0.019
899 116 12 18 0.019
791 3 9 11 0.019
528 155 9 12 0.019
62 63 12 22 0.019
928 150 14 14 0.019
54 14 22 30 0.019
445 13 11 13 0.019
871 2 13 12 0.018
548 101 10 19 0.018
368 195 10 13 0.018
614 41 10 11 0.018
693 188 9 11 0.018
101 -18 40 79 0.017
349 10 9 11 0.017
464 129 12 17 0.017
895 34 13 15 0.017
667 26 12 25 0.017
1016 60 7 12 0.017
744 108 14 18 0.017
685 278 17 19 0.017
373 7 11 19 0.017
404 91 14 14 0.017
68 74 10 15 0.017
693 277 13 18 0.017
351 61 10 14 0.016
523 125 10 12 0.016
11 74 16 22 0.016
689 68 9 11 0.016
406 10 13 13 0.016
646 118 10 12 0.016
556 28 16 21 0.016
202 119 10 11 0.016
783 94 18 14 0.015
519 125 14 18 0.015
981 23 12 17 0.015
617 366 14 17 0.015
714 31 8 11 0.015
687 147 11 15 0.015
912 148 13 12 0.015
619 261 14 16 0.015
389 -4 15 20 0.015
329 3 10 12 0.014
401 40 10 13 0.014
443 117 15 16 0.014
375 38 9 12 0.014
79 91 13 18 0.014
742 42 9 11 0.014
150 79 10 13 0.014
454 92 10 13 0.014
739 87 9 11 0.014
562 91 13 21 0.014
913 134 11 25 0.014
793 163 34 40 0.013
138 159 12 27 0.013
805 160 12 15 0.013
425 103 11 24 0.013
64 10 10 12 0.013
153 12 10 25 0.013
407 41 11 12 0.013
669 36 11 13 0.013
236 106 8 11 0.013
196 162 11 19 0.013
153 82 12 12 0.013
913 2 12 26 0.013
662 1 12 16 0.013
906 17 10 21 0.013
546 167 11 13 0.012
38 102 13 21 0.012
622 275 14 14 0.012
252 129 8 10 0.012
80 17 23 21 0.012
913 87 19 14 0.012
58 53 13 18 0.012
658 127 12 20 0.012
24 25 11 14 0.012
552 33 23 12 0.012
376 95 11 16 0.012
987 28 9 23 0.012
575 87 10 13 0.012
904 36 12 15 0.011
735 27 9 19 0.011
372 1 11 20 0.011
598 105 9 13 0.011
972 122 15 18 0.011
134 -1 12 16 0.011
740 86 11 16 0.011
682 6 14 34 0.011
491 87 11 82 0.011
34 1 13 13 0.011
896 152 12 12 0.011
559 5 25 13 0.011
600 109 13 27 0.011
55 13 13 25 0.011
233 66 8 15 0.011
582 68 10 13 0.010
8 73 12 24 0.010
406 178 10 13 0.010
227 200 9 11 0.010
112 140 11 16 0.010
525 146 15 26 0.010
387 0 17 9 0.010
647 271 13 16 0.010
783 41 9 11 0.010
