39_Ice_Skating_Ice_Skating_39_1047
50
245 110 55 71 0.881
745 143 61 78 0.873
944 6 19 24 0.857
877 175 26 33 0.857
813 76 24 30 0.848
59 24 19 23 0.847
736 4 23 28 0.847
181 20 18 24 0.835
671 0 20 24 0.829
531 133 18 24 0.827
832 145 23 31 0.823
243 21 18 24 0.822
8 15 19 25 0.821
881 41 21 26 0.820
590 197 22 26 0.818
499 198 22 30 0.818
938 73 22 28 0.813
125 23 17 23 0.813
529 175 19 27 0.806
966 190 28 33 0.801
308 18 19 23 0.800
458 163 21 25 0.799
1011 79 13 27 0.797
602 134 17 21 0.788
725 81 20 26 0.786
880 11 19 23 0.747
807 30 17 20 0.716
941 150 21 28 0.661
339 -3 14 10 0.139
1016 167 9 23 0.114
332 54 16 22 0.088
912 143 17 22 0.069
485 32 13 16 0.063
1015 137 10 21 0.037
48 -1 16 16 0.032
114 1 18 21 0.024
117 -1 15 14 0.022
233 -3 15 12 0.021
334 -3 14 15 0.021
905 52 15 20 0.020
454 -2 16 12 0.019
924 143 32 28 0.017
1013 162 11 34 0.017
809 149 15 18 0.016
702 3 18 20 0.013
51 6 24 36 0.012
106 8 18 20 0.011
973 185 23 28 0.011
1016 114 10 26 0.010
808 179 13 20 0.010
