39_Ice_Skating_Ice_Skating_39_794
42
50 1040 27 39 0.771
565 939 16 20 0.717
339 1014 26 29 0.713
201 1155 39 44 0.702
366 945 18 21 0.673
932 983 41 49 0.660
330 956 16 21 0.578
700 950 19 23 0.552
56 1178 36 47 0.485
989 930 17 21 0.477
625 971 18 22 0.420
49 919 20 23 0.158
64 1160 32 39 0.139
327 955 38 22 0.138
47 982 25 27 0.101
925 987 31 41 0.094
80 995 19 23 0.088
57 919 16 21 0.074
343 947 45 22 0.072
995 932 17 21 0.051
626 979 17 21 0.035
423 820 13 20 0.024
700 959 18 23 0.024
679 514 15 17 0.021
67 1178 31 36 0.020
742 1009 17 24 0.019
626 963 17 22 0.019
39 919 22 23 0.018
0 932 12 19 0.018
204 812 18 20 0.017
950 990 29 38 0.017
52 1202 31 36 0.016
262 666 12 13 0.015
202 808 16 20 0.015
688 962 17 19 0.014
745 1021 14 15 0.014
0 985 13 19 0.013
735 994 15 19 0.012
735 1002 19 22 0.012
740 1015 15 18 0.012
65 984 25 30 0.012
415 820 15 21 0.011
