39_Ice_Skating_Ice_Skating_39_1029
114
652 232 13 16 0.795
926 213 13 16 0.730
207 252 11 14 0.717
753 223 16 22 0.701
523 240 11 14 0.690
296 253 12 14 0.679
108 248 12 14 0.671
557 251 13 15 0.624
490 244 12 15 0.611
268 255 12 14 0.597
393 257 11 13 0.573
351 255 12 14 0.517
237 274 10 12 0.515
818 245 11 14 0.479
606 237 13 15 0.479
423 253 10 14 0.468
464 252 11 14 0.462
694 237 11 14 0.442
419 272 9 11 0.369
740 224 12 16 0.351
327 249 10 14 0.351
443 260 12 12 0.339
752 45 10 13 0.271
326 257 12 14 0.263
742 222 17 21 0.259
159 265 10 13 0.233
372 261 10 12 0.230
521 241 23 16 0.187
421 251 12 27 0.150
265 259 15 13 0.143
576 234 11 14 0.139
138 249 10 13 0.130
179 249 12 14 0.128
154 260 14 15 0.123
331 259 18 15 0.121
472 246 11 14 0.116
425 254 13 14 0.113
436 260 23 14 0.113
643 54 10 11 0.107
616 49 9 11 0.099
794 251 12 15 0.095
245 266 12 14 0.093
176 250 11 13 0.090
358 62 11 14 0.090
182 252 11 14 0.089
280 264 11 13 0.083
218 241 10 14 0.079
463 248 43 15 0.078
712 230 11 14 0.074
185 253 11 15 0.070
247 71 9 11 0.070
706 231 13 14 0.065
425 246 10 13 0.063
816 241 12 14 0.055
492 240 11 15 0.054
603 246 12 14 0.054
292 253 13 16 0.054
140 252 10 13 0.049
685 4 9 10 0.049
153 255 23 29 0.049
190 260 10 13 0.047
50 247 7 8 0.047
465 247 11 14 0.045
556 244 12 15 0.043
563 239 16 16 0.043
411 258 14 17 0.043
314 67 9 12 0.039
522 245 11 14 0.038
690 237 10 14 0.038
439 266 11 11 0.037
784 40 12 14 0.036
322 264 11 13 0.035
111 248 34 15 0.034
333 264 11 12 0.034
346 264 10 12 0.034
228 263 10 13 0.032
383 59 9 11 0.032
255 266 11 12 0.029
581 234 16 16 0.029
222 250 10 14 0.026
575 239 13 14 0.025
777 44 16 14 0.025
186 247 17 23 0.024
421 213 11 103 0.023
96 255 9 11 0.023
769 1 13 13 0.023
614 48 31 13 0.022
180 88 7 9 0.021
417 255 11 28 0.021
95 257 8 10 0.021
310 265 10 12 0.020
441 244 44 28 0.019
522 233 12 14 0.018
754 1 12 13 0.018
247 259 11 13 0.018
373 265 8 10 0.017
162 267 10 12 0.016
598 247 14 16 0.015
571 229 12 14 0.014
48 245 8 7 0.014
725 1 13 12 0.014
719 3 13 11 0.013
244 71 9 11 0.013
571 48 8 10 0.013
111 250 12 14 0.013
778 0 15 12 0.012
751 3 10 12 0.012
172 246 10 14 0.012
665 235 10 12 0.012
789 38 12 14 0.011
742 295 13 15 0.011
442 265 14 13 0.011
743 41 17 21 0.011
192 264 9 12 0.010
