39_Ice_Skating_Ice_Skating_39_252
35
718 181 30 35 0.833
185 186 42 44 0.819
624 194 21 23 0.805
473 185 23 28 0.796
514 177 24 28 0.787
819 165 25 29 0.775
374 180 24 31 0.772
323 178 23 29 0.768
417 170 20 27 0.747
301 182 22 29 0.228
306 176 27 30 0.215
548 167 19 21 0.104
265 175 16 21 0.090
604 186 15 18 0.090
120 218 11 13 0.052
395 161 15 20 0.044
542 167 19 23 0.043
397 161 20 25 0.040
257 172 39 25 0.035
649 179 10 12 0.033
760 174 11 13 0.032
298 190 21 26 0.032
540 193 18 22 0.027
548 161 15 20 0.025
672 179 10 12 0.024
536 185 20 25 0.021
556 192 18 24 0.017
815 167 20 23 0.017
123 219 12 15 0.017
564 195 16 20 0.016
346 172 17 23 0.016
932 168 10 11 0.015
475 155 14 19 0.013
546 149 15 21 0.011
302 172 19 24 0.010
