39_Ice_Skating_iceskiing_39_901
57
663 417 28 32 0.834
297 144 37 49 0.804
569 252 16 24 0.619
801 267 13 18 0.533
662 332 11 14 0.473
776 333 9 10 0.214
870 309 11 13 0.198
963 311 12 18 0.177
915 287 12 19 0.135
549 369 14 19 0.108
583 338 10 12 0.104
864 291 9 12 0.103
867 301 11 16 0.083
629 414 24 28 0.057
694 324 8 9 0.056
451 199 15 19 0.048
707 333 10 12 0.044
874 309 13 15 0.039
637 408 17 26 0.039
869 305 10 15 0.037
880 315 17 15 0.031
644 412 20 30 0.029
636 397 16 16 0.028
690 327 11 12 0.027
919 306 14 17 0.027
618 403 17 19 0.026
916 296 13 19 0.026
693 327 25 14 0.025
651 419 20 28 0.025
880 320 16 15 0.024
918 292 16 29 0.021
695 324 22 26 0.020
473 291 13 15 0.020
780 360 9 11 0.020
874 327 12 15 0.018
607 344 9 11 0.018
457 345 12 18 0.018
703 356 8 10 0.017
374 300 15 19 0.016
625 411 22 27 0.016
615 408 15 18 0.015
926 301 14 19 0.014
613 399 33 36 0.014
353 129 13 18 0.014
819 271 16 18 0.014
820 274 24 18 0.013
721 358 10 14 0.013
692 323 8 9 0.013
465 294 13 16 0.012
617 401 12 14 0.012
378 289 24 25 0.012
869 289 10 14 0.012
699 317 10 14 0.011
582 352 11 15 0.011
383 282 21 25 0.011
694 320 10 11 0.010
918 310 11 15 0.010
