39_Ice_Skating_Ice_Skating_39_658
113
113 415 9 11 0.605
2 387 9 11 0.563
152 394 8 10 0.525
276 406 7 9 0.451
202 407 10 12 0.421
43 429 9 11 0.380
181 411 10 12 0.345
51 400 7 9 0.275
595 393 8 9 0.266
1017 405 8 16 0.261
781 396 8 10 0.217
52 417 10 13 0.205
177 412 9 11 0.197
190 444 11 13 0.188
450 408 10 12 0.184
190 408 13 13 0.182
880 405 11 11 0.164
861 398 9 10 0.158
44 420 9 24 0.149
49 421 11 13 0.134
451 385 7 10 0.119
945 399 9 11 0.110
454 388 7 10 0.103
570 378 7 9 0.094
505 407 7 8 0.093
181 405 9 12 0.085
870 401 11 14 0.085
874 405 10 13 0.079
55 416 9 12 0.076
982 407 10 11 0.075
202 404 11 28 0.071
169 412 10 13 0.069
1015 409 9 15 0.068
487 374 8 9 0.066
174 394 17 41 0.065
444 410 14 11 0.061
437 408 11 12 0.059
794 416 10 12 0.058
889 402 11 11 0.057
448 379 7 9 0.056
52 391 8 56 0.056
38 429 9 11 0.053
787 405 11 16 0.051
453 412 8 11 0.048
542 395 7 8 0.048
570 375 7 9 0.047
971 416 9 12 0.043
209 412 10 11 0.041
451 395 8 23 0.040
82 416 11 12 0.040
183 409 29 12 0.039
900 396 9 12 0.038
435 411 8 10 0.038
648 413 9 13 0.037
453 402 8 12 0.037
148 395 9 12 0.036
883 401 11 11 0.033
970 420 10 12 0.032
570 403 7 9 0.032
84 414 13 15 0.031
791 410 11 12 0.030
973 411 9 15 0.030
898 398 9 12 0.029
481 82 15 16 0.029
3 390 9 13 0.028
682 228 5 7 0.028
750 425 9 12 0.027
779 433 9 11 0.025
857 399 8 10 0.024
752 397 9 10 0.024
902 399 9 11 0.024
938 398 10 11 0.023
17 383 10 14 0.022
680 224 6 12 0.022
509 409 8 8 0.021
972 407 17 18 0.021
277 408 9 10 0.021
191 449 10 12 0.021
49 430 9 9 0.020
345 527 16 20 0.020
468 391 9 11 0.019
174 409 10 13 0.019
434 407 8 10 0.019
748 417 10 13 0.018
57 424 9 12 0.018
142 406 10 11 0.018
92 411 10 11 0.017
886 401 22 11 0.017
943 390 11 20 0.017
805 415 11 12 0.017
1019 395 6 18 0.016
49 396 8 10 0.016
181 399 9 11 0.016
567 406 10 9 0.016
928 395 12 13 0.015
952 383 10 13 0.015
491 398 13 13 0.015
748 403 10 12 0.015
901 391 10 15 0.015
574 383 10 17 0.015
489 389 9 22 0.014
782 428 11 16 0.014
536 395 9 11 0.013
965 417 11 12 0.013
812 416 7 9 0.013
108 417 10 12 0.012
502 405 10 14 0.012
747 419 14 14 0.012
555 421 7 9 0.010
446 388 9 11 0.010
865 406 11 14 0.010
91 417 10 11 0.010
866 398 12 12 0.010
