39_Ice_Skating_iceskiing_39_583
213
783 149 26 31 0.797
520 117 29 37 0.706
460 219 41 44 0.706
445 140 34 39 0.691
305 88 19 28 0.683
696 202 9 12 0.626
325 88 19 22 0.605
382 97 11 13 0.378
353 184 16 20 0.368
352 95 14 16 0.364
233 46 22 43 0.310
313 88 21 25 0.261
330 69 14 18 0.242
423 110 19 25 0.226
695 191 9 33 0.209
652 200 9 12 0.197
657 208 9 11 0.191
672 204 9 11 0.182
615 186 8 11 0.178
891 223 7 8 0.172
904 204 7 10 0.161
661 208 10 11 0.159
874 168 6 10 0.148
890 220 7 15 0.145
398 100 12 16 0.143
978 230 9 11 0.143
600 178 8 11 0.142
662 184 8 11 0.141
629 200 10 11 0.138
636 212 11 19 0.131
881 196 7 16 0.128
502 116 9 11 0.119
937 225 6 7 0.119
633 219 11 13 0.119
273 72 12 16 0.116
991 211 8 10 0.113
991 229 9 10 0.099
993 227 7 10 0.097
638 221 11 13 0.094
663 181 8 11 0.092
267 41 13 17 0.085
976 193 7 10 0.082
889 212 8 26 0.082
745 186 8 10 0.078
661 205 18 15 0.073
810 155 16 21 0.071
813 159 10 15 0.070
850 178 8 23 0.068
654 95 5 7 0.067
606 181 12 20 0.064
595 158 10 12 0.064
466 133 42 46 0.060
745 202 8 11 0.057
614 175 11 24 0.057
651 196 9 12 0.057
709 149 7 9 0.057
987 224 14 17 0.056
674 204 10 24 0.055
607 196 9 12 0.055
815 160 13 12 0.054
758 153 10 8 0.053
855 209 6 12 0.052
709 147 9 13 0.052
916 177 6 9 0.051
851 185 8 9 0.050
748 202 8 9 0.049
631 221 9 11 0.049
902 197 10 30 0.048
499 114 8 10 0.047
348 94 33 17 0.045
356 92 13 17 0.045
874 161 7 29 0.045
345 92 52 23 0.043
600 152 12 24 0.042
611 171 11 43 0.042
889 226 8 10 0.041
500 114 18 24 0.041
758 150 9 16 0.041
441 73 8 11 0.040
652 184 11 26 0.040
500 142 19 22 0.040
399 104 15 19 0.039
588 160 9 12 0.038
877 190 10 30 0.037
363 70 11 13 0.035
312 70 14 17 0.034
679 220 8 10 0.034
746 178 8 21 0.034
760 150 10 12 0.034
652 96 7 8 0.033
619 205 9 11 0.033
716 186 6 9 0.033
355 55 11 13 0.032
48 72 16 23 0.032
278 65 11 13 0.031
631 111 6 16 0.031
274 54 12 21 0.030
973 189 8 10 0.030
503 116 14 15 0.030
977 190 8 10 0.029
437 98 17 18 0.029
602 156 9 14 0.029
413 87 30 62 0.029
1013 206 7 8 0.028
592 153 12 18 0.028
728 134 7 15 0.027
718 205 8 8 0.027
625 167 14 21 0.027
347 91 14 20 0.026
637 144 8 25 0.026
905 202 12 27 0.025
844 182 9 16 0.025
631 205 13 30 0.025
657 166 8 26 0.025
357 56 14 20 0.025
359 52 13 37 0.025
921 193 9 23 0.025
821 156 10 17 0.025
854 196 6 26 0.024
591 159 11 16 0.024
729 136 6 6 0.024
884 231 9 10 0.023
498 112 14 18 0.023
368 93 13 15 0.022
621 105 6 7 0.022
663 169 8 33 0.022
476 94 10 13 0.022
453 96 11 13 0.021
632 106 8 23 0.021
874 231 13 9 0.021
443 97 17 16 0.021
1015 202 7 23 0.021
401 89 12 14 0.021
927 199 7 10 0.020
853 174 14 31 0.020
715 188 7 10 0.020
612 189 17 27 0.020
312 24 10 12 0.020
993 191 6 64 0.020
939 225 5 7 0.020
716 178 8 21 0.018
908 217 9 17 0.018
741 200 9 17 0.018
810 162 11 16 0.018
655 218 12 16 0.018
912 176 8 31 0.017
914 136 7 9 0.017
850 186 7 12 0.017
602 178 21 27 0.017
310 62 14 16 0.017
844 174 7 13 0.017
332 122 12 17 0.017
855 194 11 31 0.017
914 163 6 10 0.017
629 187 14 25 0.017
913 168 7 29 0.017
657 165 7 15 0.016
873 142 5 23 0.016
870 213 14 31 0.016
587 159 23 11 0.016
371 98 14 14 0.016
974 178 9 30 0.015
709 130 9 9 0.015
26 12 39 29 0.015
25 68 19 22 0.015
714 197 10 21 0.015
1017 221 7 20 0.015
337 210 18 23 0.015
233 19 48 92 0.014
427 98 15 18 0.014
817 163 9 11 0.014
917 198 16 14 0.014
634 149 10 16 0.014
998 196 7 10 0.014
658 132 8 23 0.014
841 168 12 26 0.013
714 129 8 10 0.013
432 102 23 24 0.013
304 83 16 23 0.013
34 19 19 23 0.013
875 155 5 45 0.013
625 221 8 11 0.013
661 222 11 13 0.013
998 191 5 25 0.013
862 232 9 10 0.013
680 128 9 15 0.013
100 -1 66 40 0.013
441 68 8 10 0.013
919 184 10 27 0.012
277 74 11 14 0.012
34 69 21 24 0.012
599 182 10 13 0.012
443 101 14 16 0.011
746 172 10 34 0.011
955 150 7 11 0.011
676 222 12 15 0.011
806 151 16 22 0.011
605 129 12 28 0.011
594 111 8 14 0.011
431 74 25 67 0.011
990 188 10 51 0.011
363 62 12 15 0.011
642 163 24 102 0.011
903 193 17 31 0.011
341 196 19 27 0.011
997 197 11 16 0.010
637 183 15 20 0.010
652 147 10 114 0.010
349 53 12 13 0.010
701 253 8 11 0.010
740 226 9 11 0.010
746 164 9 16 0.010
738 99 7 12 0.010
