39_Ice_Skating_Ice_Skating_39_463
114
900 737 11 14 0.699
911 760 11 15 0.681
956 727 11 15 0.653
964 774 11 14 0.644
835 740 11 14 0.636
800 751 10 13 0.632
650 744 10 12 0.615
700 709 8 10 0.613
420 703 7 10 0.486
637 703 10 13 0.425
514 704 8 10 0.408
585 711 8 10 0.401
474 704 9 10 0.380
336 688 8 9 0.279
411 685 7 10 0.270
856 677 9 11 0.243
404 703 6 9 0.201
817 767 13 15 0.190
852 666 6 8 0.178
890 673 5 8 0.159
368 678 6 8 0.159
636 697 10 14 0.150
921 690 7 9 0.146
404 662 8 11 0.141
473 707 8 10 0.133
918 690 7 8 0.131
428 681 8 11 0.126
637 690 10 12 0.116
729 676 6 7 0.107
855 674 8 11 0.094
419 681 10 50 0.088
300 686 7 8 0.084
654 688 9 11 0.080
613 703 8 9 0.076
852 678 9 11 0.073
510 698 13 18 0.070
775 752 8 10 0.069
854 668 9 22 0.067
464 682 8 10 0.066
418 705 7 9 0.056
725 675 10 10 0.051
804 753 12 15 0.050
287 656 8 9 0.048
343 704 9 8 0.045
405 701 9 14 0.044
555 702 9 11 0.042
472 690 10 12 0.041
580 677 9 10 0.041
493 706 8 11 0.039
177 822 16 24 0.038
179 825 19 32 0.037
752 671 6 10 0.036
826 764 13 16 0.035
486 693 9 10 0.032
608 703 9 9 0.032
656 686 8 11 0.032
218 724 9 13 0.032
490 703 11 17 0.032
850 674 9 12 0.031
715 673 7 10 0.031
533 664 8 10 0.029
287 647 8 22 0.028
797 668 8 9 0.027
335 706 10 9 0.027
494 694 7 25 0.026
337 683 9 11 0.025
891 673 7 24 0.024
793 659 6 7 0.024
497 704 14 11 0.024
893 685 7 13 0.023
419 707 10 9 0.022
799 670 7 10 0.021
720 677 7 8 0.020
756 662 10 13 0.020
461 683 8 11 0.020
489 692 14 27 0.019
250 675 7 11 0.019
530 695 8 11 0.019
391 666 8 24 0.019
775 659 6 9 0.019
402 654 10 16 0.019
752 662 9 23 0.018
519 696 15 22 0.018
758 664 6 9 0.018
473 660 18 98 0.017
895 689 8 9 0.017
560 705 9 11 0.015
646 671 12 13 0.015
625 679 12 13 0.015
318 653 10 9 0.015
539 702 12 19 0.014
386 659 7 8 0.014
498 695 10 10 0.014
743 659 7 7 0.014
391 678 7 9 0.014
216 710 8 24 0.014
390 675 9 17 0.014
452 655 9 11 0.014
773 655 10 20 0.013
385 652 9 20 0.013
429 678 8 11 0.013
617 677 12 13 0.013
650 673 11 12 0.013
364 661 9 21 0.012
491 709 15 10 0.012
426 657 10 18 0.012
644 706 9 12 0.011
543 738 7 8 0.011
831 740 11 13 0.011
525 698 13 24 0.011
776 659 6 14 0.011
530 661 10 15 0.010
512 692 10 13 0.010
720 717 9 10 0.010
