39_Ice_Skating_Ice_Skating_39_661
219
808 360 16 20 0.802
195 259 11 14 0.763
222 267 12 14 0.739
414 426 21 22 0.736
0 373 15 18 0.717
250 252 8 10 0.697
75 236 10 11 0.661
473 303 10 13 0.550
371 204 7 9 0.547
98 324 12 15 0.513
541 261 9 11 0.487
0 264 6 12 0.466
513 214 6 7 0.462
161 295 11 13 0.442
443 509 21 19 0.438
292 367 10 13 0.437
467 186 6 8 0.436
223 198 5 6 0.427
509 257 9 10 0.421
442 312 10 13 0.414
454 203 7 8 0.408
589 225 7 9 0.395
23 297 11 13 0.380
342 189 6 7 0.310
384 181 6 8 0.304
146 206 7 8 0.295
395 198 6 8 0.293
175 297 11 14 0.291
436 195 6 7 0.273
178 299 11 13 0.265
491 191 6 9 0.252
570 212 6 9 0.220
863 276 8 10 0.217
628 223 7 9 0.217
423 193 5 7 0.198
833 255 9 11 0.186
820 434 18 22 0.182
16 342 11 15 0.179
763 207 7 7 0.166
616 186 6 9 0.158
590 224 8 8 0.147
29 297 9 12 0.140
153 380 14 21 0.138
792 224 7 9 0.134
767 333 11 13 0.126
424 193 9 7 0.123
589 178 6 9 0.123
618 170 6 7 0.122
254 351 12 16 0.122
792 206 7 9 0.116
109 248 10 11 0.112
595 225 7 8 0.111
351 368 11 14 0.108
615 189 6 8 0.107
787 423 15 24 0.107
273 193 7 8 0.103
564 181 5 8 0.103
719 226 8 10 0.102
17 296 10 23 0.102
13 295 11 12 0.101
788 204 7 9 0.100
264 196 6 8 0.100
739 198 6 7 0.100
688 180 5 6 0.095
985 307 16 19 0.086
758 240 8 9 0.084
222 196 7 8 0.080
378 180 14 12 0.079
289 196 8 10 0.078
292 197 5 7 0.078
815 427 20 23 0.075
266 194 10 8 0.073
971 314 13 16 0.068
618 167 6 16 0.068
761 242 7 7 0.066
395 201 7 9 0.066
203 427 17 19 0.063
18 301 9 12 0.061
650 185 7 8 0.061
450 506 17 19 0.060
549 179 6 6 0.059
980 287 11 15 0.058
311 376 10 12 0.055
640 220 6 7 0.053
836 253 9 11 0.052
444 180 6 8 0.052
10 291 10 12 0.049
947 254 11 14 0.049
716 225 9 10 0.049
477 179 7 8 0.047
652 184 7 7 0.045
364 182 6 8 0.045
735 196 6 8 0.044
865 199 7 9 0.044
421 194 16 7 0.041
444 182 7 11 0.041
687 177 5 13 0.041
162 310 11 15 0.040
757 393 17 21 0.040
353 233 7 9 0.040
379 181 8 8 0.040
722 228 8 10 0.039
1013 290 9 17 0.039
826 439 16 20 0.038
832 257 8 11 0.038
865 198 6 7 0.038
825 214 6 16 0.037
704 226 7 9 0.035
764 205 12 10 0.033
478 375 11 14 0.032
396 266 8 13 0.031
483 193 8 9 0.031
738 197 5 7 0.031
717 271 10 13 0.031
477 303 9 12 0.030
866 198 10 9 0.030
269 193 15 7 0.030
552 179 8 8 0.029
722 190 6 8 0.029
0 326 6 14 0.028
792 201 11 30 0.027
368 191 18 30 0.027
445 312 8 11 0.026
853 374 12 17 0.025
771 333 10 14 0.025
444 314 10 13 0.025
219 313 8 10 0.024
646 191 6 8 0.024
809 424 22 23 0.023
359 183 19 8 0.023
617 179 7 12 0.022
549 179 9 8 0.022
801 212 11 15 0.021
550 266 8 12 0.021
253 253 9 10 0.021
753 239 9 11 0.021
319 238 8 9 0.021
689 180 5 8 0.021
615 171 9 11 0.020
250 355 12 16 0.020
852 236 7 9 0.020
293 189 5 20 0.020
477 379 10 13 0.020
288 368 12 14 0.019
255 347 12 15 0.019
917 293 12 15 0.019
976 284 10 12 0.019
205 198 6 6 0.018
615 229 7 9 0.018
974 292 15 21 0.018
203 435 15 17 0.017
971 319 14 16 0.017
852 208 9 17 0.017
618 182 9 17 0.017
821 209 12 22 0.017
793 211 7 9 0.017
7 295 12 18 0.017
705 222 8 9 0.016
4 326 13 24 0.016
542 153 6 7 0.016
113 247 11 14 0.016
259 350 11 14 0.016
628 227 7 8 0.016
49 261 11 12 0.016
837 255 10 13 0.015
857 201 8 20 0.015
109 251 9 11 0.015
421 227 7 8 0.015
346 185 8 7 0.015
617 174 6 28 0.015
920 295 12 15 0.015
362 174 12 26 0.014
983 312 15 17 0.014
214 192 11 16 0.014
781 260 7 9 0.014
922 417 13 16 0.014
825 228 7 11 0.014
793 208 7 33 0.014
780 263 8 9 0.014
726 231 9 12 0.014
805 215 6 12 0.013
358 261 8 12 0.013
944 258 12 15 0.013
822 214 10 12 0.013
342 186 5 7 0.013
492 194 7 9 0.013
741 197 6 7 0.013
278 183 14 26 0.013
720 273 10 12 0.012
112 252 11 11 0.012
607 190 10 9 0.012
688 176 7 21 0.012
162 305 15 18 0.012
443 186 7 8 0.012
30 291 9 12 0.012
166 314 10 13 0.012
847 230 12 17 0.012
872 195 7 13 0.012
354 228 8 23 0.012
3 348 11 15 0.011
619 186 6 9 0.011
791 418 17 23 0.011
648 183 7 8 0.011
320 235 8 9 0.011
993 301 16 18 0.011
472 307 9 13 0.011
393 263 11 13 0.011
420 190 9 9 0.011
347 202 10 9 0.011
206 196 8 7 0.011
291 182 10 28 0.011
204 199 6 8 0.010
868 277 10 12 0.010
152 387 14 20 0.010
915 292 11 13 0.010
360 265 10 13 0.010
384 202 13 15 0.010
371 181 22 7 0.010
876 199 5 7 0.010
