39_Ice_Skating_Ice_Skating_39_992
62
956 581 53 66 0.873
745 1 55 58 0.864
535 724 74 89 0.857
169 281 51 56 0.857
823 480 48 60 0.854
835 126 51 66 0.853
117 42 50 64 0.853
385 384 45 58 0.851
777 607 59 66 0.850
296 844 59 75 0.847
803 252 47 60 0.844
23 382 52 55 0.844
903 26 45 56 0.843
308 263 55 67 0.842
421 22 53 64 0.841
383 144 48 55 0.841
728 731 56 71 0.840
938 247 45 62 0.839
902 711 50 63 0.837
158 805 52 69 0.836
612 268 48 57 0.833
666 482 54 63 0.829
728 372 47 53 0.822
11 638 55 64 0.817
462 266 48 54 0.814
282 681 69 84 0.807
570 371 48 53 0.788
332 474 56 66 0.780
993 461 38 63 0.779
283 51 47 50 0.776
214 621 47 56 0.740
288 426 36 60 0.728
997 129 34 58 0.623
484 158 46 48 0.439
675 451 40 47 0.424
216 174 46 54 0.336
91 160 43 51 0.133
-10 53 28 62 0.129
931 1 41 44 0.064
652 0 36 24 0.047
245 196 38 50 0.040
587 90 40 50 0.033
816 -2 31 21 0.028
854 449 32 36 0.026
981 515 51 77 0.026
781 558 37 44 0.024
548 0 37 10 0.023
947 0 47 17 0.022
116 491 40 50 0.022
890 0 35 20 0.018
966 0 30 14 0.018
520 -3 33 23 0.015
235 124 60 74 0.014
530 2 43 29 0.014
496 575 35 47 0.013
907 0 54 24 0.013
788 548 36 44 0.012
519 0 49 11 0.012
240 210 35 40 0.011
878 409 34 38 0.011
617 638 44 47 0.010
340 369 33 38 0.010
