39_Ice_Skating_Ice_Skating_39_389
67
50 367 11 14 0.715
637 362 9 10 0.640
672 364 8 10 0.636
235 380 8 10 0.630
544 361 9 12 0.622
274 385 9 11 0.599
607 360 8 10 0.558
740 366 7 9 0.547
511 360 9 12 0.532
325 380 9 10 0.501
462 368 9 11 0.496
408 374 9 10 0.488
571 360 8 10 0.484
771 366 7 8 0.410
368 382 9 10 0.399
799 370 8 9 0.329
825 364 7 8 0.228
727 377 7 8 0.113
825 358 7 25 0.108
771 361 8 18 0.104
525 360 37 16 0.093
825 377 7 9 0.085
736 366 12 14 0.084
468 366 10 11 0.082
238 394 8 10 0.075
573 361 9 11 0.070
464 369 9 11 0.059
459 364 9 11 0.058
638 364 47 11 0.050
729 377 9 8 0.049
502 355 8 10 0.046
832 375 8 9 0.043
378 384 8 9 0.040
837 373 7 8 0.039
767 366 8 19 0.038
503 362 9 11 0.035
479 361 9 11 0.035
633 363 10 11 0.033
478 363 8 13 0.033
477 357 11 21 0.030
544 357 8 11 0.029
368 378 8 9 0.027
545 364 10 12 0.027
675 364 12 21 0.026
403 376 10 11 0.025
483 366 10 11 0.023
679 377 7 10 0.022
970 349 7 9 0.022
372 387 12 14 0.020
756 374 11 15 0.020
807 375 8 9 0.020
768 377 10 11 0.020
741 379 11 8 0.018
231 381 8 10 0.018
480 368 8 10 0.018
44 365 10 13 0.017
784 365 13 18 0.017
829 367 14 22 0.016
574 358 8 9 0.016
379 392 9 11 0.015
319 383 9 11 0.014
796 372 12 16 0.014
413 374 9 10 0.013
496 354 18 29 0.013
800 374 8 9 0.013
803 366 10 11 0.013
824 371 22 15 0.012
