31_Waiter_Waitress_Waiter_Waitress_31_162
33
468 363 227 285 0.856
386 484 25 29 0.627
18 715 16 21 0.537
372 725 12 17 0.368
213 719 11 16 0.234
310 715 13 18 0.225
242 715 12 13 0.166
258 724 14 17 0.150
379 846 22 30 0.147
245 718 18 16 0.113
357 903 36 46 0.106
43 717 13 20 0.100
272 726 15 16 0.090
244 720 34 20 0.070
294 835 14 17 0.055
84 723 15 18 0.052
89 721 13 16 0.036
259 730 15 18 0.029
299 721 18 18 0.029
39 711 16 21 0.028
367 722 13 16 0.023
161 724 11 14 0.022
80 730 14 18 0.020
67 701 15 16 0.020
273 729 21 18 0.019
283 725 14 17 0.017
308 709 11 14 0.016
46 704 20 23 0.015
362 730 17 18 0.014
312 877 24 26 0.013
249 717 17 27 0.013
73 704 13 16 0.013
81 717 15 24 0.012
