31_Waiter_Waitress_Waiter_Waitress_31_327
25
450 348 110 161 0.880
306 347 99 142 0.855
965 575 13 17 0.554
906 594 16 18 0.217
146 596 9 11 0.182
746 649 21 38 0.092
770 592 8 10 0.065
967 567 13 24 0.057
910 595 22 20 0.053
288 578 11 12 0.051
903 599 18 20 0.050
921 598 19 21 0.039
312 589 9 11 0.037
299 563 9 12 0.035
963 570 12 16 0.033
971 559 12 19 0.031
911 590 15 18 0.028
294 569 11 14 0.023
973 555 11 15 0.021
767 594 10 11 0.016
940 577 48 21 0.012
184 643 28 38 0.011
903 592 13 16 0.010
908 587 13 16 0.010
862 605 20 21 0.010
