31_Waiter_Waitress_Waiter_Waitress_31_420
63
916 214 29 37 0.827
691 240 26 31 0.820
464 181 29 42 0.817
238 315 22 27 0.806
581 217 31 36 0.805
332 302 22 27 0.800
866 304 24 33 0.784
651 218 29 35 0.768
373 301 22 28 0.763
536 205 20 27 0.758
490 219 22 29 0.757
42 221 21 26 0.756
280 319 17 19 0.692
694 209 25 30 0.688
147 262 19 23 0.686
123 295 17 23 0.623
191 287 22 26 0.621
550 220 24 34 0.394
409 235 17 22 0.329
416 214 18 29 0.280
535 231 21 26 0.265
347 221 16 23 0.221
185 290 18 24 0.220
346 284 15 17 0.207
535 212 39 37 0.174
164 307 19 26 0.136
411 220 20 38 0.103
198 289 21 26 0.098
294 296 16 23 0.070
203 322 18 24 0.059
165 293 16 21 0.059
389 272 16 19 0.052
300 306 18 23 0.047
617 214 16 20 0.042
1017 238 7 27 0.042
96 276 18 25 0.039
866 276 14 18 0.037
335 282 17 18 0.034
353 286 14 18 0.032
144 266 18 22 0.032
208 290 14 21 0.031
889 311 15 27 0.029
995 293 13 18 0.027
298 289 17 33 0.026
101 283 18 23 0.021
413 214 16 22 0.021
129 299 19 22 0.020
232 298 16 21 0.020
238 303 22 26 0.018
619 206 13 18 0.018
211 317 16 22 0.017
675 209 19 24 0.017
91 271 17 22 0.016
395 278 18 26 0.016
433 179 19 29 0.015
488 230 22 27 0.015
240 292 18 26 0.015
237 280 11 15 0.014
620 219 15 19 0.013
391 297 18 24 0.011
997 291 21 35 0.010
333 284 19 37 0.010
199 316 17 23 0.010
