46_Jockey_Jockey_46_909
59
783 185 17 21 0.864
508 288 28 35 0.858
456 417 42 46 0.846
494 558 53 62 0.799
649 247 18 23 0.795
694 182 14 20 0.777
736 267 17 22 0.762
735 176 13 18 0.737
644 190 11 16 0.730
912 279 19 30 0.713
275 182 14 17 0.712
218 574 40 62 0.665
487 153 9 13 0.661
480 186 11 18 0.591
533 162 11 11 0.547
356 196 11 13 0.380
597 107 12 14 0.295
507 150 7 10 0.280
650 290 14 19 0.177
765 209 14 17 0.169
0 212 10 23 0.146
614 140 7 9 0.123
544 156 9 10 0.112
726 201 12 16 0.107
437 110 14 15 0.100
314 191 10 12 0.087
445 143 8 8 0.087
505 151 14 12 0.078
728 329 17 25 0.049
546 158 9 10 0.047
614 137 9 9 0.043
507 154 9 11 0.040
510 156 9 11 0.038
594 108 12 15 0.036
350 197 12 14 0.033
575 137 7 9 0.032
654 290 13 18 0.030
600 101 12 15 0.027
306 212 7 10 0.025
453 127 9 11 0.024
205 582 47 72 0.021
742 265 16 22 0.021
603 163 6 8 0.021
447 125 12 13 0.020
486 157 9 13 0.018
642 289 16 20 0.018
760 140 8 11 0.017
604 157 8 15 0.016
454 193 8 9 0.016
548 128 8 12 0.014
366 197 15 14 0.014
725 207 11 14 0.013
377 200 10 13 0.013
443 134 12 20 0.011
644 195 12 16 0.011
350 190 11 14 0.011
650 295 15 21 0.011
527 183 9 13 0.010
609 99 11 12 0.010
