46_Jockey_Jockey_46_569
75
277 154 41 54 0.870
871 131 39 48 0.850
318 129 12 17 0.740
409 135 12 14 0.723
189 132 12 15 0.690
383 132 13 14 0.673
366 133 11 14 0.658
228 138 11 15 0.635
444 125 36 40 0.610
153 89 29 63 0.605
525 8 7 9 0.601
845 181 14 16 0.579
658 24 8 11 0.563
603 10 8 10 0.558
780 35 7 9 0.536
685 25 9 10 0.536
508 6 8 10 0.536
706 24 31 38 0.507
461 0 8 9 0.449
811 42 7 8 0.431
319 211 20 21 0.256
630 19 7 8 0.204
271 140 13 13 0.188
185 127 15 21 0.181
62 0 8 8 0.160
197 214 10 12 0.142
516 7 18 10 0.131
606 11 8 10 0.129
213 140 10 12 0.105
626 20 8 10 0.103
632 19 7 10 0.097
674 63 9 9 0.096
222 140 13 14 0.094
661 77 8 9 0.072
688 26 9 11 0.062
217 139 11 12 0.062
774 113 8 10 0.061
396 144 12 12 0.058
444 140 32 36 0.049
663 73 9 12 0.047
719 135 22 22 0.045
614 26 8 9 0.039
468 11 7 9 0.039
630 25 8 8 0.039
384 137 13 12 0.039
677 62 9 10 0.037
379 122 50 37 0.037
460 4 8 11 0.028
447 152 21 23 0.028
774 87 7 10 0.026
857 144 24 31 0.026
248 211 14 15 0.024
154 158 9 11 0.021
677 50 31 28 0.020
816 184 10 14 0.019
774 32 50 26 0.018
758 118 8 9 0.017
640 12 8 10 0.017
846 187 12 15 0.017
703 15 21 24 0.015
773 85 8 22 0.015
665 55 15 36 0.015
818 186 7 8 0.015
662 26 11 11 0.014
806 43 9 9 0.014
721 137 25 31 0.013
687 63 11 11 0.013
734 136 13 14 0.013
858 139 36 41 0.012
529 11 9 10 0.012
712 19 24 27 0.012
162 134 15 21 0.012
808 40 7 8 0.010
935 181 15 16 0.010
152 114 23 45 0.010
