48_Parachutist_Paratrooper_Parachutist_Paratrooper_48_72
135
612 327 25 29 0.813
54 321 25 26 0.812
94 325 28 33 0.793
456 305 19 23 0.793
334 282 23 29 0.790
168 292 31 32 0.784
255 278 25 30 0.776
935 297 14 16 0.762
864 301 14 17 0.748
18 308 23 26 0.741
765 305 15 18 0.727
481 297 19 23 0.718
707 285 15 16 0.661
905 316 16 19 0.615
805 297 15 16 0.615
571 288 12 17 0.603
840 298 12 15 0.578
1011 304 11 14 0.554
404 289 19 26 0.545
954 307 14 16 0.525
992 318 13 15 0.519
538 288 14 17 0.510
515 307 10 12 0.475
631 296 12 15 0.431
0 317 10 22 0.412
350 296 20 26 0.403
131 327 18 22 0.363
932 325 12 14 0.359
459 282 10 12 0.331
896 305 11 14 0.331
201 304 16 21 0.329
748 293 12 18 0.316
232 297 17 19 0.297
340 289 22 31 0.266
279 294 18 24 0.254
825 316 14 18 0.252
601 293 13 17 0.247
431 286 13 19 0.238
923 300 15 16 0.236
794 298 19 17 0.233
947 304 16 15 0.223
466 298 38 22 0.205
46 307 21 24 0.202
863 329 13 15 0.195
802 323 12 14 0.195
571 289 22 19 0.187
1005 307 17 17 0.183
666 311 9 12 0.179
686 297 13 16 0.173
975 309 13 15 0.155
413 287 16 23 0.153
923 302 10 12 0.151
215 299 17 17 0.150
940 304 28 17 0.146
498 296 12 16 0.140
789 301 13 16 0.138
774 304 19 18 0.128
420 305 13 19 0.127
489 297 19 20 0.119
845 299 33 17 0.117
568 270 11 12 0.115
745 302 13 18 0.107
135 322 25 24 0.104
48 304 15 19 0.102
687 292 14 18 0.096
188 296 25 28 0.087
569 272 12 27 0.082
910 315 17 18 0.082
406 295 26 23 0.081
595 291 16 18 0.080
739 314 13 17 0.075
795 312 15 22 0.073
381 271 15 22 0.066
602 290 18 22 0.059
663 309 10 12 0.057
85 309 20 23 0.053
0 313 17 23 0.051
104 325 23 28 0.049
202 298 14 20 0.049
631 284 11 13 0.046
386 275 14 21 0.045
359 303 14 22 0.044
429 290 18 21 0.042
984 339 12 15 0.042
410 286 36 22 0.041
977 307 20 15 0.040
634 289 11 15 0.038
385 256 13 16 0.038
912 307 18 18 0.037
236 292 21 24 0.035
353 306 18 22 0.033
887 306 14 16 0.033
94 311 22 25 0.032
597 297 14 16 0.032
604 287 12 15 0.030
228 303 18 23 0.030
213 305 17 19 0.029
670 310 12 14 0.029
142 327 15 19 0.028
424 285 15 18 0.028
958 301 12 14 0.028
507 297 13 16 0.027
803 277 53 59 0.026
611 298 16 15 0.026
383 255 14 29 0.026
494 310 14 19 0.025
865 326 15 16 0.025
900 317 15 18 0.023
458 286 12 14 0.021
985 301 12 13 0.020
690 307 14 16 0.019
781 307 18 20 0.017
841 305 17 23 0.017
135 332 20 23 0.016
100 308 16 17 0.016
740 317 17 19 0.016
376 265 14 18 0.016
363 310 14 18 0.016
218 303 16 20 0.015
127 323 18 20 0.015
822 324 17 16 0.015
897 283 57 74 0.014
213 292 17 18 0.013
731 283 12 14 0.013
883 301 12 13 0.013
0 310 12 20 0.012
973 300 13 14 0.012
518 327 10 12 0.011
28 310 22 21 0.011
906 322 17 19 0.011
582 282 11 15 0.011
785 299 13 16 0.011
13 313 22 23 0.011
1016 282 9 15 0.011
838 294 12 15 0.011
