48_Parachutist_Paratrooper_Parachutist_Paratrooper_48_1015
68
858 319 55 57 0.827
675 348 43 47 0.819
92 126 45 63 0.819
327 386 35 40 0.818
983 305 40 45 0.801
552 358 38 41 0.792
630 349 34 41 0.788
965 193 22 26 0.786
343 212 24 28 0.776
218 404 31 37 0.775
631 208 22 26 0.773
850 208 21 25 0.752
454 223 24 28 0.736
280 262 20 24 0.734
706 225 21 26 0.723
464 360 35 42 0.701
544 239 22 29 0.674
567 223 21 26 0.672
239 274 20 23 0.669
958 314 26 35 0.662
223 246 22 27 0.659
180 383 26 33 0.643
760 211 22 26 0.632
4 278 16 19 0.579
796 336 32 37 0.521
225 294 13 16 0.479
453 355 22 27 0.325
600 248 18 20 0.322
173 290 13 15 0.279
959 309 57 39 0.254
510 239 19 25 0.217
156 288 15 17 0.212
783 215 19 22 0.186
780 351 30 36 0.151
425 244 20 25 0.146
426 366 21 27 0.140
168 289 14 16 0.140
222 285 16 25 0.115
845 333 33 41 0.099
1 291 13 20 0.096
435 235 20 28 0.069
210 270 15 20 0.056
423 251 18 22 0.049
846 338 21 33 0.048
918 326 29 40 0.044
178 379 20 28 0.038
461 364 23 30 0.037
737 231 14 19 0.036
161 399 19 22 0.036
962 455 31 33 0.033
151 288 13 17 0.030
164 283 16 19 0.029
928 316 42 43 0.026
28 306 13 20 0.024
208 276 12 17 0.024
190 313 12 15 0.020
449 363 19 24 0.016
238 256 23 27 0.015
996 569 28 72 0.015
532 357 26 32 0.013
1006 385 19 56 0.013
182 371 13 16 0.012
818 358 20 26 0.012
553 361 23 29 0.012
463 350 23 27 0.012
779 361 22 28 0.012
233 248 22 26 0.012
164 388 21 27 0.010
