17_Ceremony_Ceremony_17_218
49
46 517 42 50 0.897
54 313 35 44 0.895
513 520 46 62 0.893
641 473 45 58 0.892
40 419 34 43 0.890
10 366 37 45 0.888
364 411 37 44 0.886
325 483 37 46 0.884
763 461 42 61 0.883
856 422 31 41 0.880
389 529 41 51 0.879
253 384 33 42 0.879
154 369 34 40 0.876
492 400 32 41 0.875
248 499 42 57 0.873
197 430 42 57 0.873
963 423 34 38 0.870
182 311 32 41 0.869
68 458 42 52 0.865
891 506 41 51 0.865
563 332 25 34 0.864
940 486 36 42 0.864
292 320 31 39 0.860
134 552 42 51 0.859
640 324 29 35 0.856
704 427 34 38 0.856
924 351 32 36 0.856
462 460 32 38 0.853
822 327 30 36 0.853
549 434 32 38 0.850
998 362 26 43 0.849
870 373 32 39 0.846
722 302 27 34 0.845
762 363 29 34 0.841
513 330 28 34 0.831
631 439 32 36 0.826
368 361 33 40 0.788
908 675 83 68 0.732
803 461 27 41 0.666
1 692 52 75 0.653
1009 546 15 45 0.615
2 671 21 70 0.369
0 666 10 40 0.126
808 443 36 48 0.096
0 669 8 22 0.087
0 703 32 65 0.038
0 674 8 44 0.029
782 453 42 57 0.023
78 734 124 34 0.018
