17_Ceremony_Ceremony_17_113
39
356 218 111 123 0.885
613 178 115 147 0.867
953 293 17 23 0.812
764 250 21 35 0.791
244 308 19 28 0.722
741 275 20 29 0.697
527 286 23 33 0.648
826 303 30 42 0.530
286 290 28 45 0.528
853 272 18 28 0.465
985 313 18 29 0.412
816 296 17 26 0.319
564 274 9 13 0.306
569 294 10 17 0.234
1013 285 11 26 0.173
817 299 22 29 0.102
566 270 10 41 0.100
759 300 15 21 0.089
990 311 19 33 0.050
566 275 9 10 0.048
590 324 18 27 0.041
567 280 9 14 0.037
528 285 17 23 0.032
751 293 18 26 0.029
732 242 20 37 0.028
930 310 14 19 0.023
1016 290 8 33 0.022
599 281 11 17 0.022
897 280 14 19 0.021
853 268 14 24 0.019
593 275 13 28 0.018
537 290 20 27 0.015
756 305 16 21 0.013
946 298 19 23 0.012
988 307 18 26 0.011
834 307 23 30 0.011
569 299 11 17 0.010
288 303 22 29 0.010
592 317 23 32 0.010
