17_Ceremony_Ceremony_17_171
43
255 245 68 85 0.891
23 221 59 75 0.883
398 309 87 98 0.871
93 123 33 46 0.863
519 323 94 115 0.859
647 311 98 131 0.859
634 158 55 61 0.857
580 0 33 40 0.853
266 54 36 47 0.851
152 47 32 43 0.850
962 161 62 107 0.850
151 236 47 63 0.844
245 149 39 50 0.842
335 145 49 59 0.840
8 129 36 46 0.838
937 379 87 148 0.837
199 238 57 73 0.830
526 21 36 46 0.825
517 86 43 49 0.823
301 158 38 48 0.822
290 31 30 40 0.821
669 76 38 53 0.815
764 57 45 63 0.796
454 136 47 60 0.779
722 72 45 58 0.770
354 271 56 83 0.755
478 166 51 72 0.753
695 188 48 59 0.692
866 237 58 77 0.664
143 85 17 30 0.663
452 67 37 43 0.204
545 5 45 46 0.200
606 177 24 35 0.151
125 300 33 45 0.047
982 -7 43 80 0.034
0 237 8 48 0.029
610 167 36 45 0.024
712 1 27 31 0.024
0 76 10 35 0.023
856 228 46 72 0.020
613 78 28 41 0.011
727 -4 34 24 0.011
0 127 13 33 0.010
