17_Ceremony_Ceremony_17_803
86
651 89 89 118 0.877
319 25 102 130 0.850
941 174 25 30 0.846
574 139 15 19 0.834
625 108 15 20 0.790
605 144 21 26 0.784
150 123 15 19 0.777
441 116 14 19 0.762
173 142 18 24 0.759
162 105 14 18 0.742
506 116 13 17 0.739
418 114 14 18 0.727
527 115 13 17 0.718
597 123 15 19 0.711
124 124 16 22 0.692
0 67 96 254 0.688
160 69 10 12 0.684
568 116 13 16 0.677
92 138 24 32 0.673
490 128 16 22 0.661
630 150 20 27 0.646
87 111 17 19 0.634
557 129 12 18 0.588
195 129 14 21 0.560
537 154 18 26 0.554
479 117 14 16 0.380
210 125 14 19 0.302
559 120 15 20 0.301
152 117 17 21 0.271
202 127 16 20 0.243
241 125 14 19 0.238
204 107 10 12 0.238
601 132 19 31 0.205
572 117 12 17 0.187
896 71 16 19 0.175
516 116 26 16 0.167
464 115 14 18 0.166
221 116 12 15 0.161
564 119 16 20 0.158
463 121 14 17 0.140
108 141 18 25 0.132
106 104 12 16 0.124
215 127 14 17 0.106
201 112 11 18 0.106
241 116 11 17 0.098
196 126 33 21 0.084
600 146 58 28 0.077
186 74 9 11 0.068
574 104 13 74 0.067
481 118 42 23 0.065
109 123 17 21 0.061
229 109 10 13 0.056
604 119 21 68 0.052
227 121 18 25 0.050
112 119 16 20 0.048
112 129 18 27 0.040
464 112 11 11 0.039
245 123 15 21 0.034
224 132 13 18 0.029
198 63 9 12 0.029
215 97 10 11 0.028
413 116 14 17 0.028
430 104 57 43 0.027
228 94 28 68 0.025
393 143 15 19 0.022
389 120 27 35 0.020
590 121 14 17 0.019
396 115 26 34 0.018
632 118 32 68 0.018
242 112 11 11 0.017
215 99 17 22 0.015
550 114 15 21 0.015
533 149 17 22 0.014
112 139 21 26 0.014
116 145 13 19 0.014
179 70 22 17 0.014
569 112 10 14 0.014
229 104 11 13 0.013
534 118 13 17 0.013
394 135 18 25 0.013
196 59 11 22 0.013
211 95 11 13 0.012
379 116 24 26 0.012
644 118 13 18 0.012
389 135 16 24 0.011
537 117 14 16 0.011
