17_Ceremony_Ceremony_17_852
30
458 239 36 42 0.830
849 235 30 48 0.803
505 213 29 47 0.799
405 245 25 43 0.718
33 431 9 10 0.202
501 481 26 52 0.158
13 416 10 12 0.085
294 1102 10 12 0.076
16 413 9 10 0.062
230 1106 13 16 0.062
13 432 10 13 0.044
313 1110 9 10 0.035
272 1084 10 14 0.033
286 948 10 13 0.030
32 436 10 10 0.027
287 1097 17 15 0.022
14 424 19 27 0.022
24 428 21 17 0.022
11 432 35 12 0.021
292 1104 9 13 0.020
38 433 8 11 0.019
0 430 8 12 0.016
291 1089 15 39 0.014
236 1108 12 16 0.013
298 1104 12 16 0.011
25 406 8 10 0.011
112 427 8 11 0.011
321 898 8 11 0.011
455 231 30 36 0.010
6 435 10 13 0.010
