17_Ceremony_Ceremony_17_271
40
731 370 22 31 0.795
603 375 18 24 0.740
570 381 19 26 0.687
253 386 19 25 0.652
521 389 17 24 0.416
748 461 24 26 0.095
484 370 14 22 0.087
115 319 17 20 0.077
877 458 12 15 0.059
467 234 17 19 0.052
476 237 14 16 0.042
481 239 12 15 0.041
607 444 18 21 0.034
249 378 21 28 0.033
394 561 20 37 0.033
516 441 20 25 0.031
467 577 27 39 0.031
543 362 11 15 0.030
398 567 21 38 0.024
502 366 15 21 0.021
493 367 19 23 0.021
574 353 11 14 0.020
219 333 11 14 0.018
882 450 15 17 0.018
74 398 10 13 0.018
483 377 11 16 0.015
886 447 15 16 0.015
221 330 12 20 0.014
356 385 9 11 0.014
549 280 10 12 0.013
463 240 14 16 0.013
430 581 29 44 0.013
118 325 15 18 0.012
560 365 15 27 0.011
533 592 24 35 0.011
388 354 8 15 0.011
113 315 16 19 0.011
135 522 11 17 0.010
485 245 10 13 0.010
464 232 15 17 0.010
