17_Ceremony_Ceremony_17_253
338
340 339 9 10 0.593
427 323 9 11 0.482
314 344 8 10 0.473
51 427 12 14 0.428
75 411 11 13 0.408
101 383 10 12 0.333
280 346 9 11 0.315
126 371 10 12 0.312
975 129 13 17 0.301
75 386 10 13 0.251
680 94 7 8 0.244
615 100 6 8 0.227
583 114 6 7 0.208
89 453 12 15 0.205
318 111 7 7 0.204
477 136 8 9 0.199
429 131 8 10 0.198
524 115 7 8 0.191
765 440 8 10 0.190
109 507 14 19 0.184
320 462 9 11 0.184
254 385 10 12 0.170
179 374 9 11 0.168
56 398 9 12 0.163
861 326 7 8 0.163
138 428 12 14 0.160
228 359 10 12 0.158
484 109 6 8 0.154
273 125 6 8 0.153
227 535 11 15 0.150
384 458 7 9 0.148
354 106 6 8 0.148
650 105 5 8 0.144
711 102 7 8 0.139
331 341 23 10 0.134
98 448 15 16 0.132
392 129 6 8 0.119
123 476 13 16 0.117
364 442 10 11 0.117
550 108 6 7 0.114
538 337 9 12 0.107
174 440 12 14 0.105
661 413 7 10 0.096
265 493 10 14 0.095
538 134 8 9 0.088
771 356 10 13 0.087
364 131 7 9 0.084
179 138 7 8 0.083
483 334 8 11 0.082
138 182 8 10 0.080
842 116 7 8 0.080
235 414 10 11 0.078
234 141 8 8 0.077
267 491 11 13 0.075
26 748 12 16 0.075
335 0 10 6 0.070
144 233 9 10 0.070
320 456 10 24 0.067
105 447 12 15 0.065
66 185 8 9 0.064
227 525 10 14 0.064
883 702 12 15 0.062
140 423 12 16 0.061
639 684 10 13 0.060
261 495 11 15 0.059
116 229 7 9 0.059
743 382 11 12 0.059
198 365 9 13 0.059
364 134 7 8 0.058
298 509 9 11 0.057
913 657 9 10 0.057
485 338 8 10 0.055
353 104 6 7 0.055
868 457 10 12 0.052
732 94 7 7 0.051
643 177 7 9 0.050
87 456 13 18 0.050
937 365 9 12 0.050
287 478 13 14 0.049
919 760 17 8 0.049
823 125 7 9 0.049
75 470 14 18 0.049
482 328 10 15 0.047
917 130 9 12 0.047
71 166 8 10 0.046
123 403 9 11 0.046
557 700 11 13 0.044
613 148 8 11 0.043
903 359 10 12 0.043
156 382 9 12 0.043
179 411 10 12 0.042
586 712 12 14 0.041
285 481 12 13 0.040
301 472 10 12 0.038
781 127 7 9 0.038
551 673 9 11 0.038
917 128 11 19 0.037
651 103 7 8 0.037
815 345 8 9 0.037
98 157 8 10 0.037
758 302 9 11 0.037
823 128 8 9 0.036
194 757 16 12 0.036
648 103 6 8 0.036
612 143 9 14 0.035
565 331 10 14 0.035
907 88 8 10 0.035
634 756 11 12 0.034
840 116 6 7 0.034
468 307 11 13 0.033
775 338 7 9 0.033
680 91 7 7 0.033
480 322 9 13 0.033
847 349 8 9 0.033
88 181 9 12 0.033
147 358 9 12 0.033
563 675 9 10 0.032
96 371 43 28 0.032
377 115 8 8 0.032
705 417 7 8 0.031
356 458 9 11 0.031
187 421 12 14 0.031
147 422 10 14 0.031
377 148 8 10 0.031
777 387 8 10 0.030
673 133 8 9 0.030
156 146 8 9 0.030
190 426 12 13 0.030
493 156 8 10 0.030
513 152 9 10 0.029
182 496 13 15 0.029
679 90 7 17 0.029
606 129 8 11 0.029
556 315 8 11 0.029
335 473 9 12 0.028
602 683 11 14 0.027
862 158 9 11 0.027
67 742 12 17 0.027
355 99 8 29 0.027
786 426 9 11 0.027
584 111 7 8 0.027
14 721 14 17 0.027
93 155 10 17 0.026
813 678 13 15 0.026
603 411 7 9 0.026
513 153 8 17 0.025
708 150 9 11 0.025
702 304 7 9 0.025
361 111 8 23 0.025
554 673 11 13 0.025
649 475 7 11 0.025
468 691 14 15 0.025
800 666 12 15 0.025
291 476 15 13 0.025
765 433 16 19 0.024
668 123 7 8 0.024
64 748 15 17 0.024
38 181 7 9 0.024
383 114 8 7 0.024
644 147 8 10 0.024
807 343 8 10 0.024
228 527 10 21 0.024
945 128 10 12 0.023
558 693 10 25 0.023
605 120 7 17 0.023
228 390 10 12 0.023
99 204 9 11 0.023
341 483 9 11 0.023
42 723 11 14 0.023
745 690 13 16 0.023
408 130 11 12 0.023
391 126 8 16 0.023
692 416 7 8 0.023
354 0 16 7 0.023
337 376 10 12 0.022
823 307 7 9 0.022
240 194 8 10 0.022
328 461 11 23 0.022
55 430 11 14 0.022
98 162 8 10 0.022
882 432 9 12 0.022
529 145 8 10 0.022
14 188 7 10 0.022
138 177 11 19 0.022
916 133 9 12 0.022
482 105 8 36 0.022
278 523 8 11 0.021
456 728 11 13 0.021
539 182 9 19 0.021
88 160 12 20 0.021
718 753 14 14 0.021
641 149 10 10 0.021
230 521 11 13 0.021
478 316 11 21 0.021
664 414 9 9 0.020
7 703 10 13 0.020
478 134 11 18 0.020
346 487 9 11 0.020
821 130 7 9 0.020
691 138 7 18 0.020
61 715 13 17 0.020
223 539 10 15 0.020
975 134 13 18 0.020
296 535 9 10 0.019
340 449 9 13 0.019
884 757 16 11 0.019
669 126 9 19 0.019
485 108 8 9 0.019
479 758 13 11 0.019
2 206 8 10 0.019
919 133 12 12 0.019
464 690 13 15 0.018
152 382 10 13 0.018
359 435 19 37 0.018
917 372 7 10 0.018
263 336 11 17 0.018
384 115 14 30 0.018
166 225 9 10 0.018
491 159 8 10 0.017
477 692 9 12 0.017
641 169 10 28 0.017
358 159 8 12 0.017
466 311 11 13 0.017
614 96 7 9 0.017
364 328 11 16 0.017
172 464 11 15 0.017
338 160 8 8 0.017
866 115 10 12 0.016
97 406 11 13 0.016
627 410 8 9 0.016
508 177 7 19 0.016
817 347 8 10 0.016
539 330 9 12 0.016
524 164 11 24 0.016
804 344 9 10 0.016
696 149 7 9 0.016
601 409 8 9 0.016
314 12 8 10 0.016
652 734 13 15 0.016
143 227 10 19 0.016
548 108 7 9 0.016
1015 211 9 35 0.015
297 471 10 12 0.015
372 110 15 20 0.015
251 503 11 14 0.015
372 316 10 11 0.015
10 710 12 18 0.015
611 152 9 12 0.015
689 414 10 11 0.015
362 317 10 10 0.015
589 168 9 20 0.015
750 95 8 9 0.015
1015 163 9 29 0.015
601 338 8 9 0.015
345 0 21 6 0.015
876 658 9 11 0.015
359 117 9 11 0.015
12 714 13 21 0.015
340 448 15 14 0.015
164 140 16 10 0.015
724 97 10 10 0.015
336 0 39 8 0.014
262 341 10 19 0.014
587 179 11 13 0.014
392 408 9 13 0.014
467 303 14 22 0.014
143 175 10 15 0.014
748 334 8 10 0.014
76 346 9 110 0.014
134 184 9 10 0.014
494 152 14 17 0.013
412 129 8 17 0.013
824 115 7 8 0.013
648 105 6 13 0.013
660 409 7 10 0.013
478 124 12 23 0.013
601 680 10 13 0.013
277 381 10 13 0.013
843 348 8 9 0.013
144 418 11 13 0.013
921 685 11 13 0.013
375 335 11 17 0.013
706 147 13 19 0.013
547 333 12 14 0.013
895 321 8 10 0.012
50 398 10 13 0.012
850 672 11 15 0.012
644 124 7 9 0.012
418 156 9 11 0.012
245 507 11 13 0.012
370 328 13 22 0.012
711 97 8 17 0.012
915 369 9 11 0.012
377 345 9 12 0.012
292 533 10 20 0.012
481 107 8 10 0.012
646 101 7 29 0.012
287 475 25 13 0.012
96 379 30 14 0.012
107 382 11 15 0.012
636 148 9 19 0.012
71 162 19 18 0.012
683 94 7 8 0.012
376 320 8 11 0.012
280 384 10 20 0.012
260 330 10 22 0.011
468 293 20 53 0.011
338 158 12 11 0.011
255 501 12 13 0.011
180 404 12 18 0.011
467 306 9 10 0.011
936 138 10 12 0.011
263 537 9 11 0.011
372 116 17 9 0.011
78 147 10 10 0.011
306 423 10 13 0.011
68 166 6 43 0.011
821 306 9 14 0.011
153 146 8 9 0.011
237 416 10 14 0.011
266 133 9 10 0.011
754 423 10 21 0.011
39 155 7 9 0.011
549 103 7 8 0.011
268 352 10 12 0.011
881 759 14 9 0.010
380 131 8 26 0.010
808 390 9 10 0.010
745 680 14 23 0.010
78 143 9 20 0.010
286 395 10 14 0.010
82 232 9 10 0.010
480 310 9 12 0.010
243 196 7 9 0.010
428 117 9 24 0.010
340 332 9 47 0.010
959 754 19 13 0.010
458 756 12 11 0.010
