17_Ceremony_Ceremony_17_452
50
310 370 19 30 0.767
933 391 16 22 0.722
221 380 14 24 0.496
977 392 14 21 0.472
309 338 15 19 0.444
985 422 16 23 0.273
406 365 19 24 0.269
825 385 15 25 0.251
727 485 15 19 0.222
899 382 14 23 0.152
1015 326 9 31 0.121
980 395 15 23 0.119
378 363 15 22 0.114
830 383 17 26 0.111
64 348 15 17 0.095
67 457 13 17 0.092
783 320 16 25 0.061
842 385 14 21 0.058
499 343 17 21 0.051
787 325 15 23 0.044
358 397 18 22 0.042
592 2 112 151 0.041
223 375 14 23 0.040
663 355 13 16 0.037
727 495 14 16 0.033
976 386 12 17 0.032
391 356 19 23 0.028
62 458 11 14 0.027
678 345 16 21 0.027
902 384 17 20 0.025
824 397 12 19 0.025
711 453 17 19 0.024
735 392 11 16 0.023
220 387 14 22 0.023
701 431 15 20 0.022
68 338 14 17 0.022
71 457 14 18 0.022
0 451 10 12 0.021
384 357 18 22 0.021
669 352 15 19 0.018
792 333 16 18 0.017
304 335 15 18 0.016
66 351 17 20 0.015
707 440 18 27 0.015
169 342 10 14 0.014
849 384 10 18 0.014
213 382 16 23 0.014
662 349 33 22 0.013
71 333 15 17 0.013
198 391 14 17 0.011
