17_Ceremony_Ceremony_17_220
38
582 289 11 16 0.786
484 300 12 15 0.772
378 302 10 14 0.733
428 312 9 11 0.487
651 286 12 15 0.469
900 395 11 17 0.437
955 395 11 14 0.399
163 383 11 18 0.220
212 377 10 18 0.188
107 369 12 16 0.083
56 372 11 16 0.080
101 372 15 18 0.078
89 377 15 19 0.077
644 281 12 15 0.073
305 388 13 20 0.059
214 375 9 13 0.039
157 375 34 31 0.038
211 373 10 16 0.038
344 371 10 14 0.032
61 364 13 15 0.032
656 286 10 14 0.028
897 399 9 15 0.027
370 377 11 18 0.024
95 372 27 20 0.023
90 373 13 16 0.023
933 395 36 17 0.021
446 368 11 16 0.019
67 354 10 20 0.015
53 365 14 21 0.014
342 369 10 14 0.014
75 362 11 11 0.013
87 383 12 17 0.013
341 373 10 14 0.012
999 340 8 10 0.011
367 368 13 29 0.011
675 277 9 13 0.011
904 396 15 18 0.010
602 282 9 10 0.010
