17_Ceremony_Ceremony_17_944
68
813 458 11 16 0.763
841 457 10 16 0.752
472 428 12 15 0.746
515 425 12 15 0.724
0 524 15 29 0.695
758 452 10 17 0.662
275 473 11 18 0.656
174 471 10 15 0.599
199 465 10 16 0.593
235 462 9 16 0.565
153 467 10 15 0.560
956 550 19 43 0.491
636 450 8 13 0.306
876 607 29 44 0.220
130 572 14 30 0.207
343 530 11 15 0.200
192 466 19 16 0.195
823 540 14 23 0.163
152 468 26 16 0.155
162 540 12 18 0.129
825 535 16 25 0.127
703 458 10 15 0.112
14 539 14 24 0.105
586 502 8 12 0.100
138 562 17 26 0.088
149 549 17 33 0.073
817 543 14 23 0.072
153 545 15 21 0.069
166 533 11 20 0.066
160 469 27 16 0.055
347 391 6 8 0.042
145 562 16 26 0.041
235 467 10 15 0.034
98 540 13 21 0.033
874 570 21 39 0.031
495 435 10 11 0.031
230 459 12 23 0.030
234 458 9 14 0.029
7 513 13 20 0.028
142 558 15 24 0.027
815 461 16 16 0.027
702 462 10 15 0.027
819 549 15 24 0.026
490 434 12 12 0.023
496 427 12 19 0.023
275 531 12 19 0.022
482 430 15 15 0.020
441 450 6 9 0.020
583 501 9 13 0.020
881 527 12 21 0.019
134 505 11 16 0.016
209 532 9 24 0.015
827 529 13 24 0.015
8 512 10 13 0.015
682 497 10 15 0.015
686 518 12 22 0.014
172 529 10 19 0.014
156 539 14 23 0.013
836 456 12 17 0.013
707 542 18 23 0.013
954 553 17 29 0.012
883 604 29 39 0.012
146 458 10 18 0.012
823 577 15 29 0.012
679 521 14 20 0.011
816 458 35 15 0.011
883 523 12 19 0.010
17 549 14 18 0.010
