17_Ceremony_Ceremony_17_592
84
299 283 17 20 0.803
163 251 29 40 0.780
510 288 13 17 0.771
58 308 17 21 0.746
6 371 15 19 0.740
593 320 11 14 0.708
692 184 31 43 0.683
708 350 8 11 0.660
789 341 10 13 0.632
551 303 12 15 0.525
400 284 16 24 0.514
849 131 25 43 0.351
197 338 16 17 0.281
266 404 9 11 0.273
172 250 28 38 0.251
650 292 17 19 0.246
554 322 10 12 0.223
104 320 10 14 0.217
395 277 17 24 0.199
729 321 10 13 0.169
395 272 13 22 0.129
207 310 11 14 0.117
358 344 11 13 0.113
786 338 11 14 0.098
505 319 9 11 0.088
182 253 20 30 0.088
571 318 10 14 0.087
595 286 13 15 0.086
555 319 14 14 0.078
201 315 15 51 0.065
280 330 13 18 0.057
422 301 15 19 0.050
210 314 11 19 0.049
538 325 15 12 0.049
538 328 10 11 0.047
272 342 13 18 0.045
601 286 13 16 0.045
727 325 11 13 0.044
544 322 12 15 0.043
765 353 10 12 0.042
282 287 10 12 0.042
363 344 10 13 0.039
645 293 14 18 0.039
209 307 10 13 0.038
561 320 16 12 0.034
204 312 11 14 0.034
637 401 15 23 0.033
250 391 8 11 0.029
249 393 13 12 0.027
340 351 10 13 0.027
704 345 9 11 0.026
218 326 15 17 0.025
275 327 15 36 0.025
391 264 13 19 0.024
708 343 11 12 0.024
406 290 18 21 0.023
92 347 11 15 0.022
280 325 15 17 0.021
555 264 11 16 0.021
211 331 15 15 0.021
758 350 18 20 0.021
656 295 14 17 0.020
600 320 12 14 0.020
707 342 9 19 0.019
606 286 10 14 0.019
246 344 11 15 0.019
182 301 12 15 0.018
283 328 15 17 0.018
277 291 10 11 0.017
225 325 18 17 0.016
93 333 12 28 0.015
266 409 9 10 0.015
545 278 12 15 0.013
270 294 9 11 0.012
572 326 15 12 0.012
783 344 11 12 0.011
1003 381 8 11 0.011
761 351 9 12 0.011
254 312 12 15 0.011
448 316 12 16 0.011
359 340 11 13 0.010
261 342 17 21 0.010
755 353 15 13 0.010
234 321 13 15 0.010
