17_Ceremony_Ceremony_17_46
47
110 122 19 25 0.768
265 144 16 23 0.721
66 133 15 21 0.671
749 244 9 10 0.488
813 304 8 10 0.182
811 306 9 11 0.141
892 364 15 17 0.126
678 136 12 14 0.106
351 277 13 14 0.083
720 154 11 14 0.077
704 128 11 15 0.067
701 160 11 14 0.066
487 154 8 9 0.061
752 244 10 11 0.056
888 362 13 17 0.052
65 483 20 24 0.049
229 382 13 15 0.041
461 130 9 12 0.037
705 157 25 15 0.036
483 150 10 13 0.036
226 378 14 17 0.035
813 300 8 10 0.032
703 124 12 14 0.029
703 155 12 15 0.026
456 134 11 15 0.025
817 301 8 8 0.025
689 131 20 15 0.025
898 364 11 15 0.021
706 133 11 15 0.020
813 308 9 13 0.020
384 257 9 12 0.018
812 317 9 12 0.017
472 141 10 13 0.016
707 232 6 7 0.016
679 134 16 19 0.016
702 168 10 13 0.015
447 172 10 11 0.015
459 128 12 24 0.013
451 141 12 17 0.012
222 373 10 14 0.012
1013 472 11 61 0.012
680 133 35 15 0.011
707 124 10 13 0.011
695 123 14 23 0.011
888 366 18 23 0.011
681 128 14 15 0.010
722 152 14 15 0.010
