17_Ceremony_Ceremony_17_227
61
262 495 11 15 0.781
573 461 13 16 0.778
164 496 13 15 0.770
312 492 11 14 0.730
907 451 12 16 0.725
116 500 10 14 0.704
958 465 12 15 0.689
89 522 9 12 0.244
940 677 11 20 0.217
216 520 9 11 0.128
983 694 12 18 0.114
491 452 10 15 0.102
184 656 10 14 0.087
918 730 13 23 0.064
811 723 14 20 0.055
492 458 8 13 0.054
889 729 13 21 0.049
998 760 21 8 0.048
937 672 13 20 0.046
34 708 12 18 0.038
734 760 16 8 0.036
709 694 10 13 0.036
1010 684 12 21 0.032
215 513 10 15 0.031
91 528 9 12 0.030
255 472 9 13 0.027
921 734 15 22 0.026
911 450 12 16 0.023
41 501 12 17 0.023
238 485 9 13 0.022
93 524 10 12 0.021
42 498 11 15 0.021
980 638 10 16 0.020
182 529 10 12 0.019
826 697 12 18 0.017
317 494 10 14 0.017
899 729 34 23 0.016
580 757 15 11 0.016
794 756 16 13 0.016
1 727 15 34 0.016
978 632 12 18 0.016
913 734 21 24 0.016
237 482 8 12 0.016
1000 621 10 12 0.016
35 711 15 18 0.016
159 525 11 15 0.015
87 518 9 13 0.015
0 723 11 19 0.015
303 586 11 12 0.015
454 723 14 19 0.015
204 681 16 20 0.013
203 674 15 22 0.012
0 717 12 38 0.012
326 513 8 12 0.012
157 529 10 12 0.012
321 503 12 20 0.011
933 750 20 17 0.011
287 583 8 11 0.011
258 475 10 25 0.011
185 526 13 14 0.011
9 751 19 17 0.010
