17_Ceremony_Ceremony_17_765
37
88 473 38 57 0.816
876 299 12 18 0.794
138 309 10 13 0.784
80 305 11 15 0.777
669 289 12 17 0.772
325 297 10 14 0.770
716 286 12 18 0.770
376 400 18 31 0.762
556 276 10 17 0.752
374 289 11 14 0.745
926 297 12 19 0.733
795 288 13 17 0.729
398 292 10 13 0.728
240 305 10 14 0.726
832 311 13 16 0.721
186 315 10 14 0.644
453 284 10 15 0.487
421 290 10 12 0.202
9 406 14 20 0.152
387 291 24 14 0.086
6 407 13 28 0.061
453 289 9 13 0.037
423 287 10 11 0.034
65 430 15 25 0.032
0 439 9 32 0.032
37 331 8 11 0.029
0 449 7 24 0.027
457 285 10 15 0.026
236 343 11 12 0.025
414 293 10 12 0.021
439 284 16 18 0.017
4 417 9 21 0.015
556 272 9 16 0.014
154 404 16 20 0.013
184 308 27 26 0.013
180 439 13 33 0.011
70 422 14 24 0.010
