17_Ceremony_Ceremony_17_418
250
558 179 23 30 0.824
204 123 23 27 0.813
467 123 18 21 0.806
276 136 20 24 0.805
584 131 18 20 0.804
715 169 25 30 0.786
659 123 18 23 0.781
787 197 22 28 0.779
85 134 28 34 0.771
250 106 22 26 0.767
626 135 16 19 0.764
868 140 14 18 0.761
145 167 25 29 0.759
859 110 11 14 0.758
168 113 20 22 0.754
23 151 29 32 0.748
508 114 23 27 0.740
380 117 17 20 0.737
404 100 14 17 0.733
784 287 34 41 0.718
564 127 12 15 0.699
61 94 11 15 0.694
926 249 25 35 0.689
361 125 19 23 0.688
766 132 15 18 0.681
11 117 24 28 0.680
354 151 22 27 0.672
904 132 11 13 0.667
300 142 22 26 0.661
701 127 19 23 0.658
964 125 13 14 0.627
982 153 15 17 0.611
315 117 18 21 0.603
699 156 17 22 0.597
861 203 21 27 0.594
297 83 14 18 0.584
119 89 11 14 0.582
581 103 13 17 0.575
786 146 17 19 0.567
969 221 18 21 0.563
940 128 11 13 0.554
948 199 16 19 0.552
990 205 16 20 0.541
1005 151 12 15 0.510
129 135 20 25 0.488
982 133 13 16 0.488
1001 175 15 17 0.486
687 132 14 18 0.440
934 158 12 14 0.438
47 120 15 20 0.431
450 142 18 20 0.416
1013 202 11 20 0.384
457 105 12 16 0.374
419 138 19 23 0.345
954 217 15 18 0.331
383 92 15 18 0.325
892 129 9 12 0.324
1007 203 15 19 0.318
72 79 11 15 0.316
106 120 19 26 0.294
930 163 15 18 0.271
979 130 18 15 0.256
925 173 16 17 0.246
153 96 12 16 0.244
126 68 10 12 0.234
1016 124 8 15 0.222
686 138 13 18 0.219
341 147 17 21 0.204
183 83 12 15 0.202
961 148 14 16 0.199
280 138 45 28 0.198
784 153 15 18 0.179
962 125 24 15 0.179
164 144 19 21 0.171
462 116 18 22 0.169
344 147 20 28 0.165
206 104 19 22 0.157
768 129 18 18 0.153
975 212 18 22 0.152
79 71 10 14 0.151
877 169 11 16 0.146
749 133 13 16 0.139
410 137 22 24 0.139
83 68 7 9 0.132
699 116 19 50 0.129
804 138 16 16 0.118
455 143 19 21 0.116
963 223 19 19 0.115
341 154 20 26 0.113
338 152 16 21 0.109
968 211 38 24 0.108
91 86 14 14 0.105
789 137 16 18 0.090
398 136 18 22 0.090
92 120 22 25 0.089
929 150 15 47 0.088
168 114 67 27 0.087
293 106 15 19 0.085
182 122 18 21 0.083
533 119 15 20 0.078
957 146 12 14 0.077
74 67 13 36 0.075
98 79 12 19 0.074
73 93 13 15 0.073
405 77 23 79 0.073
995 149 25 23 0.065
439 121 28 49 0.065
983 126 13 62 0.065
492 128 15 17 0.065
978 208 24 24 0.064
568 117 36 42 0.063
531 125 14 17 0.063
38 143 22 27 0.059
988 131 14 15 0.058
363 386 23 43 0.057
325 94 15 19 0.057
421 131 19 22 0.057
870 170 15 18 0.056
982 160 16 17 0.056
940 124 10 13 0.054
405 131 20 25 0.052
189 125 12 18 0.051
419 126 17 21 0.050
307 135 22 27 0.048
380 138 17 21 0.046
782 126 12 15 0.045
597 130 13 17 0.045
378 136 30 27 0.044
327 187 19 22 0.043
244 86 12 14 0.043
1008 272 16 43 0.043
918 147 12 15 0.041
753 133 16 18 0.041
846 125 11 13 0.040
110 115 15 18 0.040
933 129 13 67 0.039
984 134 17 26 0.039
110 62 8 10 0.038
125 69 12 26 0.038
521 123 20 22 0.037
368 140 22 26 0.036
97 86 13 15 0.036
475 99 13 15 0.036
110 132 21 29 0.035
299 107 16 20 0.035
899 134 12 14 0.035
348 159 20 24 0.035
77 97 10 12 0.035
226 119 15 21 0.034
880 160 12 19 0.034
213 116 24 29 0.034
1013 122 11 14 0.033
159 88 14 16 0.032
981 103 28 91 0.031
57 118 15 19 0.031
46 148 20 24 0.031
236 162 18 23 0.030
901 122 58 30 0.030
44 164 17 21 0.029
809 161 17 20 0.029
178 55 14 94 0.028
897 168 12 18 0.028
812 155 17 22 0.028
995 120 14 14 0.028
386 118 19 20 0.028
100 66 12 24 0.028
584 120 16 27 0.028
950 190 14 18 0.027
131 124 16 20 0.027
966 148 16 18 0.027
188 85 13 15 0.026
931 134 24 57 0.026
809 139 19 32 0.025
167 80 13 16 0.025
443 151 18 21 0.025
753 130 10 14 0.025
535 110 15 18 0.025
1015 208 10 20 0.025
783 294 22 27 0.025
904 180 16 19 0.024
60 159 16 21 0.023
652 157 12 16 0.023
858 172 15 18 0.023
376 91 11 14 0.023
784 159 14 16 0.022
183 75 11 20 0.022
786 126 10 12 0.021
851 168 15 19 0.021
105 66 15 14 0.021
901 177 15 19 0.021
719 57 6 8 0.021
146 99 16 17 0.020
377 146 19 23 0.020
145 80 13 16 0.020
139 79 13 17 0.019
857 200 19 24 0.019
933 210 32 30 0.019
295 155 17 35 0.019
489 134 13 16 0.019
451 109 17 24 0.019
174 80 16 74 0.018
896 161 12 19 0.018
165 77 11 14 0.018
40 154 37 26 0.018
936 99 10 111 0.018
334 158 19 21 0.018
679 124 15 18 0.018
923 194 15 21 0.017
878 172 16 19 0.017
294 178 17 22 0.017
812 136 18 17 0.017
0 253 14 82 0.017
298 145 20 36 0.016
961 176 15 19 0.016
906 185 17 20 0.016
923 135 11 13 0.016
16 115 28 26 0.015
894 179 29 31 0.015
545 119 16 20 0.015
250 141 17 21 0.014
51 111 13 20 0.014
481 97 14 16 0.014
916 203 16 20 0.014
198 81 12 15 0.014
480 91 13 38 0.013
5 124 18 23 0.013
794 293 24 30 0.013
140 72 12 19 0.013
254 146 18 21 0.013
999 118 10 12 0.012
938 201 17 21 0.012
126 143 19 24 0.012
875 201 19 24 0.012
729 42 7 9 0.012
977 231 18 23 0.012
158 64 45 66 0.012
322 184 18 24 0.011
839 219 15 20 0.011
149 151 26 33 0.011
418 148 20 25 0.011
708 112 13 16 0.011
453 90 13 25 0.011
256 111 21 23 0.011
244 133 17 21 0.011
343 170 19 24 0.011
811 140 21 19 0.011
55 123 16 21 0.011
365 155 21 24 0.010
209 98 15 19 0.010
937 168 14 18 0.010
