17_Ceremony_Ceremony_17_1005
24
323 245 194 269 0.890
672 193 55 63 0.835
546 148 52 61 0.827
859 189 55 65 0.819
784 181 50 67 0.771
828 119 49 61 0.760
959 183 58 69 0.746
875 482 65 66 0.596
923 211 39 58 0.378
471 95 27 35 0.297
-2 249 29 50 0.103
444 103 26 33 0.099
609 1 37 22 0.042
935 195 62 61 0.034
995 246 25 67 0.017
469 112 27 33 0.016
930 225 39 52 0.015
822 190 39 50 0.013
369 83 25 33 0.012
613 3 35 34 0.011
666 119 29 40 0.011
620 0 49 15 0.011
762 102 35 46 0.011
819 97 41 47 0.010
