18_Concerts_Concerts_18_528
72
466 123 69 95 0.853
995 369 11 13 0.391
965 495 12 16 0.282
856 479 11 13 0.198
912 358 9 11 0.161
879 503 13 15 0.104
948 474 10 13 0.097
945 425 10 14 0.082
920 377 10 13 0.063
970 444 11 14 0.054
888 439 12 14 0.054
884 414 12 15 0.050
961 374 11 13 0.048
838 415 11 15 0.044
855 331 11 14 0.041
743 399 10 12 0.041
815 452 13 14 0.041
991 323 10 13 0.038
764 429 11 14 0.037
788 442 11 13 0.034
923 432 12 15 0.033
994 329 12 16 0.031
964 370 10 13 0.030
950 375 11 13 0.029
949 456 11 15 0.028
805 455 12 14 0.028
950 471 11 14 0.028
928 466 11 15 0.028
1001 337 10 12 0.027
946 451 12 17 0.027
862 445 10 13 0.026
800 454 11 12 0.025
911 520 14 20 0.025
921 370 11 26 0.024
913 340 8 53 0.024
907 500 13 16 0.023
897 487 12 18 0.023
733 385 9 12 0.022
992 320 11 24 0.021
886 271 15 18 0.021
808 454 11 12 0.020
861 424 10 14 0.020
992 320 11 13 0.020
779 376 10 12 0.019
837 421 10 13 0.019
933 467 14 14 0.017
834 541 14 17 0.017
827 380 9 13 0.017
762 426 10 12 0.017
855 595 12 15 0.017
788 390 9 13 0.016
995 311 12 47 0.016
915 524 13 16 0.015
881 405 12 15 0.015
746 396 10 13 0.015
818 446 12 34 0.014
924 456 13 24 0.014
760 444 10 13 0.013
762 440 11 14 0.013
889 379 10 11 0.013
989 375 13 26 0.012
770 552 12 13 0.012
991 390 11 14 0.012
866 516 14 21 0.012
801 455 27 12 0.012
816 460 12 14 0.011
866 510 12 15 0.011
963 374 13 15 0.010
841 413 11 14 0.010
871 362 11 16 0.010
882 438 20 16 0.010
912 504 11 14 0.010
