18_Concerts_Concerts_18_127
27
358 229 56 82 0.872
148 275 71 87 0.862
243 131 38 54 0.858
735 186 53 76 0.853
799 189 45 63 0.851
662 166 54 79 0.849
272 233 54 92 0.839
11 194 41 64 0.829
172 166 48 66 0.824
948 196 41 57 0.810
915 206 39 54 0.794
448 235 42 72 0.788
302 178 44 54 0.781
842 200 34 48 0.779
453 182 37 48 0.779
53 179 31 47 0.772
526 222 59 70 0.706
563 184 42 55 0.625
407 184 24 36 0.519
1012 186 12 40 0.289
757 166 32 43 0.173
539 168 42 45 0.089
750 165 43 64 0.053
560 210 42 61 0.035
711 185 42 56 0.034
374 210 48 72 0.019
619 198 31 36 0.016
