18_Concerts_Concerts_18_504
153
338 633 39 45 0.819
523 619 33 37 0.749
124 389 16 20 0.653
612 474 20 25 0.648
747 654 22 29 0.644
777 473 19 24 0.612
288 417 16 18 0.588
185 387 14 19 0.543
687 397 11 18 0.318
0 416 8 14 0.299
452 414 9 12 0.299
798 371 12 19 0.195
38 409 11 13 0.188
619 555 23 25 0.180
285 394 11 16 0.177
832 339 9 10 0.168
677 553 17 22 0.157
807 336 9 12 0.151
175 378 15 20 0.141
342 531 14 17 0.127
557 456 10 14 0.122
511 399 9 11 0.114
582 437 9 13 0.113
188 389 16 22 0.111
759 341 8 11 0.100
791 329 11 14 0.100
990 284 11 14 0.091
641 351 9 11 0.085
172 376 10 13 0.079
504 529 17 25 0.079
797 331 13 15 0.077
743 333 8 11 0.077
677 370 11 14 0.077
86 407 9 11 0.077
208 404 13 18 0.073
721 311 9 11 0.073
559 457 12 17 0.070
569 477 13 15 0.069
470 393 10 11 0.067
770 595 19 21 0.060
487 410 10 11 0.058
969 291 9 10 0.058
565 471 13 19 0.051
158 559 18 28 0.049
795 335 24 12 0.049
971 291 10 11 0.048
50 383 8 9 0.046
801 574 15 19 0.044
642 348 8 23 0.038
625 548 19 23 0.037
798 324 17 35 0.037
560 661 25 27 0.036
151 411 10 12 0.036
506 402 12 11 0.036
325 352 8 11 0.035
114 394 14 17 0.034
112 394 11 14 0.033
140 410 15 15 0.033
854 342 8 11 0.032
160 567 20 28 0.032
537 396 8 9 0.032
288 368 10 12 0.030
742 336 22 13 0.030
467 387 16 29 0.030
680 359 14 56 0.029
778 393 10 12 0.029
725 356 10 11 0.029
293 371 8 10 0.028
325 374 10 12 0.027
653 364 10 11 0.027
613 553 22 24 0.026
685 557 18 22 0.025
765 405 10 12 0.024
812 338 33 13 0.024
15 411 11 13 0.024
41 409 16 12 0.024
115 580 14 20 0.023
688 369 12 14 0.023
40 577 14 24 0.022
461 361 10 12 0.022
939 284 8 11 0.022
611 366 10 11 0.021
305 391 10 12 0.021
621 562 23 26 0.021
732 325 22 18 0.021
691 366 11 15 0.021
803 373 13 18 0.021
403 402 10 12 0.020
799 431 13 16 0.020
428 393 8 11 0.019
590 359 10 11 0.019
724 349 14 21 0.019
84 396 10 14 0.019
751 347 10 11 0.019
750 352 8 11 0.019
325 425 13 18 0.018
481 399 13 22 0.018
597 457 12 14 0.018
524 388 10 12 0.018
674 373 11 14 0.018
204 399 14 18 0.017
780 424 13 16 0.016
604 467 18 26 0.016
321 428 12 15 0.015
2 389 8 11 0.015
424 401 9 11 0.015
782 578 31 23 0.015
527 389 16 19 0.015
58 407 10 11 0.015
968 273 9 18 0.015
113 399 11 15 0.014
165 577 16 22 0.014
437 427 9 11 0.014
484 603 26 30 0.013
194 369 11 13 0.013
436 431 9 10 0.013
629 544 17 21 0.013
191 365 13 26 0.013
593 353 11 18 0.013
30 410 15 13 0.013
486 395 10 12 0.013
790 337 11 15 0.012
465 364 8 11 0.012
618 387 11 12 0.012
460 395 14 24 0.012
1015 417 8 12 0.012
519 399 11 11 0.012
498 363 8 10 0.012
70 440 8 11 0.012
533 393 16 14 0.012
770 331 9 10 0.012
611 569 22 26 0.012
340 523 12 16 0.012
970 271 10 12 0.012
628 408 11 13 0.011
703 375 12 13 0.011
625 326 7 8 0.011
755 537 15 19 0.011
557 393 10 12 0.011
892 282 7 9 0.011
458 363 10 11 0.011
434 432 8 10 0.011
594 461 14 16 0.011
623 383 14 14 0.011
487 596 28 32 0.011
969 275 12 29 0.010
85 404 12 16 0.010
759 386 11 17 0.010
132 408 13 16 0.010
771 382 18 38 0.010
911 284 8 10 0.010
626 394 13 26 0.010
650 361 11 18 0.010
