18_Concerts_Concerts_18_602
170
896 481 42 59 0.872
481 400 25 32 0.855
248 303 19 24 0.835
297 527 39 58 0.833
555 385 33 43 0.832
938 377 35 46 0.829
345 380 19 25 0.819
456 490 30 38 0.816
231 299 17 21 0.816
308 386 27 35 0.814
329 503 36 59 0.803
452 347 16 20 0.802
140 256 16 21 0.800
259 538 28 42 0.793
406 392 20 28 0.792
107 257 14 17 0.785
772 334 17 20 0.778
837 341 15 19 0.777
190 363 18 21 0.770
78 420 21 28 0.767
39 345 18 22 0.762
871 374 21 24 0.762
368 392 29 42 0.756
23 339 14 20 0.748
521 340 15 17 0.747
262 262 12 15 0.740
50 382 21 28 0.730
189 263 13 17 0.722
50 264 11 16 0.719
301 256 13 15 0.718
680 352 14 22 0.708
740 375 18 21 0.696
141 407 21 26 0.694
438 328 13 19 0.642
395 326 12 17 0.640
615 267 11 14 0.638
711 339 17 21 0.636
212 273 12 17 0.626
482 261 11 14 0.621
545 278 9 13 0.619
132 396 16 19 0.615
567 333 14 15 0.613
473 362 18 22 0.580
166 404 25 33 0.577
899 349 13 19 0.543
292 239 10 12 0.536
407 288 11 16 0.532
513 395 19 27 0.519
367 275 13 18 0.515
168 270 11 15 0.497
336 332 16 21 0.490
344 332 16 20 0.477
113 408 14 16 0.471
0 281 7 19 0.455
334 270 10 14 0.451
517 322 15 19 0.442
510 384 18 26 0.374
507 303 10 14 0.327
669 340 15 21 0.321
582 260 10 14 0.306
711 333 16 19 0.304
606 337 14 18 0.304
142 261 20 20 0.283
919 339 15 18 0.282
592 374 20 26 0.241
519 324 16 26 0.239
875 342 13 15 0.230
650 349 18 19 0.213
124 401 24 19 0.199
23 343 33 20 0.185
512 378 16 21 0.178
552 306 10 14 0.168
652 345 26 21 0.165
349 330 15 19 0.159
439 282 11 14 0.156
996 342 12 16 0.149
289 257 25 17 0.139
134 399 24 29 0.135
187 265 30 17 0.133
1 258 9 17 0.110
579 357 16 20 0.105
924 341 14 16 0.104
602 345 17 19 0.100
660 341 21 23 0.085
582 361 19 24 0.081
0 380 9 19 0.078
477 358 15 19 0.076
912 338 14 19 0.062
702 340 10 14 0.059
367 278 12 28 0.059
573 262 10 14 0.057
443 288 11 15 0.055
373 301 12 15 0.055
397 359 15 21 0.054
547 281 9 12 0.053
914 343 16 19 0.052
908 355 12 17 0.052
396 293 11 15 0.050
881 345 16 18 0.049
609 344 17 19 0.049
541 389 15 23 0.045
649 356 17 17 0.045
370 270 11 14 0.043
846 225 8 9 0.040
544 386 23 33 0.039
213 268 12 16 0.037
387 274 10 12 0.037
651 342 17 20 0.035
394 295 9 13 0.034
48 380 17 24 0.034
495 366 15 17 0.034
401 324 12 16 0.032
934 343 13 16 0.032
376 302 14 15 0.032
164 272 11 15 0.032
738 369 17 21 0.031
365 281 12 18 0.030
674 338 13 16 0.030
405 319 12 17 0.029
698 342 16 17 0.029
129 409 18 21 0.028
1003 271 7 10 0.026
970 372 19 25 0.026
735 352 13 17 0.023
654 215 6 9 0.023
400 344 14 34 0.022
329 261 9 12 0.022
939 344 10 13 0.022
182 262 12 15 0.021
254 270 14 24 0.021
402 357 14 16 0.021
110 411 16 19 0.020
114 403 14 17 0.019
403 287 11 15 0.019
331 331 13 18 0.019
708 343 13 16 0.019
439 295 11 15 0.019
483 304 9 11 0.019
403 360 17 18 0.019
5 269 12 15 0.019
224 271 14 17 0.018
1001 341 11 18 0.017
4 278 13 16 0.016
32 401 14 18 0.016
568 262 11 13 0.016
588 350 13 16 0.015
447 286 13 25 0.015
438 278 9 11 0.015
368 300 14 18 0.015
394 351 13 20 0.015
4 380 12 16 0.014
445 295 13 15 0.014
1017 375 7 15 0.014
389 335 13 20 0.014
382 271 12 20 0.013
250 281 13 15 0.013
436 281 9 11 0.013
66 282 10 13 0.012
752 190 5 8 0.012
237 287 17 20 0.012
705 387 11 15 0.012
648 345 16 19 0.012
949 377 33 39 0.012
931 340 13 14 0.012
579 267 11 13 0.011
873 471 24 31 0.011
392 362 16 22 0.011
390 271 8 10 0.011
733 349 13 15 0.011
973 367 19 24 0.011
