18_Concerts_Concerts_18_670
27
293 176 31 36 0.801
808 314 36 28 0.741
782 116 15 19 0.678
157 176 17 32 0.580
690 133 12 15 0.414
273 290 446 449 0.255
61 199 18 30 0.251
582 50 8 8 0.154
690 138 12 15 0.098
538 20 6 9 0.078
562 48 10 10 0.075
555 49 8 9 0.073
583 49 12 9 0.061
621 49 8 9 0.058
588 50 9 7 0.049
601 49 7 9 0.043
605 47 7 9 0.041
504 49 6 8 0.036
889 298 21 26 0.031
729 105 11 14 0.022
549 50 8 8 0.020
550 49 17 8 0.018
597 49 16 7 0.016
827 310 24 26 0.014
624 49 9 8 0.014
584 49 20 7 0.013
68 199 19 28 0.012
