18_Concerts_Concerts_18_66
202
441 364 64 95 0.885
492 328 63 82 0.868
641 420 62 77 0.863
626 248 37 54 0.860
807 262 39 56 0.844
435 257 42 52 0.838
198 248 35 43 0.832
893 354 43 54 0.823
480 201 23 30 0.819
924 288 41 54 0.815
747 332 49 67 0.805
387 220 28 36 0.801
230 202 21 25 0.792
581 311 43 59 0.775
212 170 20 25 0.763
508 183 19 26 0.736
225 314 48 65 0.733
172 200 22 30 0.722
361 189 17 23 0.709
640 185 18 21 0.695
288 159 15 18 0.684
334 152 12 17 0.656
74 319 49 55 0.649
188 318 39 52 0.646
26 267 30 39 0.635
407 200 19 24 0.599
457 167 13 18 0.528
378 151 10 14 0.497
104 252 30 36 0.456
511 162 12 16 0.408
15 211 30 34 0.407
969 479 53 72 0.394
163 129 12 15 0.386
299 207 20 26 0.349
393 190 15 17 0.343
302 291 33 40 0.278
169 157 16 19 0.264
346 176 13 18 0.263
400 192 20 22 0.234
575 174 20 22 0.224
953 198 47 61 0.212
179 179 20 25 0.190
429 125 8 11 0.190
999 182 25 30 0.189
463 339 83 97 0.188
665 174 15 20 0.161
250 143 11 13 0.156
782 169 27 33 0.149
482 151 9 12 0.136
519 138 13 16 0.131
158 115 10 12 0.127
995 364 30 83 0.123
192 144 11 15 0.117
579 220 21 28 0.110
269 183 15 19 0.110
664 155 12 16 0.109
418 155 11 14 0.108
348 172 12 16 0.107
172 158 23 33 0.105
693 168 16 20 0.102
665 161 12 25 0.101
531 169 15 18 0.092
417 154 13 27 0.089
659 121 13 15 0.082
238 168 13 17 0.079
327 128 9 13 0.076
351 166 11 14 0.075
7 218 28 32 0.074
212 135 11 15 0.071
100 123 12 14 0.069
578 178 22 25 0.066
247 136 13 19 0.064
402 147 10 13 0.062
421 183 15 20 0.060
606 171 15 19 0.054
294 194 23 39 0.053
427 132 9 13 0.050
0 201 20 37 0.049
381 156 12 20 0.049
891 172 21 26 0.046
306 152 12 14 0.045
201 160 17 22 0.043
278 158 17 48 0.042
444 588 52 12 0.041
271 214 19 30 0.040
272 177 16 19 0.039
125 121 13 16 0.036
570 174 18 20 0.036
289 164 16 19 0.035
64 127 15 19 0.034
416 158 11 16 0.034
203 155 15 19 0.033
482 138 16 33 0.032
117 118 15 15 0.032
513 132 13 15 0.032
183 135 16 22 0.031
759 173 18 25 0.030
425 103 9 83 0.029
168 135 33 54 0.029
95 120 15 31 0.029
445 116 10 14 0.028
122 115 13 20 0.028
88 142 15 21 0.027
325 124 11 20 0.027
275 221 23 31 0.027
126 120 15 27 0.027
197 126 27 53 0.026
448 118 11 18 0.026
41 89 21 21 0.026
251 191 19 23 0.026
130 262 33 45 0.026
256 186 19 22 0.025
594 104 10 13 0.025
479 148 10 13 0.024
169 166 18 23 0.024
174 132 13 15 0.024
407 179 16 18 0.023
252 120 11 14 0.023
267 139 10 13 0.023
374 127 11 15 0.022
524 129 14 60 0.022
4 120 19 29 0.022
346 134 11 13 0.022
312 105 9 11 0.021
825 208 22 33 0.021
107 179 22 34 0.021
481 147 14 19 0.021
584 168 16 19 0.021
834 199 16 20 0.021
305 140 11 21 0.021
589 218 20 25 0.021
249 178 15 20 0.020
3 279 37 43 0.020
208 150 14 19 0.020
467 166 14 17 0.020
703 172 20 23 0.020
20 208 22 26 0.020
517 133 13 18 0.019
420 141 12 38 0.019
695 170 21 23 0.019
325 127 19 15 0.019
334 180 16 20 0.019
666 344 37 48 0.018
210 129 13 16 0.018
659 176 20 23 0.018
125 109 12 18 0.017
1 97 10 19 0.017
623 163 14 17 0.017
278 447 73 79 0.016
159 130 12 17 0.016
52 210 29 31 0.016
270 166 23 41 0.016
286 130 11 14 0.016
373 115 11 40 0.015
123 216 24 32 0.015
1 527 117 70 0.015
114 107 17 28 0.015
243 109 14 18 0.015
88 107 25 54 0.015
768 239 31 38 0.015
575 189 19 23 0.015
842 184 18 24 0.015
782 235 33 46 0.015
244 111 17 24 0.014
531 171 23 26 0.014
456 252 31 46 0.014
169 152 22 27 0.014
92 234 31 38 0.014
444 106 12 15 0.014
0 199 11 31 0.013
150 114 13 16 0.013
265 183 20 28 0.013
446 103 12 31 0.013
190 74 23 27 0.013
1 86 17 64 0.012
385 120 12 13 0.012
472 105 10 14 0.012
95 113 39 32 0.012
535 160 12 16 0.012
297 195 17 21 0.012
458 148 11 19 0.012
-2 206 17 28 0.012
165 107 13 18 0.012
305 155 14 22 0.012
458 142 13 19 0.012
82 137 18 22 0.012
121 102 14 17 0.011
507 160 18 24 0.011
95 120 30 19 0.011
380 121 14 14 0.011
325 294 42 53 0.011
441 219 17 24 0.011
822 219 24 31 0.011
305 130 10 16 0.011
6 290 25 42 0.011
506 125 12 18 0.011
994 301 30 112 0.010
611 167 16 19 0.010
234 125 13 18 0.010
787 164 23 27 0.010
813 231 31 53 0.010
241 107 13 15 0.010
