18_Concerts_Concerts_18_38
187
67 416 34 46 0.844
294 530 45 77 0.810
759 393 31 45 0.793
528 265 27 36 0.788
806 275 21 29 0.788
891 334 53 73 0.762
593 300 23 32 0.759
95 391 27 36 0.750
282 220 29 39 0.739
643 184 22 30 0.729
148 325 22 33 0.719
365 184 14 18 0.697
278 192 17 19 0.684
726 316 17 21 0.669
309 452 41 51 0.637
365 299 15 22 0.615
569 199 9 11 0.615
516 412 28 38 0.588
561 349 23 34 0.556
0 597 53 94 0.543
733 286 14 20 0.530
457 240 11 14 0.512
743 242 11 14 0.484
481 302 15 20 0.462
578 173 6 7 0.453
391 510 48 53 0.434
845 249 9 11 0.403
510 212 11 14 0.394
892 275 19 24 0.380
541 483 33 54 0.373
451 193 9 10 0.335
709 262 12 15 0.331
986 270 19 24 0.330
431 197 12 14 0.329
489 176 6 8 0.322
798 235 9 13 0.312
312 206 14 16 0.269
0 391 19 37 0.246
261 200 16 20 0.234
679 272 10 14 0.231
690 259 10 13 0.199
880 243 13 14 0.196
221 291 18 23 0.187
768 212 12 13 0.170
512 203 10 15 0.167
839 219 6 9 0.163
813 230 7 11 0.150
515 195 8 10 0.146
566 352 27 38 0.140
972 234 12 14 0.117
795 234 20 13 0.116
316 269 21 28 0.114
920 254 13 16 0.114
897 250 14 16 0.103
814 199 7 9 0.101
806 232 14 12 0.093
737 211 7 8 0.093
409 510 44 66 0.089
705 246 16 46 0.084
1013 231 12 19 0.082
479 376 18 23 0.079
667 277 10 13 0.075
452 216 11 15 0.069
353 498 44 51 0.069
238 220 12 20 0.066
533 230 9 13 0.064
490 177 8 9 0.063
192 375 23 43 0.061
329 320 16 25 0.061
801 235 11 13 0.054
881 241 10 12 0.052
278 163 26 113 0.052
715 453 22 37 0.049
115 384 25 35 0.046
24 401 26 29 0.045
794 258 13 18 0.045
679 248 15 54 0.045
556 215 8 11 0.043
691 285 12 14 0.043
581 207 8 11 0.043
962 229 14 15 0.042
529 212 10 13 0.042
325 271 19 24 0.041
708 318 16 22 0.041
577 203 9 14 0.041
942 223 8 11 0.039
735 206 9 22 0.038
1009 228 14 18 0.038
529 226 24 17 0.036
962 227 9 12 0.035
942 276 21 26 0.034
839 214 8 21 0.034
141 303 20 29 0.034
304 204 14 18 0.032
332 483 52 60 0.032
1013 224 11 18 0.032
262 204 18 22 0.032
656 278 23 16 0.030
531 210 11 11 0.029
486 305 16 21 0.029
189 337 22 38 0.029
857 223 11 10 0.028
550 226 12 16 0.028
535 231 12 15 0.028
554 214 10 22 0.027
1011 272 14 23 0.027
243 201 15 43 0.027
375 509 44 47 0.027
904 250 13 15 0.027
454 224 12 25 0.026
162 218 8 10 0.025
734 274 12 16 0.025
398 201 9 12 0.025
515 192 8 9 0.024
581 210 9 11 0.024
933 173 8 8 0.024
847 227 8 12 0.023
823 190 7 9 0.023
892 270 15 19 0.023
192 334 17 23 0.023
716 175 8 9 0.023
665 237 12 16 0.023
450 199 11 27 0.022
335 302 23 46 0.021
848 248 12 12 0.021
790 255 15 17 0.020
238 206 10 14 0.020
888 189 7 9 0.020
690 253 10 14 0.019
637 280 17 19 0.019
867 300 19 23 0.019
111 361 14 18 0.019
770 208 12 14 0.019
870 197 11 10 0.019
825 244 10 13 0.019
560 170 19 81 0.018
307 262 27 32 0.018
29 404 29 31 0.017
802 189 7 18 0.017
326 205 10 13 0.017
967 232 13 15 0.017
732 234 10 20 0.016
1 341 13 53 0.016
108 391 22 29 0.016
802 261 14 18 0.015
692 173 7 9 0.015
906 257 18 19 0.015
696 289 12 14 0.015
409 427 38 51 0.015
722 221 9 12 0.015
707 305 17 39 0.015
585 241 9 12 0.014
1007 338 15 55 0.014
907 219 7 9 0.014
164 216 9 10 0.014
712 320 19 21 0.013
116 368 21 29 0.013
679 190 8 11 0.013
340 270 18 20 0.013
317 200 13 15 0.013
551 222 20 24 0.012
839 250 14 14 0.012
533 209 11 26 0.012
514 410 21 26 0.012
238 211 18 29 0.012
867 192 13 18 0.012
235 209 11 19 0.012
715 171 8 21 0.012
821 214 8 15 0.012
310 199 15 18 0.012
195 385 27 44 0.012
317 229 16 24 0.012
898 248 26 15 0.012
912 337 52 72 0.011
123 380 19 29 0.011
457 244 12 14 0.011
294 225 20 29 0.011
582 213 9 11 0.011
855 214 14 24 0.011
253 358 17 28 0.011
450 191 12 15 0.011
819 211 11 24 0.011
844 193 8 111 0.011
732 194 13 35 0.010
712 246 11 14 0.010
909 196 8 13 0.010
510 219 12 14 0.010
