18_Concerts_Concerts_18_151
126
475 206 17 21 0.860
754 262 19 24 0.858
783 147 17 22 0.852
463 69 18 22 0.851
122 333 20 24 0.843
590 325 21 25 0.839
88 285 16 20 0.836
898 204 18 24 0.834
870 258 21 25 0.832
471 261 18 21 0.830
695 145 16 22 0.829
203 92 16 19 0.828
671 257 17 23 0.823
727 320 20 26 0.822
998 334 19 24 0.822
331 263 19 25 0.813
399 150 17 22 0.813
741 414 19 24 0.812
871 148 19 25 0.812
304 398 19 24 0.811
852 64 16 21 0.810
592 72 16 18 0.805
505 140 17 21 0.798
986 61 16 22 0.794
720 60 17 22 0.793
588 146 17 20 0.787
561 203 17 20 0.786
1010 204 14 20 0.783
472 322 20 22 0.781
852 329 18 24 0.781
209 268 18 24 0.780
34 81 14 17 0.778
105 56 14 17 0.773
7 349 20 27 0.773
954 151 17 19 0.770
866 412 16 24 0.758
103 107 14 18 0.756
264 432 16 23 0.755
888 438 16 22 0.753
151 401 19 22 0.753
581 269 19 19 0.749
131 89 16 20 0.748
345 82 16 18 0.747
64 76 14 17 0.742
981 273 17 26 0.731
71 100 13 16 0.713
96 428 15 23 0.711
785 202 17 21 0.695
338 207 17 18 0.693
362 338 19 21 0.686
715 439 15 22 0.682
500 339 16 24 0.667
8 111 13 17 0.661
670 209 17 22 0.650
227 327 20 23 0.645
1007 67 12 18 0.624
125 431 16 20 0.401
15 81 12 15 0.386
56 10 14 19 0.368
341 430 16 17 0.280
868 176 15 17 0.207
885 68 10 12 0.198
17 94 13 15 0.195
51 193 12 16 0.190
214 146 15 19 0.186
493 334 16 24 0.183
133 636 11 21 0.175
0 92 6 18 0.132
0 311 9 19 0.124
475 144 13 17 0.096
601 168 16 19 0.095
981 268 15 22 0.084
160 628 10 18 0.080
107 185 12 15 0.069
164 420 16 17 0.062
738 93 13 17 0.060
582 375 15 22 0.059
358 268 14 19 0.059
0 317 12 24 0.058
559 135 11 14 0.056
0 88 10 16 0.056
599 658 15 21 0.052
1012 156 12 18 0.050
675 201 18 23 0.050
39 66 42 43 0.048
0 330 12 19 0.043
0 421 10 18 0.040
204 402 14 19 0.040
359 163 14 15 0.039
879 232 17 17 0.034
117 249 18 19 0.032
2 168 14 16 0.030
679 208 16 22 0.025
1010 25 9 16 0.024
1010 628 10 18 0.024
840 68 12 15 0.022
663 293 16 21 0.021
362 413 15 20 0.021
837 55 14 19 0.021
270 434 15 23 0.021
938 441 12 23 0.020
858 175 15 17 0.018
865 130 16 20 0.018
59 19 13 15 0.017
772 180 17 20 0.016
76 577 16 20 0.015
169 415 14 18 0.015
771 176 14 17 0.015
624 156 16 20 0.015
591 66 16 18 0.015
840 59 18 20 0.014
317 331 13 17 0.014
1015 41 9 18 0.014
94 665 13 18 0.013
1009 161 11 21 0.012
185 162 10 14 0.012
864 329 18 22 0.012
475 663 12 18 0.012
617 74 11 15 0.011
716 605 11 19 0.011
74 581 13 17 0.011
413 357 17 22 0.011
225 320 19 21 0.011
143 364 15 19 0.010
78 114 12 15 0.010
357 422 20 22 0.010
