18_Concerts_Concerts_18_920
91
869 575 10 13 0.778
823 573 11 14 0.748
851 558 11 13 0.733
279 506 16 21 0.732
752 627 10 13 0.709
618 607 10 13 0.707
902 565 10 13 0.702
930 562 9 13 0.682
982 587 11 13 0.677
769 624 11 12 0.654
756 569 11 13 0.642
618 567 9 10 0.563
908 520 9 11 0.558
818 530 9 9 0.499
903 487 8 10 0.473
665 564 8 9 0.376
852 500 10 13 0.372
949 525 8 10 0.302
897 609 13 15 0.296
798 555 10 12 0.275
791 551 9 11 0.263
1005 515 8 11 0.258
765 538 9 10 0.233
792 554 12 11 0.210
573 569 7 9 0.205
588 565 7 9 0.176
868 524 8 10 0.174
230 599 26 44 0.155
801 558 10 12 0.135
752 625 33 12 0.133
614 567 9 10 0.083
681 655 12 14 0.082
574 568 14 10 0.077
831 553 10 12 0.073
927 566 10 12 0.073
875 666 12 15 0.071
155 566 8 11 0.070
790 554 21 12 0.059
595 580 9 10 0.056
867 509 10 53 0.047
164 565 9 11 0.043
980 584 11 14 0.042
1005 518 10 13 0.039
591 568 10 23 0.039
570 568 9 11 0.038
763 537 8 10 0.037
777 543 9 11 0.033
870 543 11 12 0.029
897 620 12 15 0.029
1002 521 10 12 0.028
741 604 9 10 0.028
876 641 10 12 0.027
853 499 12 22 0.026
557 612 10 15 0.025
147 599 23 27 0.025
233 612 30 52 0.024
767 65 16 29 0.024
905 566 11 14 0.023
738 639 11 13 0.023
672 565 7 8 0.022
870 534 10 20 0.022
1005 512 8 10 0.022
198 561 14 17 0.022
875 650 11 24 0.022
931 565 12 13 0.019
634 566 7 8 0.019
744 602 10 23 0.019
818 528 10 14 0.019
1003 482 7 8 0.018
886 602 15 15 0.017
618 563 9 10 0.016
154 499 13 14 0.016
832 548 10 12 0.015
967 615 9 12 0.014
865 537 12 20 0.013
166 562 9 12 0.013
773 82 15 24 0.013
155 562 9 12 0.013
756 598 11 12 0.013
760 555 10 15 0.013
914 627 10 14 0.012
764 64 15 20 0.012
771 73 16 24 0.012
679 650 13 15 0.012
92 523 9 9 0.012
682 658 13 15 0.012
874 602 13 14 0.011
196 561 12 13 0.011
871 605 11 12 0.011
187 520 9 12 0.011
148 499 11 15 0.011
