3_Riot_Riot_3_710
25
614 70 62 80 0.826
492 172 55 80 0.791
0 191 27 35 0.740
295 70 36 61 0.661
151 198 15 16 0.224
79 192 8 10 0.154
101 206 14 16 0.116
73 188 12 14 0.094
65 187 12 14 0.059
30 195 19 25 0.053
124 205 12 15 0.052
33 184 19 22 0.047
307 69 32 67 0.032
118 204 15 15 0.028
57 184 19 17 0.026
35 201 17 21 0.025
743 14 56 68 0.021
16 195 38 29 0.017
37 184 27 31 0.017
77 185 10 13 0.013
108 193 11 13 0.012
18 204 19 24 0.011
112 192 10 13 0.011
42 203 23 24 0.010
70 190 27 20 0.010
