3_Riot_Riot_3_790
43
207 276 25 31 0.826
929 274 13 17 0.797
811 267 21 24 0.758
786 252 16 21 0.748
986 275 16 17 0.742
513 264 15 18 0.700
483 263 12 14 0.697
328 261 14 16 0.629
243 254 19 23 0.606
433 273 12 15 0.443
259 242 16 17 0.418
252 243 20 22 0.295
1016 258 8 22 0.164
479 262 41 15 0.136
430 287 14 17 0.120
774 256 11 15 0.097
829 262 17 21 0.076
1016 250 8 15 0.060
1016 270 8 18 0.047
835 258 12 18 0.043
710 270 8 9 0.038
783 249 15 19 0.031
834 256 20 24 0.027
350 420 40 43 0.026
841 259 12 16 0.024
515 273 15 19 0.023
830 269 13 17 0.020
432 294 11 13 0.018
448 284 12 15 0.018
336 263 11 14 0.018
855 266 12 14 0.017
841 259 18 24 0.016
63 320 9 11 0.015
995 254 13 16 0.015
264 249 16 18 0.015
514 303 16 17 0.014
510 287 17 27 0.013
845 263 21 20 0.013
329 268 13 16 0.012
509 275 13 15 0.012
1013 252 11 20 0.012
860 265 10 12 0.011
757 272 8 9 0.010
