3_Riot_Riot_3_26
191
231 359 35 44 0.883
206 210 30 34 0.837
359 73 26 29 0.835
249 92 25 30 0.833
192 43 23 31 0.831
324 358 31 41 0.827
251 231 29 34 0.825
274 354 32 40 0.824
658 63 25 32 0.824
673 228 30 34 0.822
789 63 26 31 0.817
463 76 26 30 0.816
360 224 28 33 0.816
1002 43 22 30 0.815
937 164 27 35 0.809
296 51 25 31 0.808
422 374 31 40 0.807
853 387 28 42 0.801
894 46 25 28 0.798
718 395 30 39 0.798
846 35 27 31 0.797
987 189 30 34 0.796
899 156 26 32 0.795
817 11 24 28 0.792
939 -3 27 28 0.790
15 100 26 29 0.789
785 217 27 30 0.784
255 332 31 37 0.779
336 423 26 39 0.779
557 238 28 32 0.775
646 -5 25 26 0.769
467 210 27 32 0.769
974 17 22 26 0.756
676 352 34 36 0.756
414 350 31 37 0.748
536 95 22 26 0.731
95 361 24 35 0.719
645 210 26 29 0.718
53 195 27 32 0.716
761 36 28 31 0.701
724 356 31 38 0.686
887 241 30 34 0.681
208 434 22 37 0.649
277 204 26 35 0.638
151 331 27 36 0.625
509 73 25 29 0.574
954 378 25 31 0.546
938 410 28 37 0.542
779 365 27 34 0.540
916 356 21 33 0.535
898 475 23 36 0.529
63 325 22 31 0.512
733 489 20 38 0.509
791 342 22 29 0.497
958 417 28 40 0.474
429 214 25 32 0.443
974 556 26 40 0.437
655 390 19 26 0.425
784 527 31 46 0.395
259 337 33 45 0.354
58 566 21 35 0.322
53 248 27 32 0.308
535 214 26 28 0.287
995 457 24 37 0.282
245 569 19 33 0.275
945 410 35 45 0.267
788 448 16 32 0.259
470 435 19 32 0.234
882 421 24 33 0.221
859 43 66 31 0.206
0 552 20 53 0.197
353 507 31 40 0.196
600 51 18 28 0.192
987 415 28 44 0.192
339 208 26 30 0.166
866 345 29 37 0.162
857 464 20 30 0.160
122 405 25 38 0.150
890 427 23 36 0.137
777 389 27 37 0.114
967 421 41 40 0.092
812 361 26 34 0.086
977 536 24 35 0.082
875 425 28 38 0.080
688 581 29 44 0.080
860 462 41 35 0.078
648 344 19 33 0.073
47 243 26 32 0.065
923 361 20 28 0.065
805 638 55 16 0.063
729 484 19 36 0.060
872 339 30 34 0.057
363 502 25 39 0.055
996 470 18 26 0.054
54 262 26 33 0.054
345 507 26 42 0.054
890 228 24 28 0.053
1017 2 7 28 0.053
329 421 23 39 0.053
30 503 21 30 0.051
990 378 20 25 0.049
984 418 22 29 0.049
990 434 28 40 0.048
283 220 21 27 0.045
964 398 44 47 0.043
239 561 23 37 0.041
758 432 21 35 0.040
463 479 22 29 0.039
1013 6 13 22 0.038
900 486 24 35 0.037
947 393 22 26 0.037
125 354 28 43 0.035
249 577 18 29 0.033
129 402 19 27 0.032
751 35 27 29 0.031
827 369 19 26 0.030
907 339 18 25 0.030
862 358 21 26 0.030
850 301 16 23 0.029
0 257 6 28 0.029
893 216 26 31 0.029
724 361 20 28 0.028
658 563 29 36 0.028
3 536 19 45 0.028
728 322 21 27 0.027
790 411 25 54 0.027
4 544 25 45 0.027
164 520 18 33 0.024
692 591 30 42 0.023
783 400 24 28 0.023
957 431 21 27 0.023
657 565 50 43 0.023
973 434 22 27 0.023
782 353 27 35 0.023
373 429 20 31 0.022
799 344 23 27 0.022
775 539 30 46 0.021
789 527 22 28 0.021
288 548 17 24 0.021
586 498 21 32 0.020
321 420 19 34 0.020
910 340 21 31 0.020
797 365 24 29 0.020
466 552 19 31 0.019
792 454 17 25 0.019
131 350 33 34 0.019
96 367 33 46 0.019
211 394 22 42 0.019
517 225 16 24 0.018
690 44 23 31 0.017
3 558 30 51 0.017
124 424 19 26 0.017
766 391 35 82 0.017
772 366 22 26 0.017
753 358 39 49 0.017
875 11 21 20 0.017
880 345 27 33 0.016
948 371 38 45 0.016
987 440 22 28 0.016
892 252 23 27 0.016
125 358 22 27 0.016
940 395 17 21 0.016
213 492 18 30 0.015
903 532 21 39 0.015
945 405 22 29 0.015
739 491 23 35 0.014
470 256 22 27 0.014
329 200 27 31 0.014
971 569 24 39 0.014
469 607 23 35 0.013
1006 474 16 36 0.013
570 613 22 27 0.013
290 554 18 32 0.013
221 417 19 26 0.012
874 419 20 28 0.012
963 369 20 26 0.012
510 50 24 29 0.012
990 407 27 34 0.012
887 341 23 27 0.011
877 361 22 26 0.011
131 394 20 27 0.011
371 566 22 34 0.011
651 338 24 31 0.011
143 335 30 38 0.011
772 399 29 48 0.011
336 355 32 40 0.011
925 353 28 35 0.011
884 434 22 27 0.010
650 358 15 25 0.010
803 364 28 32 0.010
64 571 17 27 0.010
