3_Riot_Riot_3_263
69
866 222 22 28 0.818
476 165 23 27 0.754
8 132 22 25 0.753
437 163 18 24 0.713
388 162 15 23 0.711
419 162 16 21 0.704
547 172 17 20 0.698
925 212 14 18 0.628
349 140 14 20 0.519
275 147 12 18 0.357
857 209 15 22 0.261
48 7 12 15 0.214
448 6 10 12 0.125
416 162 37 23 0.118
866 184 15 16 0.117
874 186 11 13 0.116
863 182 12 16 0.107
861 178 11 16 0.085
775 173 11 13 0.084
417 167 15 20 0.076
347 2 10 12 0.075
155 170 15 25 0.070
525 180 14 19 0.064
407 0 10 8 0.063
193 88 15 19 0.062
473 172 19 23 0.053
0 97 9 25 0.051
523 176 13 17 0.047
159 162 14 21 0.047
859 170 15 65 0.046
2 102 11 21 0.039
344 141 13 21 0.038
451 2 10 12 0.030
43 6 12 14 0.029
443 1 13 11 0.028
406 177 16 17 0.027
53 8 12 16 0.026
453 6 10 13 0.026
206 142 16 21 0.023
449 11 8 11 0.023
196 85 19 19 0.023
524 189 18 21 0.022
408 -3 9 9 0.021
887 160 21 21 0.021
852 185 14 21 0.021
350 163 11 19 0.021
541 181 19 21 0.020
506 276 19 28 0.019
200 14 18 22 0.018
874 189 12 14 0.018
168 20 17 20 0.018
215 0 17 11 0.017
455 3 10 11 0.016
-1 86 9 21 0.015
421 158 14 18 0.015
349 5 10 12 0.014
862 174 8 11 0.013
99 118 20 26 0.013
401 0 10 11 0.013
310 156 12 18 0.013
884 163 16 24 0.013
525 174 10 11 0.012
352 171 12 18 0.012
0 112 15 24 0.012
194 79 15 19 0.012
187 84 16 20 0.012
162 7 16 21 0.012
202 4 20 35 0.011
191 94 17 19 0.010
