3_Riot_Riot_3_542
224
452 397 26 37 0.795
172 260 21 26 0.768
101 256 18 21 0.746
227 256 20 23 0.735
804 273 13 16 0.725
139 255 19 21 0.717
193 332 34 38 0.707
697 275 11 15 0.679
894 267 16 19 0.664
476 248 12 12 0.642
72 266 21 24 0.638
614 258 12 15 0.630
418 249 12 14 0.627
396 247 11 12 0.619
334 240 11 13 0.615
360 260 15 20 0.609
310 271 17 22 0.601
722 257 10 15 0.597
0 265 18 27 0.594
961 141 9 11 0.588
551 229 8 11 0.573
18 187 10 11 0.565
668 256 12 14 0.565
744 271 11 14 0.556
593 263 10 12 0.543
768 261 12 15 0.541
625 227 8 10 0.541
578 256 11 15 0.535
124 258 15 18 0.532
458 259 13 17 0.524
437 245 13 14 0.519
865 155 9 10 0.506
142 185 10 13 0.501
295 254 16 17 0.499
423 387 28 32 0.494
508 252 11 13 0.490
938 262 24 27 0.478
841 273 13 17 0.466
539 256 12 13 0.431
638 232 9 11 0.378
50 279 21 28 0.363
828 262 12 15 0.359
261 276 16 21 0.351
482 272 14 16 0.337
400 273 11 14 0.333
394 232 8 10 0.325
686 257 10 12 0.325
647 258 10 13 0.325
478 273 14 16 0.318
42 255 17 23 0.308
629 268 11 16 0.306
180 190 9 12 0.296
667 239 9 11 0.289
593 224 8 10 0.289
214 218 10 12 0.280
419 270 13 15 0.267
455 246 10 12 0.263
558 253 11 13 0.243
490 268 13 14 0.243
783 261 12 15 0.239
297 210 9 11 0.231
895 251 14 17 0.231
897 246 10 14 0.223
310 242 12 15 0.204
347 230 9 10 0.195
316 255 14 18 0.179
355 239 10 12 0.174
785 260 16 13 0.171
402 271 17 16 0.166
378 241 10 13 0.164
494 236 10 11 0.161
323 229 10 12 0.159
633 263 12 16 0.159
256 266 17 22 0.152
137 187 11 12 0.142
1004 267 19 23 0.139
210 249 15 19 0.138
56 277 22 27 0.138
689 255 9 11 0.136
620 262 13 16 0.132
552 254 16 13 0.130
213 212 11 36 0.124
589 260 16 14 0.116
358 231 11 13 0.116
257 261 15 18 0.112
312 238 11 14 0.109
553 258 11 13 0.099
750 255 16 15 0.097
251 210 11 13 0.096
720 253 11 14 0.094
330 212 8 10 0.094
355 231 10 19 0.093
460 268 37 16 0.092
353 261 16 19 0.090
994 246 14 16 0.090
568 239 11 13 0.089
371 225 8 10 0.089
671 243 10 12 0.087
130 188 12 12 0.084
43 276 21 27 0.083
707 250 11 15 0.080
451 242 11 12 0.076
499 239 12 26 0.075
480 254 17 19 0.073
128 190 9 10 0.072
562 241 14 23 0.069
897 243 9 10 0.068
876 248 10 12 0.068
245 275 19 24 0.065
666 235 9 12 0.064
577 235 11 13 0.062
661 234 10 14 0.062
670 240 9 11 0.061
892 256 14 18 0.061
720 236 16 60 0.061
323 220 9 24 0.059
857 252 14 17 0.056
683 257 11 14 0.055
573 243 23 40 0.055
573 239 14 27 0.054
227 255 37 36 0.053
577 369 14 16 0.053
656 239 10 18 0.052
292 220 10 13 0.052
745 245 11 16 0.051
254 244 16 17 0.049
279 230 10 13 0.048
804 258 16 14 0.046
360 226 13 9 0.045
788 258 26 14 0.045
117 259 21 21 0.044
695 222 10 101 0.042
492 255 11 23 0.041
15 250 20 26 0.040
871 246 14 19 0.039
408 273 17 14 0.039
853 248 15 17 0.039
593 228 9 12 0.038
261 254 15 19 0.038
237 262 28 21 0.037
125 260 24 20 0.037
990 246 13 17 0.037
250 209 9 11 0.035
223 263 20 24 0.033
374 227 10 29 0.032
748 278 16 15 0.032
748 248 11 13 0.031
846 248 16 16 0.030
63 305 19 22 0.030
578 202 10 109 0.030
189 189 10 13 0.030
937 259 19 22 0.030
787 294 11 14 0.029
360 268 14 18 0.029
743 254 14 27 0.029
763 275 12 16 0.028
612 260 24 16 0.027
587 225 10 11 0.027
867 153 9 10 0.027
262 246 14 18 0.027
293 207 10 14 0.027
618 197 8 113 0.026
651 266 16 19 0.025
995 243 19 41 0.025
389 229 9 10 0.025
569 259 64 17 0.025
651 261 13 13 0.025
74 181 12 16 0.024
854 259 17 23 0.023
212 228 12 45 0.023
927 319 20 35 0.023
294 216 9 14 0.023
528 260 12 14 0.023
995 273 22 26 0.022
347 229 12 15 0.022
789 285 11 15 0.022
794 263 52 30 0.022
238 286 21 23 0.021
794 253 11 14 0.021
817 254 9 12 0.021
332 246 15 13 0.020
546 220 9 12 0.020
1007 264 15 17 0.020
219 271 15 20 0.020
275 265 13 17 0.019
256 214 17 74 0.019
844 296 12 15 0.019
199 188 8 12 0.019
834 240 11 11 0.018
348 259 16 19 0.018
508 259 11 14 0.018
180 194 9 11 0.017
810 230 36 86 0.017
2 209 11 14 0.017
617 282 13 16 0.017
884 264 19 19 0.017
581 239 11 16 0.017
949 237 11 14 0.016
253 236 14 20 0.016
353 226 27 9 0.015
240 231 12 13 0.015
450 237 47 60 0.015
392 231 8 9 0.014
845 238 12 14 0.013
387 249 15 12 0.013
17 260 21 27 0.013
811 235 9 10 0.013
849 223 22 65 0.013
583 234 15 28 0.012
4 206 13 14 0.012
298 211 12 22 0.012
744 241 10 12 0.012
958 249 14 18 0.012
593 191 9 115 0.012
296 208 11 17 0.012
77 271 19 23 0.011
494 270 12 14 0.011
740 276 12 15 0.011
458 243 9 11 0.011
810 235 10 27 0.011
734 274 24 17 0.011
585 216 28 102 0.010
815 293 11 15 0.010
735 247 14 15 0.010
