3_Riot_Riot_3_958
93
108 32 26 31 0.841
136 5 28 32 0.830
520 46 26 33 0.821
565 109 56 73 0.819
235 12 27 35 0.807
924 76 24 32 0.803
54 25 26 31 0.801
14 10 37 42 0.795
402 25 37 48 0.772
666 57 21 26 0.759
864 22 36 40 0.757
336 37 20 27 0.744
709 31 23 32 0.741
314 37 18 24 0.732
68 5 26 30 0.730
606 48 17 21 0.723
953 60 24 34 0.696
498 33 19 25 0.684
823 49 23 23 0.677
209 30 21 23 0.639
969 19 22 28 0.627
773 40 32 36 0.610
290 39 17 21 0.601
755 65 17 23 0.552
373 30 27 36 0.500
487 54 13 18 0.471
184 22 14 17 0.412
0 24 8 26 0.410
460 39 19 26 0.395
577 52 19 22 0.370
771 44 20 26 0.355
395 20 23 34 0.309
489 39 21 25 0.273
630 58 14 18 0.233
962 19 21 26 0.233
305 29 16 22 0.207
1014 44 11 22 0.176
308 5 15 19 0.114
672 54 21 25 0.107
704 44 18 23 0.105
650 63 14 16 0.104
830 45 21 26 0.097
466 42 18 23 0.092
638 60 15 19 0.088
585 49 16 17 0.075
703 53 14 18 0.074
756 58 15 20 0.069
293 33 16 20 0.062
461 43 32 24 0.055
174 33 15 20 0.052
635 58 14 15 0.051
398 54 18 23 0.049
691 55 15 18 0.047
1008 54 16 24 0.043
460 30 17 25 0.043
631 61 27 15 0.041
1011 38 14 22 0.039
182 18 16 15 0.038
572 51 17 20 0.032
250 7 22 27 0.031
171 33 12 19 0.026
681 51 41 25 0.026
950 52 22 29 0.025
577 49 15 17 0.025
310 31 16 24 0.023
481 58 16 21 0.021
841 37 19 27 0.021
216 30 20 24 0.020
187 51 15 20 0.020
0 20 18 33 0.019
186 29 20 25 0.019
549 36 20 23 0.018
978 24 20 25 0.017
387 43 29 30 0.017
1016 32 8 17 0.017
260 3 14 18 0.016
485 45 15 20 0.015
943 61 31 42 0.015
570 57 18 22 0.015
721 34 22 27 0.014
231 10 24 30 0.014
745 51 17 22 0.013
960 14 18 21 0.013
307 -1 15 16 0.013
541 36 18 22 0.013
807 47 20 23 0.012
689 58 19 20 0.012
59 1 31 30 0.012
454 23 20 29 0.012
285 32 16 20 0.012
627 65 17 19 0.011
908 31 15 20 0.010
6 25 22 26 0.010
