3_Riot_Riot_3_199
366
979 332 26 40 0.815
62 291 39 55 0.802
116 272 28 43 0.797
84 156 18 23 0.793
1010 186 15 25 0.752
895 189 17 20 0.747
113 120 15 18 0.741
855 252 18 31 0.736
92 91 12 15 0.732
922 192 14 20 0.731
529 186 16 19 0.727
330 180 19 22 0.726
197 233 21 27 0.721
430 320 31 33 0.719
781 227 20 24 0.705
847 175 12 16 0.702
770 183 14 17 0.697
605 171 13 17 0.688
818 188 15 20 0.679
395 196 19 21 0.671
854 203 16 20 0.661
635 161 11 15 0.622
716 183 13 17 0.617
956 181 15 19 0.617
485 279 22 29 0.617
755 174 13 15 0.607
660 172 12 16 0.594
793 174 13 16 0.580
476 146 12 15 0.556
63 112 12 15 0.553
973 197 16 19 0.504
52 63 6 8 0.490
677 161 12 17 0.475
24 55 7 8 0.466
896 218 14 21 0.462
881 165 12 15 0.427
387 156 18 21 0.421
820 168 13 14 0.395
276 75 7 8 0.393
390 110 11 12 0.385
252 72 8 10 0.343
546 163 11 13 0.339
613 153 11 15 0.329
144 84 10 13 0.322
374 110 9 12 0.308
467 185 19 23 0.306
609 137 9 12 0.291
721 134 8 10 0.288
715 166 12 14 0.275
850 159 10 14 0.271
528 137 10 13 0.268
977 193 19 19 0.268
537 141 10 13 0.263
669 154 10 14 0.258
579 161 12 14 0.251
525 135 9 13 0.249
997 160 9 10 0.246
82 123 13 15 0.231
873 194 12 17 0.231
785 162 11 13 0.230
492 116 10 12 0.222
166 65 7 8 0.214
216 167 20 24 0.213
758 156 8 12 0.210
149 109 11 14 0.202
583 159 14 13 0.202
784 164 14 17 0.202
714 170 14 19 0.201
634 136 9 12 0.199
463 100 6 8 0.198
464 150 11 14 0.197
858 230 16 24 0.195
897 197 13 41 0.193
716 169 14 37 0.193
906 168 12 17 0.190
556 140 9 12 0.188
848 155 9 12 0.187
164 174 12 15 0.175
913 192 17 21 0.175
411 158 13 17 0.174
980 157 10 12 0.173
670 156 12 16 0.172
839 219 15 19 0.170
198 138 14 19 0.161
274 116 12 14 0.154
445 136 11 13 0.152
260 90 8 10 0.151
420 267 20 28 0.149
447 140 10 15 0.145
335 114 11 13 0.144
990 156 17 19 0.135
1011 166 13 61 0.129
908 160 10 13 0.129
925 183 13 20 0.128
276 144 12 15 0.127
907 158 10 21 0.125
578 142 10 13 0.124
607 136 11 25 0.124
504 142 10 14 0.123
204 170 30 27 0.118
495 114 10 13 0.117
662 134 8 10 0.117
201 177 18 24 0.115
929 172 10 14 0.114
909 156 8 10 0.113
966 190 17 19 0.110
794 151 14 57 0.108
136 66 7 8 0.107
929 167 9 11 0.107
721 129 13 19 0.104
945 167 14 19 0.101
876 193 19 18 0.100
573 163 12 15 0.099
1000 165 10 13 0.096
998 194 17 21 0.096
656 145 17 64 0.095
797 159 9 11 0.093
465 100 7 8 0.092
351 217 17 21 0.092
462 133 10 13 0.092
374 156 15 20 0.090
132 80 14 12 0.087
794 161 11 14 0.086
343 122 10 13 0.084
588 148 12 25 0.082
734 130 8 10 0.082
568 124 9 12 0.080
500 147 13 17 0.080
737 151 9 12 0.077
579 146 12 42 0.076
368 110 13 13 0.075
550 212 16 21 0.073
212 143 12 16 0.072
736 185 11 15 0.072
729 161 15 13 0.070
574 135 12 14 0.070
786 160 9 11 0.069
932 167 11 13 0.068
889 189 17 19 0.068
686 199 10 15 0.068
67 113 11 14 0.067
990 194 17 21 0.067
957 184 35 28 0.067
900 165 16 23 0.066
291 97 11 14 0.064
411 113 9 12 0.064
220 163 17 20 0.063
977 165 12 16 0.063
812 226 16 21 0.061
306 173 15 23 0.060
530 112 7 10 0.060
830 158 14 18 0.060
197 173 17 22 0.058
930 167 17 25 0.058
295 101 12 15 0.057
671 152 36 38 0.056
445 100 12 8 0.056
453 99 16 10 0.055
612 155 18 17 0.055
555 144 10 13 0.054
180 113 10 16 0.054
995 202 13 19 0.054
664 136 9 10 0.053
165 260 27 39 0.053
606 133 9 12 0.053
747 199 10 13 0.052
833 158 10 10 0.052
153 91 11 20 0.052
851 145 12 104 0.052
741 148 9 11 0.051
630 137 13 29 0.050
470 191 22 31 0.049
253 131 12 15 0.048
448 100 7 9 0.048
449 98 8 14 0.047
62 116 11 15 0.047
443 144 13 17 0.047
427 157 14 18 0.046
199 60 7 9 0.046
135 67 8 25 0.046
143 73 10 26 0.046
806 165 16 16 0.045
363 149 12 16 0.045
181 110 11 15 0.044
449 150 11 14 0.043
429 101 7 10 0.042
366 151 13 18 0.042
652 141 13 19 0.042
858 245 19 28 0.042
446 130 11 15 0.042
388 162 21 24 0.042
958 156 8 10 0.041
566 167 12 14 0.041
924 163 20 13 0.040
760 153 9 12 0.040
741 145 12 19 0.040
929 180 13 18 0.040
909 269 21 24 0.039
656 131 14 20 0.039
294 84 11 44 0.039
119 79 11 11 0.039
118 79 8 10 0.038
368 130 15 53 0.038
369 177 18 26 0.038
464 180 14 20 0.037
525 113 16 63 0.037
637 107 9 105 0.036
416 111 9 11 0.036
654 155 15 28 0.036
395 112 14 13 0.034
568 121 13 20 0.034
104 196 19 24 0.034
164 65 10 10 0.033
219 102 10 14 0.033
89 92 11 14 0.032
906 151 10 15 0.032
536 166 14 18 0.032
970 204 14 18 0.032
196 364 20 57 0.032
250 72 9 14 0.031
423 160 17 21 0.031
509 173 14 17 0.031
427 270 21 29 0.031
393 109 10 10 0.031
568 121 8 11 0.031
523 136 19 17 0.031
1005 171 11 13 0.031
685 136 10 13 0.030
524 120 10 28 0.029
378 77 20 79 0.029
60 98 13 22 0.029
260 94 9 12 0.029
528 107 8 20 0.029
980 169 14 21 0.029
611 134 10 11 0.028
814 229 20 23 0.028
725 163 15 26 0.028
93 86 13 15 0.028
449 98 7 7 0.028
247 72 33 12 0.028
479 208 19 31 0.028
895 211 18 32 0.027
1005 167 15 23 0.027
718 163 15 15 0.027
399 103 19 32 0.026
490 106 9 11 0.026
473 184 17 22 0.026
80 53 24 105 0.026
158 95 9 13 0.026
239 120 12 14 0.026
381 109 21 15 0.026
48 86 8 9 0.025
957 153 10 25 0.025
924 236 16 20 0.025
390 151 17 21 0.025
430 170 16 22 0.025
693 169 16 16 0.025
361 111 24 11 0.025
527 108 7 9 0.025
204 106 13 14 0.025
720 137 11 14 0.025
433 175 17 21 0.025
497 108 8 10 0.024
820 161 30 15 0.024
308 100 11 14 0.024
954 154 9 11 0.024
332 113 10 12 0.024
559 131 17 25 0.023
703 147 11 16 0.023
359 114 14 12 0.023
174 119 13 15 0.022
590 127 10 17 0.022
346 156 18 20 0.022
587 129 15 28 0.022
226 67 9 14 0.022
255 119 14 27 0.021
553 136 32 16 0.021
485 139 13 17 0.020
312 102 8 11 0.020
542 164 13 16 0.020
257 106 12 23 0.020
538 126 13 102 0.020
482 217 18 27 0.019
640 129 11 18 0.019
372 166 16 29 0.019
548 180 14 17 0.019
418 149 17 28 0.019
157 64 12 14 0.019
594 164 14 18 0.018
545 198 14 20 0.018
442 126 20 45 0.018
303 102 14 17 0.018
206 183 18 22 0.018
179 125 12 16 0.017
821 230 18 23 0.017
184 108 16 15 0.017
688 130 13 23 0.017
173 267 24 31 0.017
429 219 15 22 0.017
609 170 14 17 0.017
264 83 25 77 0.017
638 137 24 12 0.017
444 101 20 91 0.016
877 190 35 17 0.016
374 127 10 21 0.016
376 177 18 23 0.016
737 153 17 28 0.016
163 156 52 55 0.016
111 192 17 24 0.016
108 50 6 8 0.016
444 177 41 25 0.015
335 124 13 15 0.015
554 288 25 34 0.015
519 116 11 25 0.015
553 216 16 22 0.015
119 263 36 48 0.015
209 99 21 23 0.015
413 108 9 10 0.015
295 111 14 15 0.015
864 227 18 23 0.014
429 132 32 60 0.014
947 157 23 19 0.014
647 132 27 19 0.014
338 118 14 18 0.014
223 63 10 15 0.014
22 50 41 27 0.014
237 110 11 14 0.014
693 124 12 23 0.014
53 91 12 13 0.014
522 105 8 10 0.013
159 175 12 15 0.013
808 223 16 20 0.013
691 131 11 11 0.013
242 119 12 20 0.013
291 73 10 19 0.013
283 75 12 11 0.013
637 135 13 9 0.013
293 81 12 27 0.013
510 166 14 18 0.013
170 172 12 18 0.013
871 147 9 14 0.013
656 125 11 20 0.013
862 184 14 19 0.012
172 110 15 18 0.012
695 142 15 23 0.012
847 153 25 14 0.012
426 134 14 17 0.012
634 137 16 29 0.012
77 286 21 27 0.012
188 92 24 88 0.012
226 64 13 20 0.011
737 148 23 37 0.011
555 305 24 38 0.011
850 147 17 26 0.011
432 221 17 24 0.011
230 59 11 22 0.011
101 204 18 22 0.011
913 153 8 9 0.011
441 120 12 21 0.010
519 229 15 23 0.010
178 259 21 27 0.010
885 126 33 114 0.010
751 129 11 27 0.010
899 270 19 25 0.010
300 102 23 21 0.010
654 131 15 11 0.010
