3_Riot_Riot_3_123
59
592 470 65 71 0.828
894 346 25 38 0.661
987 276 12 16 0.438
1000 304 17 21 0.394
943 270 10 12 0.312
952 287 10 14 0.271
840 650 45 88 0.199
515 487 44 59 0.175
965 272 9 13 0.122
316 394 21 25 0.119
950 274 11 28 0.105
927 260 9 11 0.099
913 245 8 9 0.091
998 312 20 32 0.086
833 595 48 114 0.081
918 296 10 11 0.079
1001 300 13 18 0.071
962 267 10 18 0.066
985 260 10 11 0.062
978 352 19 26 0.059
915 290 11 17 0.055
993 323 25 32 0.050
974 259 11 11 0.049
888 360 19 28 0.049
241 168 17 20 0.046
495 486 43 57 0.040
942 235 11 80 0.039
914 515 65 80 0.035
971 257 13 22 0.033
1017 275 7 14 0.032
906 281 10 13 0.032
539 484 39 61 0.031
892 351 19 28 0.029
1001 306 19 31 0.029
947 227 10 102 0.028
520 363 17 22 0.027
989 266 11 17 0.027
908 277 13 20 0.025
129 425 17 21 0.025
912 236 9 33 0.024
994 301 16 20 0.024
946 237 9 16 0.023
912 257 10 58 0.022
912 270 11 14 0.021
244 172 18 20 0.017
916 298 10 13 0.017
926 253 16 23 0.017
912 275 15 23 0.015
960 253 12 24 0.014
886 367 16 30 0.014
238 162 15 19 0.013
948 234 9 22 0.013
948 239 7 9 0.012
1011 487 13 45 0.012
946 249 11 28 0.012
975 357 16 20 0.012
530 473 39 60 0.011
988 250 11 28 0.011
952 293 12 17 0.011
