3_Riot_Riot_3_137
320
332 390 54 62 0.886
922 349 59 69 0.877
271 365 43 47 0.865
62 388 37 42 0.856
488 327 40 51 0.845
106 410 38 45 0.840
656 358 53 59 0.819
671 300 16 19 0.754
973 325 28 33 0.737
404 335 29 41 0.729
922 315 30 34 0.706
790 319 19 26 0.706
461 308 16 23 0.682
774 316 17 22 0.632
373 315 11 12 0.591
810 297 11 13 0.524
547 303 10 12 0.517
338 329 13 17 0.486
993 277 8 10 0.486
385 339 18 24 0.482
526 309 11 15 0.471
963 311 15 19 0.433
255 334 17 19 0.433
759 288 10 12 0.431
733 310 13 14 0.421
23 356 18 25 0.420
746 308 11 13 0.414
975 285 10 11 0.412
353 327 15 19 0.410
897 327 21 25 0.377
1016 297 8 20 0.370
151 334 9 11 0.365
756 357 18 26 0.365
790 297 13 17 0.364
951 288 9 12 0.355
232 319 14 16 0.286
398 303 9 10 0.270
133 339 8 10 0.254
23 329 9 11 0.238
781 316 20 27 0.236
190 336 10 11 0.220
426 312 10 11 0.216
607 292 9 11 0.210
752 348 20 30 0.183
786 281 7 8 0.180
965 272 12 9 0.178
439 309 10 13 0.176
831 276 7 9 0.171
413 294 8 10 0.171
721 327 15 19 0.163
1011 286 9 13 0.159
868 271 8 9 0.158
573 304 10 13 0.157
662 295 9 12 0.154
888 271 7 9 0.152
814 343 18 28 0.149
149 412 28 43 0.144
34 357 19 25 0.137
433 309 12 13 0.134
0 404 10 33 0.130
849 275 8 9 0.129
131 330 9 25 0.129
576 305 10 14 0.128
586 289 7 18 0.128
190 329 9 22 0.128
650 356 30 37 0.125
786 280 9 13 0.122
975 281 21 12 0.122
120 318 7 9 0.120
341 326 16 22 0.120
959 317 28 31 0.115
736 307 24 16 0.114
803 274 8 9 0.112
260 336 18 19 0.110
664 291 16 28 0.108
715 326 17 18 0.108
1015 271 8 56 0.106
575 310 10 13 0.104
237 325 40 23 0.103
907 275 9 11 0.102
809 266 11 71 0.100
970 280 35 12 0.096
751 335 20 23 0.094
869 272 9 10 0.093
143 410 24 39 0.092
189 317 8 10 0.090
24 323 9 19 0.090
1014 325 10 21 0.090
664 291 9 11 0.087
566 294 12 15 0.084
744 294 12 25 0.084
664 295 12 16 0.083
521 307 12 16 0.081
828 271 8 16 0.080
0 335 7 13 0.080
108 312 6 8 0.079
703 322 13 17 0.078
888 329 20 24 0.074
79 306 7 14 0.073
280 302 9 12 0.072
653 281 7 9 0.071
358 295 8 16 0.070
190 309 7 20 0.069
101 338 10 12 0.068
352 339 18 23 0.067
532 352 27 29 0.067
345 331 19 20 0.066
359 295 7 8 0.062
403 301 11 14 0.062
370 311 16 14 0.061
858 273 11 10 0.060
1009 269 10 17 0.058
804 267 10 23 0.058
495 303 12 13 0.056
396 301 9 10 0.054
590 303 10 12 0.054
733 283 8 10 0.054
748 273 8 12 0.052
537 288 8 20 0.051
29 360 21 25 0.050
41 307 6 7 0.050
732 278 7 12 0.049
960 307 16 18 0.049
654 279 7 15 0.049
587 281 9 24 0.048
933 292 11 14 0.048
890 299 18 20 0.048
339 305 9 21 0.047
733 274 7 27 0.046
975 270 7 8 0.046
537 290 8 10 0.045
458 312 14 20 0.045
728 333 17 22 0.045
761 362 17 24 0.045
151 322 8 28 0.044
932 317 22 27 0.043
548 313 10 14 0.042
468 294 11 16 0.042
914 301 19 23 0.042
117 409 44 48 0.042
165 331 9 11 0.042
941 281 11 19 0.042
622 299 22 36 0.041
159 423 26 42 0.041
558 297 23 9 0.041
906 316 20 29 0.041
388 332 17 21 0.040
766 319 20 23 0.038
956 271 15 28 0.038
887 271 14 8 0.038
69 290 7 7 0.038
436 295 11 25 0.037
390 324 10 13 0.037
356 299 12 26 0.035
305 313 15 16 0.035
347 311 29 53 0.035
586 336 15 20 0.034
370 332 16 16 0.034
1013 267 8 10 0.034
313 309 13 15 0.034
341 305 14 18 0.034
487 303 18 21 0.033
517 296 9 17 0.033
926 293 18 16 0.032
807 269 12 30 0.031
827 323 24 31 0.031
1002 303 13 18 0.031
937 268 7 9 0.031
1017 309 7 39 0.030
79 295 7 28 0.030
855 270 19 13 0.030
377 353 15 19 0.029
117 306 12 26 0.029
920 267 7 9 0.029
845 273 18 9 0.029
21 328 13 17 0.029
54 325 12 18 0.029
818 266 8 8 0.029
257 341 26 31 0.029
861 270 8 8 0.028
41 349 19 22 0.028
57 319 10 20 0.027
484 310 17 20 0.027
318 308 11 13 0.027
815 334 20 25 0.027
816 276 14 27 0.027
373 300 10 11 0.026
1006 299 12 16 0.026
56 294 7 7 0.026
657 299 13 14 0.025
556 274 7 12 0.025
817 314 17 20 0.025
722 312 13 16 0.025
45 344 17 22 0.025
579 280 13 27 0.024
498 297 10 17 0.024
559 345 26 28 0.023
38 301 11 23 0.023
117 362 17 23 0.023
729 286 16 20 0.023
222 310 17 27 0.023
839 306 20 36 0.023
850 272 29 9 0.023
376 338 13 20 0.023
908 294 19 18 0.023
724 289 9 18 0.023
548 317 11 14 0.023
595 305 8 11 0.022
247 336 16 17 0.022
574 285 18 28 0.022
620 303 19 23 0.021
758 290 20 16 0.021
963 269 8 9 0.021
47 326 15 48 0.021
417 286 22 53 0.021
200 332 13 14 0.021
40 306 7 14 0.021
109 351 19 39 0.021
883 335 20 25 0.020
930 303 21 24 0.020
179 380 16 22 0.020
918 266 9 14 0.019
207 312 11 20 0.019
422 310 21 15 0.019
481 306 38 31 0.019
755 248 34 95 0.018
742 252 24 101 0.018
530 342 22 27 0.018
746 482 37 30 0.018
410 330 30 38 0.018
39 364 17 22 0.018
497 337 47 43 0.018
887 290 19 54 0.018
591 285 9 12 0.018
953 264 23 37 0.017
629 295 13 17 0.017
120 309 15 27 0.017
339 308 27 12 0.017
135 337 15 18 0.017
18 356 16 25 0.017
398 344 22 31 0.017
750 309 17 17 0.017
468 291 9 12 0.017
825 320 21 23 0.017
574 341 22 23 0.017
436 293 8 10 0.017
104 366 25 28 0.017
848 260 19 39 0.016
350 345 45 25 0.016
265 370 33 41 0.016
544 256 21 106 0.016
299 311 18 20 0.016
889 295 15 19 0.016
537 362 20 23 0.015
938 264 10 24 0.015
953 266 8 10 0.015
348 354 18 23 0.015
946 266 13 26 0.015
351 289 15 27 0.015
819 338 21 27 0.015
367 301 19 9 0.015
111 362 17 21 0.014
333 319 17 18 0.014
719 332 18 21 0.014
318 310 15 17 0.014
527 337 18 26 0.014
867 378 27 35 0.014
909 267 9 11 0.014
280 328 17 19 0.014
3 308 9 21 0.014
469 287 14 26 0.014
475 288 11 12 0.014
286 332 15 18 0.014
164 340 13 17 0.014
596 301 11 22 0.013
99 340 12 15 0.013
254 319 17 28 0.013
848 309 19 21 0.013
325 285 27 76 0.013
934 276 20 27 0.013
754 342 22 24 0.013
61 314 15 26 0.013
567 326 34 50 0.013
648 350 23 34 0.012
61 324 13 11 0.012
692 280 8 9 0.012
87 286 6 8 0.012
595 330 13 20 0.012
260 297 11 30 0.012
304 308 26 15 0.012
337 286 8 16 0.012
14 308 15 31 0.012
846 375 43 41 0.012
930 296 16 16 0.012
220 299 12 30 0.011
714 308 21 18 0.011
140 311 13 31 0.011
218 324 14 14 0.011
184 335 16 21 0.011
834 287 12 16 0.011
257 292 14 26 0.011
87 283 9 15 0.011
254 336 22 27 0.011
165 315 11 28 0.011
424 293 10 10 0.011
229 301 16 32 0.011
726 274 13 28 0.011
519 311 13 19 0.011
726 339 23 31 0.011
896 258 21 40 0.011
590 310 13 16 0.011
739 273 15 31 0.010
757 264 9 16 0.010
840 291 11 17 0.010
572 251 17 105 0.010
746 331 21 23 0.010
262 318 14 23 0.010
293 300 18 26 0.010
528 286 15 30 0.010
579 332 19 22 0.010
