3_Riot_Riot_3_415
42
842 417 28 37 0.771
798 238 16 25 0.733
391 266 22 31 0.727
137 207 21 26 0.723
714 235 17 27 0.693
289 236 18 32 0.690
442 224 18 29 0.689
654 244 16 25 0.689
977 361 18 26 0.659
517 262 22 35 0.643
656 301 20 33 0.639
903 216 19 30 0.541
895 229 18 31 0.474
511 247 19 35 0.464
553 258 14 24 0.378
1002 276 16 20 0.207
865 390 19 27 0.203
893 236 16 29 0.168
145 274 15 22 0.158
708 321 27 41 0.129
212 263 18 25 0.055
507 253 18 32 0.053
749 260 20 25 0.051
702 312 25 41 0.050
145 262 22 32 0.042
281 229 21 36 0.042
909 216 15 22 0.036
554 260 17 30 0.033
147 279 19 22 0.027
218 266 19 25 0.027
509 245 17 25 0.026
147 255 20 27 0.025
837 417 21 28 0.022
660 313 17 24 0.021
705 237 20 27 0.019
150 248 21 24 0.019
714 325 28 45 0.016
960 430 26 45 0.014
523 268 21 27 0.014
548 260 16 26 0.013
1007 279 16 23 0.012
143 239 23 30 0.010
