3_Riot_Riot_3_725
61
326 242 16 20 0.847
729 264 26 31 0.815
815 247 28 32 0.804
261 239 22 25 0.802
385 276 27 37 0.799
390 231 21 28 0.796
518 283 22 29 0.785
636 217 33 40 0.768
297 248 20 27 0.758
464 244 22 27 0.733
307 223 20 22 0.717
733 231 22 25 0.708
278 216 17 20 0.668
941 151 13 16 0.556
901 156 11 14 0.533
410 234 15 22 0.473
693 241 16 24 0.423
836 132 12 15 0.412
543 123 16 19 0.331
866 144 12 15 0.259
730 228 24 48 0.255
535 128 16 19 0.225
531 129 14 17 0.179
244 252 14 19 0.167
945 155 12 15 0.127
690 247 18 25 0.124
887 188 11 14 0.082
275 218 56 21 0.069
494 251 18 23 0.062
863 149 13 18 0.052
375 238 12 18 0.051
293 41 12 14 0.047
765 246 16 21 0.046
951 162 11 14 0.041
339 275 16 22 0.038
492 245 17 21 0.035
951 156 10 14 0.033
420 275 20 24 0.031
776 284 17 25 0.029
327 235 17 22 0.025
855 157 13 15 0.024
838 152 15 20 0.024
735 255 24 27 0.024
904 156 12 14 0.023
681 238 20 27 0.022
527 287 21 24 0.022
364 275 46 32 0.021
901 151 11 13 0.021
436 218 15 23 0.021
502 132 13 16 0.019
919 142 12 16 0.018
867 139 12 13 0.018
646 219 22 29 0.018
837 149 11 20 0.016
543 118 15 17 0.015
442 239 16 21 0.015
892 164 11 15 0.013
438 216 21 46 0.013
922 140 14 17 0.013
768 246 24 58 0.013
425 217 17 19 0.011
