3_Riot_Riot_3_393
35
442 132 39 46 0.833
728 179 11 14 0.797
539 118 27 31 0.762
787 154 15 18 0.745
223 132 17 20 0.727
343 153 12 15 0.727
125 142 15 17 0.711
851 172 13 16 0.705
168 158 10 12 0.641
817 165 11 14 0.543
193 147 10 11 0.513
632 130 30 46 0.459
326 120 17 24 0.402
674 160 8 12 0.259
165 156 20 14 0.192
192 154 11 14 0.121
87 124 21 24 0.062
571 155 26 35 0.051
672 156 12 19 0.044
334 122 16 19 0.040
320 114 18 25 0.030
192 158 11 15 0.025
787 135 7 8 0.021
46 124 13 17 0.019
617 129 36 48 0.019
813 168 11 13 0.017
671 163 10 13 0.016
131 142 13 16 0.016
787 136 8 11 0.015
643 149 18 27 0.015
56 120 25 21 0.014
71 117 22 26 0.013
13 156 10 14 0.013
482 122 14 17 0.012
578 141 30 41 0.010
