3_Riot_Riot_3_1037
53
679 138 32 43 0.890
676 413 43 56 0.871
57 497 50 64 0.865
299 155 33 46 0.857
603 183 27 34 0.853
970 210 35 43 0.847
1 689 90 100 0.844
771 175 29 36 0.831
717 155 24 29 0.728
82 160 59 67 0.656
446 453 10 12 0.605
319 447 10 14 0.508
420 457 9 10 0.499
330 442 10 13 0.410
322 444 12 14 0.387
433 445 10 12 0.299
274 444 14 20 0.286
447 439 10 35 0.172
106 191 58 68 0.166
424 452 12 13 0.166
374 451 26 24 0.162
521 209 53 59 0.156
446 441 9 10 0.136
411 455 12 12 0.120
409 456 8 10 0.119
479 428 8 11 0.110
71 173 50 56 0.110
414 453 22 14 0.107
477 437 10 15 0.104
478 433 8 14 0.082
466 428 9 11 0.077
447 453 15 15 0.064
473 429 15 13 0.058
403 456 17 13 0.058
276 449 16 19 0.057
458 169 9 11 0.040
99 166 36 45 0.037
477 444 11 16 0.032
683 727 11 14 0.031
428 160 10 13 0.030
386 450 29 16 0.028
285 438 15 19 0.025
547 199 34 54 0.023
384 146 13 17 0.023
599 174 23 29 0.017
290 437 13 17 0.016
288 440 22 20 0.014
781 172 28 36 0.014
306 448 15 20 0.014
465 441 14 22 0.012
440 432 31 25 0.012
725 148 22 31 0.010
473 449 14 17 0.010
