3_Riot_Riot_3_306
35
745 83 62 87 0.884
266 137 59 72 0.870
481 193 54 59 0.822
917 68 72 72 0.786
657 168 68 69 0.786
146 152 19 24 0.739
324 130 19 25 0.672
289 236 37 72 0.657
233 185 33 43 0.584
840 127 13 22 0.521
474 136 27 29 0.513
181 152 15 20 0.185
828 88 16 25 0.169
835 100 17 53 0.097
641 106 18 23 0.063
865 101 12 15 0.059
13 156 17 24 0.058
554 125 16 19 0.056
471 131 41 47 0.034
446 227 26 32 0.029
665 101 13 20 0.028
660 100 16 35 0.026
613 104 15 17 0.023
1013 218 11 58 0.022
810 115 18 25 0.022
653 130 29 28 0.021
650 125 22 27 0.019
832 91 17 23 0.015
449 232 18 23 0.014
173 156 17 20 0.013
479 128 21 24 0.013
656 101 17 22 0.013
10 158 14 20 0.013
669 109 11 16 0.011
192 134 14 35 0.011
