3_Riot_Riot_3_354
40
404 161 23 27 0.781
617 98 18 21 0.758
916 111 18 21 0.751
497 177 23 31 0.729
388 242 28 59 0.703
238 153 21 25 0.663
429 123 14 20 0.400
980 147 17 27 0.380
220 267 26 43 0.371
564 132 14 26 0.301
447 23 17 23 0.243
737 76 10 14 0.186
111 200 23 30 0.169
704 105 16 19 0.129
810 104 14 17 0.094
1007 113 12 18 0.082
973 145 20 28 0.069
207 258 36 50 0.064
785 93 13 14 0.060
740 78 10 15 0.049
987 147 15 23 0.045
428 119 14 18 0.042
603 310 30 56 0.030
814 99 14 17 0.030
736 72 9 12 0.027
228 278 18 29 0.026
569 127 13 24 0.026
808 107 13 23 0.022
786 97 39 18 0.021
649 99 13 16 0.019
687 91 18 19 0.019
557 139 19 26 0.019
693 88 23 30 0.018
1003 138 17 21 0.017
696 84 11 16 0.017
537 106 13 16 0.015
746 94 10 12 0.015
988 155 14 23 0.014
743 87 13 17 0.012
684 91 14 16 0.011
