3_Riot_Riot_3_438
27
836 209 40 41 0.828
451 151 17 21 0.761
653 146 17 20 0.747
191 161 18 25 0.420
272 190 9 11 0.268
576 175 12 13 0.255
739 182 19 22 0.204
733 156 19 21 0.103
736 151 19 20 0.090
706 165 16 19 0.089
292 193 8 10 0.068
512 235 16 15 0.066
706 158 46 24 0.037
552 234 13 17 0.036
734 166 18 22 0.030
197 166 20 28 0.024
538 228 13 15 0.023
705 171 17 21 0.023
752 184 23 25 0.022
191 158 14 20 0.019
510 236 12 14 0.018
752 145 20 17 0.015
760 149 18 15 0.013
588 166 14 16 0.013
576 559 40 37 0.011
768 151 14 16 0.010
150 189 13 20 0.010
