44_Aerobics_Aerobics_44_852
56
386 274 39 44 0.859
699 259 41 48 0.859
439 252 27 34 0.855
328 223 19 24 0.854
93 257 21 25 0.832
945 201 20 24 0.826
486 230 23 28 0.825
909 190 16 20 0.823
349 213 15 19 0.820
222 223 15 20 0.817
237 257 26 33 0.814
119 292 29 37 0.814
169 241 16 20 0.799
0 242 13 18 0.758
190 237 16 20 0.750
265 240 20 28 0.730
492 201 17 20 0.677
846 197 15 18 0.627
675 226 18 21 0.525
715 227 19 20 0.487
685 237 25 29 0.252
611 200 15 20 0.178
636 238 19 22 0.152
286 229 14 18 0.148
0 277 6 31 0.092
275 231 21 27 0.090
534 239 10 12 0.082
714 223 14 16 0.065
648 197 13 17 0.060
875 172 8 12 0.057
722 229 17 19 0.050
835 186 13 17 0.045
839 196 16 18 0.043
2 234 9 51 0.041
485 210 22 26 0.031
616 204 16 19 0.030
728 226 16 17 0.029
1019 216 5 30 0.027
63 215 12 15 0.027
834 185 11 12 0.027
120 262 14 17 0.023
94 227 14 17 0.020
279 31 10 12 0.020
631 212 13 18 0.019
625 209 17 20 0.018
829 202 10 12 0.017
269 233 17 19 0.015
570 230 13 14 0.015
567 233 16 20 0.015
698 232 23 26 0.014
831 186 10 14 0.014
750 215 10 13 0.013
735 224 12 15 0.012
626 215 18 20 0.012
533 237 14 17 0.012
397 259 41 48 0.011
