44_Aerobics_Aerobics_44_127
32
785 251 36 55 0.846
614 292 19 24 0.455
199 289 18 27 0.384
91 271 31 45 0.306
288 310 18 22 0.177
206 291 15 22 0.147
242 297 17 22 0.092
619 286 24 26 0.078
657 279 26 34 0.055
658 262 27 33 0.045
300 305 19 23 0.042
277 318 15 19 0.039
141 282 26 37 0.033
307 304 19 23 0.032
659 292 19 24 0.029
190 282 20 26 0.027
181 273 28 31 0.026
484 293 22 28 0.021
229 294 19 21 0.021
660 273 21 26 0.021
274 309 25 24 0.020
210 293 16 23 0.018
252 294 48 42 0.018
314 308 15 19 0.016
75 738 64 29 0.016
541 261 17 22 0.015
272 292 20 25 0.014
661 211 24 33 0.014
939 359 12 12 0.013
656 265 18 24 0.012
612 300 15 20 0.011
309 313 18 19 0.011
