44_Aerobics_Aerobics_44_246
56
774 642 58 71 0.877
270 603 60 77 0.868
658 639 59 75 0.864
790 1026 37 47 0.843
544 175 39 50 0.809
244 1180 19 27 0.702
318 1217 11 14 0.634
103 1205 13 18 0.601
10 1204 12 14 0.573
881 152 9 11 0.418
186 1211 9 11 0.395
79 1212 9 12 0.378
386 200 15 17 0.374
402 1206 9 12 0.353
684 180 24 28 0.343
113 48 61 86 0.280
339 217 19 24 0.268
674 174 30 31 0.188
332 213 21 24 0.176
188 1213 9 12 0.172
48 1 21 26 0.166
326 211 20 24 0.163
492 1148 26 58 0.153
668 170 25 34 0.148
76 1212 18 14 0.117
378 199 26 23 0.115
182 1207 10 12 0.094
655 167 24 35 0.070
636 192 20 24 0.064
635 197 14 19 0.059
646 175 26 29 0.058
7 1206 11 15 0.055
762 148 18 22 0.052
56 2 21 23 0.045
831 151 13 16 0.037
766 150 18 25 0.034
11 1200 11 12 0.028
219 1194 17 20 0.028
351 218 17 24 0.028
402 208 12 16 0.027
322 208 19 22 0.025
107 31 58 79 0.024
235 1188 26 25 0.020
385 205 17 17 0.018
61 0 25 26 0.018
47 6 29 34 0.017
993 205 9 13 0.017
391 198 13 17 0.016
500 1151 20 41 0.015
78 39 66 81 0.012
477 1147 45 71 0.012
805 190 16 22 0.012
388 1207 15 15 0.011
244 1176 15 21 0.011
3 251 12 18 0.011
800 186 18 24 0.010
