44_Aerobics_Aerobics_44_343
50
590 176 30 41 0.818
896 200 24 32 0.774
385 161 21 28 0.766
762 174 16 20 0.753
943 237 14 16 0.717
289 180 37 48 0.702
797 178 13 16 0.687
926 160 13 16 0.636
657 184 18 21 0.524
687 171 10 13 0.521
837 174 10 13 0.268
663 164 10 13 0.264
859 183 14 18 0.260
819 200 14 16 0.241
1001 230 14 19 0.163
817 230 14 16 0.114
734 199 12 17 0.101
961 261 13 16 0.093
1020 253 5 21 0.087
1018 239 8 23 0.081
1018 207 7 22 0.071
1015 182 8 17 0.071
551 194 10 13 0.044
848 192 15 16 0.042
1016 237 9 47 0.041
815 176 32 53 0.040
733 193 13 17 0.038
1013 180 10 32 0.036
845 195 12 14 0.036
963 262 15 17 0.035
802 181 13 17 0.032
866 179 12 17 0.029
574 178 16 24 0.028
969 265 17 16 0.027
1009 186 11 14 0.025
673 183 19 22 0.023
659 190 20 21 0.022
823 229 13 17 0.021
936 242 12 21 0.019
681 185 16 22 0.019
1004 191 10 15 0.018
975 267 16 16 0.017
989 246 12 17 0.017
929 254 13 15 0.015
856 173 13 18 0.013
953 250 14 21 0.013
732 205 14 17 0.011
562 180 34 32 0.011
1018 161 7 23 0.010
832 189 15 21 0.010
