44_Aerobics_Aerobics_44_329
30
326 72 15 20 0.739
683 322 18 26 0.710
874 293 17 26 0.684
945 253 14 21 0.655
681 250 12 19 0.508
820 260 14 17 0.459
802 336 16 25 0.432
506 294 14 21 0.361
515 308 16 19 0.178
86 398 23 22 0.176
315 339 20 32 0.169
627 280 14 18 0.110
316 336 16 24 0.065
1014 71 11 18 0.047
827 259 15 17 0.027
310 335 34 47 0.026
519 312 15 17 0.024
501 507 31 29 0.024
798 332 14 24 0.019
805 342 19 23 0.019
820 265 14 19 0.018
91 393 24 25 0.016
246 435 21 24 0.015
183 53 9 12 0.013
629 273 14 18 0.012
677 253 13 18 0.011
823 262 15 18 0.011
179 60 9 12 0.011
887 328 16 22 0.010
686 255 14 21 0.010
