44_Aerobics_Aerobics_44_167
40
888 501 135 173 0.877
884 322 59 76 0.864
273 306 69 95 0.852
610 307 26 32 0.819
177 281 23 26 0.805
790 273 37 49 0.803
926 245 19 27 0.794
684 269 22 29 0.792
958 262 16 19 0.787
844 233 17 21 0.778
374 284 30 39 0.774
573 246 17 20 0.770
748 246 15 18 0.765
724 264 17 22 0.757
881 261 13 16 0.704
377 264 20 24 0.686
770 272 21 32 0.593
1002 269 17 21 0.585
913 286 22 26 0.242
991 261 12 18 0.148
827 259 16 21 0.097
995 255 12 23 0.073
818 261 19 24 0.069
886 259 10 15 0.057
1008 484 17 41 0.052
1014 262 10 18 0.045
1000 250 8 12 0.045
954 287 15 19 0.030
999 253 11 16 0.028
383 267 18 21 0.025
908 291 22 27 0.025
804 265 22 27 0.023
1016 290 9 18 0.016
1005 493 22 54 0.014
718 267 18 22 0.014
659 246 9 13 0.013
656 246 10 22 0.013
1015 491 9 53 0.013
808 262 16 20 0.012
649 266 10 14 0.011
