44_Aerobics_Aerobics_44_332
65
546 306 15 23 0.770
124 301 13 18 0.762
427 306 27 34 0.756
76 301 9 13 0.724
702 310 20 27 0.721
989 304 13 17 0.718
751 307 13 19 0.709
209 300 14 18 0.708
332 293 8 10 0.702
869 303 11 14 0.688
21 294 14 18 0.686
768 295 11 14 0.671
382 306 14 18 0.670
240 288 17 22 0.663
534 285 11 15 0.655
299 305 12 15 0.648
831 303 18 22 0.647
181 305 21 26 0.625
656 301 11 12 0.613
938 320 13 18 0.610
396 300 15 17 0.560
0 297 7 16 0.453
447 299 18 22 0.440
929 297 11 14 0.423
50 306 9 11 0.401
766 297 12 16 0.282
313 300 9 11 0.277
932 299 12 15 0.268
453 296 12 16 0.213
642 327 10 12 0.143
747 304 22 20 0.143
674 306 9 11 0.121
642 296 10 12 0.100
664 303 15 13 0.097
709 309 18 25 0.093
74 321 9 12 0.090
841 301 13 18 0.061
152 310 10 12 0.059
314 303 9 12 0.058
50 310 9 11 0.052
642 295 8 9 0.050
641 296 8 10 0.048
937 310 13 18 0.045
862 294 10 11 0.042
305 309 11 13 0.038
266 314 11 13 0.035
654 303 30 12 0.032
530 307 12 15 0.029
884 243 8 7 0.027
937 298 12 14 0.024
932 319 14 17 0.022
327 292 15 14 0.017
114 302 14 16 0.017
830 312 17 19 0.013
640 324 8 12 0.013
643 323 10 13 0.013
101 305 12 14 0.012
837 307 15 19 0.012
187 299 18 23 0.012
873 304 10 13 0.011
453 292 11 13 0.011
589 284 8 10 0.011
532 300 16 27 0.010
937 303 13 15 0.010
869 308 11 14 0.010
