44_Aerobics_Aerobics_44_194
52
461 140 12 15 0.780
398 160 11 13 0.396
584 70 9 12 0.368
643 100 11 14 0.247
673 161 9 10 0.230
944 146 9 11 0.220
384 104 9 9 0.199
420 152 10 13 0.194
645 158 13 16 0.104
696 165 10 11 0.096
414 154 15 12 0.090
403 155 17 14 0.085
421 149 10 12 0.070
762 148 9 11 0.061
641 159 16 19 0.058
240 303 13 14 0.049
364 105 10 12 0.045
694 93 11 12 0.044
644 160 26 14 0.041
875 356 51 36 0.037
650 223 14 18 0.034
851 199 10 12 0.034
734 305 15 14 0.033
504 307 13 16 0.033
640 165 16 22 0.027
674 162 11 11 0.026
749 312 13 12 0.025
399 155 12 15 0.023
388 104 8 11 0.021
373 153 13 17 0.020
377 154 14 17 0.019
647 158 16 21 0.019
675 155 9 12 0.019
508 307 13 18 0.018
791 84 12 13 0.018
404 159 12 14 0.017
676 85 12 13 0.017
215 299 11 14 0.017
721 165 9 10 0.016
729 86 13 15 0.015
366 99 14 28 0.015
696 88 13 15 0.015
852 202 11 12 0.014
673 84 11 13 0.014
703 83 15 16 0.013
712 90 15 14 0.013
651 229 15 17 0.013
139 372 12 14 0.012
379 150 13 15 0.012
938 149 12 20 0.011
426 155 11 13 0.011
679 149 9 12 0.011
