44_Aerobics_Aerobics_44_216
35
728 65 21 34 0.736
325 340 13 14 0.667
793 80 18 20 0.663
235 394 15 15 0.617
81 473 13 16 0.586
836 18 17 24 0.511
332 243 30 44 0.502
577 136 22 32 0.460
153 389 24 33 0.338
124 481 11 14 0.275
678 132 16 21 0.255
1003 0 19 18 0.225
570 174 21 29 0.084
225 406 17 20 0.066
152 388 18 26 0.050
159 400 27 40 0.045
3 359 14 18 0.036
99 502 11 14 0.027
329 336 11 14 0.025
222 409 16 20 0.025
166 413 25 40 0.022
79 476 37 18 0.017
235 396 19 19 0.016
569 167 16 22 0.016
225 395 15 20 0.015
764 61 13 18 0.013
1006 66 16 31 0.012
160 395 21 29 0.012
566 175 16 25 0.012
676 129 14 21 0.011
224 415 18 21 0.011
327 241 23 40 0.011
576 132 17 24 0.010
1011 -4 14 62 0.010
313 364 11 13 0.010
