2_Demonstration_Demonstration_Or_Protest_2_430
44
109 237 50 70 0.905
607 124 49 72 0.850
287 208 51 70 0.847
350 183 47 60 0.844
490 136 56 88 0.829
856 220 52 60 0.808
0 136 19 71 0.801
761 146 45 60 0.798
678 121 57 87 0.785
234 216 36 43 0.712
859 165 46 56 0.693
653 104 44 70 0.674
816 121 33 46 0.449
501 96 35 40 0.319
15 364 57 69 0.307
438 235 41 55 0.147
349 524 64 49 0.098
970 520 39 53 0.097
479 92 50 57 0.081
55 215 23 27 0.069
473 97 38 49 0.058
186 418 42 57 0.050
937 564 30 24 0.036
49 312 28 39 0.030
507 99 25 27 0.029
673 102 56 72 0.029
33 306 15 21 0.027
81 233 15 21 0.024
809 121 28 42 0.020
4 141 25 72 0.019
370 501 58 73 0.017
297 501 72 75 0.017
757 127 46 59 0.017
237 433 37 56 0.017
31 351 52 71 0.016
946 562 20 21 0.015
769 119 44 57 0.015
463 82 44 57 0.014
63 219 20 23 0.014
281 496 48 74 0.012
160 177 30 47 0.012
470 55 44 51 0.011
966 514 32 48 0.011
40 291 31 54 0.011
