2_Demonstration_Demonstration_Or_Protest_2_368
102
738 216 26 36 0.800
643 230 18 24 0.795
374 222 17 23 0.795
519 220 18 21 0.747
301 234 13 18 0.730
878 241 21 33 0.723
608 239 24 26 0.705
34 249 14 17 0.702
956 279 14 18 0.673
427 229 11 15 0.654
175 240 13 17 0.654
723 238 14 19 0.648
72 234 10 11 0.622
827 240 11 14 0.567
977 261 17 21 0.565
5 217 15 17 0.563
459 238 13 17 0.515
572 220 19 23 0.513
150 219 11 13 0.486
205 248 14 16 0.460
87 214 9 13 0.441
776 246 10 12 0.425
128 207 8 10 0.399
52 210 9 13 0.395
564 243 13 17 0.337
1008 253 15 24 0.316
950 264 11 15 0.284
94 230 13 15 0.273
90 216 12 24 0.266
974 258 15 19 0.175
146 221 11 14 0.134
563 228 26 26 0.132
88 197 11 53 0.112
458 232 13 18 0.100
772 240 14 18 0.071
950 262 10 12 0.064
503 240 15 17 0.062
68 227 15 20 0.058
468 238 16 18 0.057
559 243 14 16 0.055
846 234 11 12 0.050
57 217 13 15 0.049
480 237 11 16 0.048
62 211 16 14 0.045
507 245 15 18 0.045
855 233 12 13 0.042
123 -1 9 9 0.040
1007 247 17 23 0.039
590 248 16 18 0.037
860 254 14 18 0.035
943 263 14 20 0.035
455 227 12 17 0.034
829 206 9 13 0.034
546 236 18 20 0.032
499 239 14 15 0.032
542 234 14 17 0.031
1 194 11 13 0.029
46 201 11 13 0.029
67 203 12 21 0.028
547 232 12 15 0.028
109 198 9 13 0.028
874 236 9 11 0.028
1004 234 15 22 0.027
478 241 12 15 0.026
349 230 10 14 0.023
130 217 11 18 0.023
402 207 12 18 0.023
939 268 13 18 0.023
87 210 10 13 0.022
846 231 22 17 0.022
839 235 23 14 0.022
873 248 18 26 0.021
40 249 13 17 0.021
31 245 13 18 0.021
697 256 17 18 0.021
694 261 18 19 0.020
966 256 14 16 0.020
593 245 19 21 0.019
82 205 22 50 0.019
216 230 10 12 0.018
247 230 12 14 0.018
961 282 15 18 0.018
540 240 12 16 0.018
213 234 15 17 0.018
1012 262 11 20 0.017
872 233 14 27 0.017
174 229 12 17 0.017
482 243 12 15 0.017
40 224 13 15 0.016
109 195 8 12 0.015
945 279 17 19 0.015
730 216 23 31 0.015
702 252 14 17 0.015
843 242 15 14 0.015
494 242 31 19 0.014
250 237 12 16 0.013
171 245 13 16 0.013
54 213 15 29 0.013
50 176 29 89 0.013
480 235 43 29 0.012
112 228 15 17 0.011
249 227 9 13 0.010
