2_Demonstration_Protesters_2_738
34
306 58 57 73 0.874
1 1213 108 212 0.862
462 101 106 127 0.857
235 875 128 154 0.857
726 1009 116 162 0.856
926 1032 95 185 0.848
219 30 77 97 0.824
778 183 56 88 0.798
813 80 41 48 0.750
670 687 39 44 0.642
576 691 30 31 0.587
981 8 40 54 0.289
13 731 39 42 0.161
304 711 37 43 0.139
446 1403 92 26 0.137
638 704 21 27 0.111
685 5 24 29 0.108
151 124 17 21 0.051
307 712 24 30 0.046
1 733 30 39 0.045
218 695 25 26 0.036
97 147 16 19 0.030
574 701 29 30 0.028
463 700 15 18 0.027
656 694 28 33 0.024
155 117 19 22 0.023
184 700 33 36 0.020
723 702 14 18 0.020
303 705 53 62 0.018
-1 734 16 31 0.017
143 803 81 102 0.014
162 110 23 23 0.014
707 693 31 35 0.011
628 705 24 28 0.011
