2_Demonstration_Protesters_2_531
1668
116 507 20 25 0.875
121 473 17 21 0.872
124 537 19 25 0.862
927 539 21 28 0.855
979 434 18 24 0.854
364 582 22 26 0.845
96 424 17 22 0.843
91 278 14 17 0.839
801 288 14 17 0.838
161 642 21 26 0.838
407 475 17 24 0.837
314 490 17 24 0.836
455 509 18 24 0.836
399 250 14 17 0.830
60 491 18 22 0.829
156 472 17 23 0.827
493 445 18 22 0.826
282 498 19 23 0.823
918 481 20 26 0.823
227 649 20 27 0.822
453 319 15 19 0.821
618 433 18 24 0.821
571 549 18 23 0.821
644 478 17 23 0.820
586 492 17 23 0.820
879 538 19 24 0.820
903 363 16 20 0.816
663 542 18 27 0.816
20 435 17 21 0.815
170 510 18 24 0.813
1002 578 20 26 0.812
605 328 16 21 0.811
294 650 21 27 0.811
279 326 15 20 0.810
695 322 15 18 0.809
591 260 13 17 0.807
13 565 21 27 0.807
822 229 12 16 0.806
975 298 13 17 0.806
996 645 19 26 0.805
234 489 16 23 0.805
749 488 16 21 0.803
411 229 13 15 0.802
961 421 15 20 0.802
107 582 19 26 0.801
265 275 13 18 0.800
842 262 14 18 0.800
451 237 13 16 0.799
797 267 13 16 0.799
751 362 15 19 0.799
894 406 18 22 0.799
335 511 19 22 0.799
828 403 17 19 0.798
972 218 14 18 0.797
24 517 20 23 0.794
516 462 19 22 0.793
430 413 16 19 0.790
584 327 14 17 0.788
881 233 14 18 0.787
933 259 14 18 0.787
347 413 17 22 0.787
960 312 13 19 0.786
681 246 13 16 0.784
500 313 14 19 0.784
399 506 18 23 0.784
767 539 20 25 0.783
241 227 13 15 0.780
847 196 12 16 0.780
570 305 14 18 0.780
81 458 19 25 0.779
94 239 13 17 0.778
607 243 12 17 0.778
989 264 14 17 0.778
843 329 14 17 0.778
844 412 17 22 0.778
246 472 16 23 0.778
413 521 20 26 0.778
888 191 14 18 0.775
814 106 11 13 0.774
11 413 17 22 0.774
192 431 15 22 0.774
498 283 14 19 0.773
420 338 13 16 0.773
795 391 14 20 0.773
274 464 15 21 0.773
739 331 15 19 0.771
990 388 16 23 0.771
356 300 15 18 0.770
602 455 18 22 0.770
777 284 11 16 0.768
615 302 14 19 0.768
655 315 13 18 0.767
378 260 13 17 0.765
22 473 16 19 0.765
866 460 20 24 0.765
584 208 12 16 0.763
565 277 13 17 0.763
278 436 17 21 0.763
784 486 18 23 0.762
808 358 14 18 0.761
893 109 11 14 0.759
479 426 16 21 0.759
496 193 12 16 0.758
958 236 13 19 0.758
135 302 14 17 0.758
0 604 11 25 0.757
744 246 12 16 0.756
39 285 13 17 0.756
835 312 14 18 0.756
680 388 17 21 0.756
143 405 18 23 0.756
897 310 14 18 0.754
344 286 12 16 0.753
21 362 17 21 0.753
872 222 13 17 0.752
632 408 16 19 0.752
247 373 14 18 0.750
425 207 12 16 0.742
501 226 13 16 0.742
684 474 16 21 0.742
453 203 14 18 0.739
774 259 12 17 0.739
415 444 18 22 0.739
668 233 12 17 0.737
458 138 11 14 0.735
475 311 13 17 0.735
581 286 13 17 0.730
141 620 19 25 0.730
308 211 11 14 0.729
470 279 14 18 0.727
49 372 15 19 0.726
184 210 12 15 0.725
126 217 13 16 0.725
656 264 14 19 0.725
996 318 15 18 0.725
749 421 17 21 0.725
22 242 13 16 0.725
355 157 11 13 0.723
748 172 12 15 0.723
942 224 13 16 0.722
57 298 13 16 0.720
472 404 16 18 0.720
713 189 12 15 0.715
54 316 13 18 0.711
924 331 15 16 0.711
785 437 17 23 0.711
348 449 17 20 0.711
267 573 18 23 0.709
422 129 10 15 0.708
237 285 14 18 0.708
822 132 11 13 0.706
731 232 12 15 0.706
376 425 16 17 0.706
868 248 13 17 0.704
423 299 14 17 0.704
899 264 13 16 0.702
743 74 9 11 0.701
411 156 12 15 0.701
708 167 11 14 0.701
206 188 12 15 0.699
320 175 12 14 0.699
322 224 13 16 0.697
663 355 14 17 0.697
723 248 13 19 0.695
990 164 13 15 0.694
340 213 12 16 0.694
355 223 11 14 0.694
0 324 10 16 0.690
135 247 13 18 0.690
116 319 13 18 0.690
734 26 8 10 0.688
636 94 9 13 0.688
636 237 13 17 0.688
369 381 16 18 0.688
794 117 9 14 0.684
409 198 12 16 0.684
731 196 12 17 0.682
298 384 15 20 0.682
628 390 15 19 0.682
810 256 13 16 0.681
541 216 12 18 0.678
355 479 16 19 0.677
366 243 13 14 0.673
995 67 10 13 0.671
863 179 12 16 0.671
268 154 11 14 0.669
684 173 10 13 0.669
151 324 12 15 0.669
552 177 11 15 0.667
773 123 10 13 0.665
482 147 11 14 0.665
873 141 11 13 0.665
317 253 13 17 0.665
713 117 10 13 0.663
73 223 11 13 0.661
98 216 12 14 0.661
996 3 7 10 0.658
909 182 12 17 0.658
11 205 11 14 0.658
787 569 17 21 0.658
701 412 16 19 0.656
70 205 13 16 0.654
888 384 15 19 0.654
743 109 10 13 0.652
711 298 15 18 0.652
686 446 14 19 0.652
829 187 11 16 0.650
155 283 14 19 0.650
517 503 17 20 0.648
466 481 18 22 0.648
518 566 19 23 0.647
344 340 16 20 0.646
676 141 11 14 0.644
535 320 13 16 0.644
37 354 15 20 0.642
679 196 13 17 0.640
0 284 7 21 0.640
163 194 11 14 0.634
38 314 13 17 0.634
758 90 11 14 0.630
44 49 8 13 0.627
210 269 14 17 0.627
201 295 13 16 0.627
139 145 10 13 0.626
525 303 13 16 0.624
958 179 11 15 0.619
817 10 9 11 0.617
280 105 10 12 0.617
210 118 10 12 0.617
245 117 9 13 0.617
1011 419 13 19 0.617
911 103 10 13 0.613
717 270 13 17 0.611
943 93 10 13 0.609
183 165 10 13 0.609
202 311 14 18 0.609
416 574 14 22 0.608
816 75 9 10 0.607
1006 227 13 17 0.606
277 227 12 14 0.603
33 163 11 14 0.601
228 245 13 15 0.601
850 360 16 20 0.601
427 84 8 11 0.597
716 89 11 14 0.597
581 243 12 15 0.597
209 92 10 12 0.594
866 119 10 13 0.593
941 161 12 15 0.593
633 341 13 16 0.591
668 22 8 12 0.588
883 100 10 12 0.586
286 162 10 13 0.586
48 228 10 14 0.586
394 136 10 13 0.582
730 3 7 10 0.580
794 152 9 12 0.578
363 173 11 12 0.578
126 381 13 17 0.575
293 144 9 12 0.571
72 315 13 17 0.571
787 323 15 19 0.570
550 89 10 13 0.565
489 124 11 13 0.565
634 214 12 16 0.563
329 240 13 15 0.563
776 451 17 21 0.563
859 73 10 12 0.560
273 183 12 15 0.560
303 133 8 11 0.558
300 166 11 12 0.558
542 118 11 14 0.556
173 238 12 15 0.554
64 261 13 15 0.554
103 266 11 14 0.550
468 369 15 19 0.547
594 112 12 13 0.545
417 280 14 16 0.545
156 5 9 9 0.543
610 117 11 13 0.541
698 142 9 13 0.541
759 150 10 13 0.541
295 186 10 12 0.539
691 30 9 11 0.536
891 1 8 10 0.532
513 119 10 13 0.532
379 207 11 12 0.532
667 383 13 17 0.532
691 119 9 12 0.530
20 611 20 29 0.530
513 2 10 11 0.528
235 184 11 13 0.525
968 277 13 16 0.525
601 94 9 13 0.524
896 291 14 20 0.517
581 11 8 11 0.517
939 1 10 11 0.515
353 113 10 12 0.515
989 182 11 13 0.515
49 192 12 14 0.515
370 291 13 16 0.515
243 154 10 13 0.510
548 4 8 10 0.508
197 254 13 16 0.508
594 177 12 13 0.505
755 405 18 19 0.504
328 30 9 11 0.499
253 90 9 10 0.499
299 99 9 11 0.499
279 139 10 14 0.499
342 395 14 18 0.499
149 25 8 10 0.495
347 36 9 11 0.493
357 136 10 12 0.493
126 195 11 13 0.493
616 359 14 17 0.490
2 497 13 20 0.490
230 99 9 11 0.486
766 228 12 16 0.486
649 79 9 12 0.484
848 241 12 15 0.484
518 321 12 16 0.484
778 15 10 13 0.482
424 65 10 12 0.482
898 171 11 15 0.482
0 189 10 14 0.477
964 4 8 10 0.475
61 182 11 13 0.473
384 254 13 17 0.473
665 -2 8 9 0.471
180 128 9 12 0.471
546 62 9 11 0.468
978 13 9 11 0.464
389 68 8 11 0.464
228 128 9 13 0.464
987 334 14 16 0.464
152 41 8 10 0.460
780 75 11 14 0.460
785 204 11 14 0.460
455 352 13 18 0.460
7 61 9 12 0.457
527 63 9 11 0.457
405 124 9 11 0.457
988 210 11 14 0.457
676 280 14 16 0.457
958 22 9 12 0.455
293 117 11 12 0.453
546 31 7 10 0.451
363 48 8 10 0.451
598 110 10 13 0.451
678 119 11 14 0.451
176 6 9 11 0.449
1007 31 10 11 0.449
626 111 10 12 0.449
0 86 6 14 0.444
1002 48 10 12 0.442
387 119 11 13 0.442
964 99 11 13 0.440
801 187 11 14 0.440
682 14 10 12 0.438
336 49 10 11 0.438
583 94 10 13 0.438
497 370 16 19 0.438
896 77 10 12 0.436
431 116 11 13 0.433
643 182 10 13 0.433
161 140 10 12 0.431
354 195 10 14 0.431
758 316 11 16 0.429
436 28 9 11 0.427
673 72 8 12 0.425
891 163 10 13 0.425
335 136 9 13 0.423
515 136 10 13 0.423
195 125 9 12 0.421
77 157 11 13 0.421
874 227 15 20 0.421
142 3 8 9 0.416
609 53 9 11 0.416
572 116 9 13 0.416
90 61 8 12 0.412
784 91 10 13 0.410
659 53 8 11 0.408
756 332 12 16 0.408
620 85 9 12 0.405
471 97 9 11 0.405
456 222 12 16 0.405
568 53 9 13 0.401
586 55 9 11 0.401
815 85 10 14 0.401
847 85 11 13 0.399
423 17 9 11 0.397
130 24 8 10 0.397
463 39 9 12 0.397
669 91 10 12 0.397
978 37 8 11 0.395
347 68 9 11 0.393
573 105 10 14 0.393
375 124 10 12 0.393
835 112 9 13 0.393
228 220 10 13 0.393
500 102 8 13 0.391
1004 105 11 13 0.391
111 47 7 10 0.388
387 47 9 11 0.386
993 324 15 19 0.386
759 0 9 9 0.384
633 303 13 16 0.384
566 8 8 11 0.380
975 85 10 13 0.380
207 260 14 19 0.379
289 19 8 12 0.378
761 14 8 10 0.378
62 41 9 11 0.378
96 170 10 14 0.378
286 203 10 13 0.378
171 221 12 14 0.378
350 343 18 19 0.378
641 30 9 11 0.376
114 169 9 13 0.376
744 17 8 11 0.370
368 71 9 11 0.370
754 119 10 13 0.370
172 24 9 10 0.368
509 58 8 11 0.368
272 85 10 12 0.368
620 188 11 13 0.368
493 0 7 9 0.365
218 156 10 12 0.365
511 35 9 12 0.364
710 43 10 13 0.364
111 104 9 11 0.364
1 531 10 19 0.361
246 311 14 19 0.353
146 61 9 11 0.351
317 111 11 13 0.349
137 454 15 20 0.345
641 122 10 12 0.343
589 112 10 14 0.339
342 371 13 16 0.339
923 23 8 11 0.337
468 73 10 12 0.333
362 93 11 13 0.333
970 284 13 23 0.333
708 -1 9 9 0.331
434 4 10 13 0.331
614 67 8 11 0.331
805 23 11 13 0.329
868 39 9 12 0.329
518 93 10 14 0.329
1007 55 10 14 0.327
423 108 9 11 0.327
391 101 8 11 0.325
981 117 10 13 0.325
856 164 12 15 0.325
725 288 13 17 0.325
359 23 9 11 0.324
451 28 9 11 0.324
661 118 10 14 0.324
838 407 18 24 0.319
741 20 9 10 0.318
654 109 10 13 0.318
908 80 11 13 0.316
466 2 9 10 0.314
635 57 9 13 0.312
255 324 15 19 0.307
464 361 18 19 0.304
913 17 8 9 0.302
803 26 11 12 0.302
815 79 10 16 0.302
504 170 12 14 0.301
520 74 10 12 0.301
332 122 10 13 0.301
781 165 10 12 0.301
250 319 16 21 0.295
20 71 9 11 0.289
819 204 11 14 0.289
825 356 13 17 0.284
748 184 11 19 0.282
874 19 8 11 0.280
537 99 10 14 0.280
517 413 13 17 0.279
874 442 18 20 0.279
3 454 14 18 0.275
716 16 9 11 0.273
309 194 10 13 0.273
806 0 7 9 0.271
180 212 13 15 0.270
765 215 12 14 0.268
318 108 11 13 0.266
298 36 9 11 0.263
16 403 17 20 0.261
123 86 9 11 0.259
704 24 9 14 0.258
448 76 9 11 0.258
871 0 8 9 0.251
246 43 11 11 0.251
0 217 6 16 0.251
211 259 14 19 0.249
798 30 10 12 0.246
704 110 10 12 0.244
85 49 9 11 0.243
171 111 9 13 0.243
870 106 10 15 0.243
466 21 8 12 0.241
250 44 9 12 0.241
488 79 11 13 0.239
56 254 12 13 0.239
95 29 9 11 0.238
77 49 10 11 0.238
0 162 9 14 0.238
757 320 11 26 0.238
310 8 9 12 0.236
868 34 9 11 0.236
147 89 11 11 0.236
445 99 10 14 0.236
390 191 12 14 0.236
705 2 9 12 0.235
529 208 13 16 0.234
231 142 11 13 0.233
467 351 15 18 0.233
478 142 12 17 0.232
701 8 11 11 0.231
916 17 10 12 0.231
88 57 10 12 0.231
838 316 15 23 0.231
494 1 11 9 0.228
406 2 8 10 0.228
568 36 9 12 0.228
109 123 10 13 0.228
543 35 8 11 0.227
270 60 10 13 0.227
160 271 14 17 0.227
759 142 10 28 0.226
1001 28 10 12 0.225
596 0 8 10 0.223
601 87 9 24 0.223
747 192 11 14 0.223
621 16 10 12 0.222
592 27 10 14 0.222
741 46 10 14 0.220
175 67 8 10 0.220
722 295 15 20 0.219
450 115 11 13 0.216
966 299 15 21 0.216
682 168 11 28 0.214
366 32 10 17 0.213
976 114 11 14 0.213
321 160 9 13 0.211
963 144 11 13 0.208
75 127 12 15 0.207
882 259 29 18 0.203
344 2 8 10 0.202
184 162 15 14 0.202
656 410 12 17 0.202
400 81 10 12 0.201
895 78 23 13 0.200
346 291 18 20 0.200
467 35 9 11 0.199
223 39 7 10 0.198
272 46 10 13 0.197
500 39 9 11 0.197
315 74 8 12 0.197
50 189 15 15 0.197
511 22 12 11 0.195
692 85 12 16 0.195
590 72 12 12 0.194
335 88 10 13 0.194
176 22 9 16 0.192
759 2 9 12 0.192
654 250 12 15 0.190
179 27 10 11 0.188
719 439 17 19 0.188
1004 98 11 14 0.187
472 1 10 10 0.186
374 23 10 12 0.186
57 26 8 14 0.186
662 46 9 13 0.186
227 78 10 12 0.186
507 132 10 14 0.186
485 12 10 12 0.184
407 43 9 12 0.184
361 81 9 16 0.184
856 169 11 15 0.184
604 20 9 15 0.183
654 388 16 17 0.183
575 69 12 13 0.182
176 119 10 14 0.182
549 138 10 12 0.182
785 192 11 34 0.180
455 4 9 14 0.179
255 359 12 16 0.179
669 438 13 17 0.179
374 0 7 9 0.178
273 81 11 13 0.176
328 117 12 13 0.176
357 180 11 27 0.176
94 166 11 14 0.175
863 155 10 57 0.175
891 167 11 15 0.174
675 15 17 12 0.172
384 32 10 11 0.172
93 79 10 12 0.172
287 72 10 14 0.171
51 86 9 12 0.171
854 159 12 17 0.171
654 398 13 25 0.171
655 100 10 14 0.170
309 167 17 15 0.169
364 73 11 14 0.168
609 566 20 22 0.167
480 105 10 16 0.166
116 136 10 12 0.166
45 315 20 18 0.166
289 15 9 11 0.164
694 86 12 22 0.164
1 455 14 28 0.164
152 30 7 27 0.163
100 188 11 13 0.163
725 233 14 21 0.163
326 108 10 14 0.161
673 382 16 21 0.161
524 13 13 13 0.160
96 144 11 13 0.160
225 215 11 13 0.160
245 1 8 9 0.159
601 3 10 20 0.159
449 19 9 27 0.159
542 71 10 13 0.158
400 74 9 24 0.157
492 83 17 13 0.157
244 94 11 13 0.157
320 100 12 15 0.157
873 113 10 64 0.156
552 115 12 14 0.154
748 298 12 16 0.154
0 359 7 19 0.154
92 177 14 14 0.153
59 317 17 19 0.153
324 60 8 20 0.152
442 93 10 15 0.152
873 101 13 14 0.152
998 136 11 14 0.152
679 443 16 19 0.152
642 0 10 8 0.151
459 111 13 12 0.151
492 413 15 18 0.151
23 463 15 86 0.150
965 94 12 21 0.150
305 41 13 17 0.148
375 54 10 18 0.147
264 73 9 13 0.147
640 190 12 16 0.147
718 262 13 32 0.147
600 5 9 11 0.147
704 0 8 22 0.146
165 97 9 13 0.146
81 115 10 12 0.146
565 90 10 14 0.145
815 89 10 29 0.145
246 118 14 14 0.145
777 324 22 18 0.144
497 412 11 14 0.144
780 81 9 13 0.143
16 122 8 11 0.143
111 130 10 14 0.143
670 426 15 25 0.143
567 0 9 12 0.142
255 7 8 10 0.142
323 69 9 16 0.142
472 230 10 13 0.142
328 8 10 11 0.141
427 189 12 15 0.141
18 291 11 16 0.141
214 6 7 11 0.140
844 104 14 13 0.140
671 419 16 16 0.140
980 9 10 11 0.139
459 77 10 21 0.136
302 234 11 15 0.135
1 473 12 18 0.135
900 174 14 18 0.135
252 136 10 13 0.134
291 191 10 14 0.134
246 90 11 11 0.133
485 106 16 14 0.133
288 21 9 22 0.131
878 227 15 27 0.131
25 319 13 16 0.131
265 37 9 11 0.130
693 41 10 16 0.130
756 50 11 13 0.130
778 160 13 13 0.130
1015 344 9 17 0.130
898 239 16 56 0.130
998 139 12 20 0.129
160 182 11 14 0.129
583 235 15 20 0.129
301 248 12 16 0.129
401 237 14 36 0.129
659 256 16 33 0.128
663 357 14 31 0.127
548 29 8 11 0.127
336 75 10 26 0.127
441 82 12 13 0.127
381 26 10 15 0.126
401 277 11 15 0.126
751 344 16 45 0.125
781 0 11 12 0.124
174 42 9 11 0.124
706 64 14 15 0.124
115 99 11 15 0.124
744 150 12 14 0.124
330 9 13 11 0.123
396 10 9 19 0.123
508 21 11 12 0.123
699 71 9 12 0.123
257 259 13 15 0.123
804 188 13 25 0.122
496 250 12 14 0.122
218 169 11 14 0.121
514 111 10 51 0.120
775 121 13 14 0.120
845 150 11 15 0.120
630 10 10 13 0.119
546 131 13 18 0.119
727 70 10 12 0.119
330 18 9 23 0.119
726 44 14 18 0.119
388 61 9 22 0.119
892 185 13 32 0.118
695 45 10 11 0.118
812 86 10 21 0.118
627 63 11 24 0.117
338 6 10 11 0.116
631 128 11 13 0.116
437 73 17 17 0.115
264 120 13 13 0.115
158 387 14 15 0.115
396 4 10 20 0.114
813 436 14 18 0.114
837 1 7 10 0.113
388 42 11 18 0.113
392 68 15 20 0.113
128 99 10 14 0.113
709 56 10 20 0.110
496 354 15 18 0.110
418 394 16 18 0.110
452 2 10 11 0.110
319 75 11 13 0.109
470 348 12 14 0.109
107 66 9 14 0.107
131 245 13 16 0.107
1 355 9 18 0.107
914 9 8 27 0.106
84 33 9 12 0.106
782 74 9 27 0.106
588 458 18 76 0.106
939 92 11 13 0.104
557 212 11 15 0.104
710 88 16 21 0.104
396 1 13 9 0.103
760 2 8 24 0.103
544 25 9 17 0.103
962 115 10 20 0.102
589 223 14 18 0.102
661 118 18 15 0.101
441 373 15 19 0.101
429 447 15 20 0.101
473 460 16 19 0.101
615 40 12 24 0.100
298 163 18 15 0.100
636 306 15 18 0.100
305 38 13 13 0.100
531 109 12 14 0.100
212 22 8 13 0.098
622 13 14 20 0.098
480 55 9 16 0.098
243 5 8 10 0.097
5 150 11 16 0.097
1010 213 11 17 0.097
802 -1 11 10 0.096
978 41 10 13 0.096
722 68 16 17 0.096
912 155 10 13 0.096
333 411 15 20 0.096
395 29 13 19 0.096
194 155 11 16 0.096
623 291 13 17 0.096
334 370 15 17 0.096
534 36 8 11 0.095
386 250 28 19 0.095
847 81 11 30 0.095
261 115 9 12 0.095
788 193 14 24 0.095
930 211 10 16 0.095
294 108 11 23 0.094
631 110 13 22 0.094
222 321 12 16 0.094
539 0 10 12 0.093
761 -2 18 15 0.093
635 46 10 17 0.093
192 59 11 11 0.093
1018 191 6 16 0.093
44 26 8 13 0.092
957 110 12 13 0.092
840 97 11 14 0.092
523 190 10 13 0.091
396 227 12 15 0.091
481 244 10 14 0.091
782 149 9 43 0.090
164 407 12 17 0.090
787 3 9 11 0.089
165 347 15 18 0.089
342 347 14 61 0.089
382 192 16 27 0.089
489 70 9 23 0.089
868 235 15 33 0.088
636 25 10 24 0.087
144 86 13 22 0.087
1011 373 12 22 0.087
315 45 9 12 0.087
250 3 9 10 0.087
638 0 9 9 0.087
989 339 14 16 0.087
615 32 10 22 0.086
747 160 12 27 0.086
288 69 13 20 0.085
397 32 9 13 0.085
873 2 8 26 0.085
612 48 9 29 0.085
629 159 10 14 0.085
119 179 12 14 0.085
527 197 12 27 0.085
20 298 11 16 0.085
77 114 12 28 0.084
187 237 12 15 0.084
319 462 16 21 0.084
523 61 11 26 0.083
6 438 13 20 0.083
827 148 10 14 0.083
90 31 16 10 0.083
93 141 11 14 0.082
264 145 11 13 0.082
418 68 16 14 0.082
305 121 11 25 0.082
16 162 9 14 0.082
262 187 10 13 0.082
432 84 19 11 0.082
475 75 12 26 0.081
970 87 11 14 0.081
414 99 12 14 0.081
337 82 11 16 0.081
825 138 12 20 0.080
237 242 12 85 0.080
692 21 12 25 0.080
799 81 13 16 0.080
376 171 10 13 0.080
16 319 14 14 0.080
367 34 14 12 0.080
406 28 10 23 0.079
680 276 13 16 0.079
406 335 10 14 0.079
210 495 12 18 0.079
84 114 10 12 0.078
902 208 11 15 0.078
359 477 19 20 0.078
529 0 13 13 0.078
327 255 13 16 0.078
499 365 16 18 0.078
532 527 17 20 0.078
781 45 8 71 0.078
253 5 9 11 0.077
869 19 10 14 0.077
863 98 14 15 0.077
861 175 12 17 0.077
546 212 17 18 0.077
984 0 9 10 0.077
798 45 10 14 0.077
44 52 10 14 0.077
466 61 9 19 0.077
677 52 9 13 0.077
11 151 13 14 0.077
231 316 15 17 0.077
327 344 14 18 0.077
779 49 9 12 0.076
390 84 12 13 0.076
57 23 8 11 0.075
598 205 13 15 0.075
377 244 13 45 0.075
870 5 7 66 0.075
958 0 9 63 0.075
70 249 11 15 0.074
728 51 10 27 0.073
72 50 20 10 0.073
628 189 16 19 0.072
639 271 13 18 0.072
410 202 31 20 0.072
494 64 11 19 0.072
841 86 12 14 0.072
475 179 10 14 0.072
313 73 9 29 0.071
99 12 8 10 0.070
186 36 9 14 0.070
487 59 11 22 0.070
682 120 9 93 0.070
881 64 11 81 0.070
238 43 13 13 0.070
553 180 15 15 0.070
494 367 17 18 0.070
374 294 12 17 0.069
271 456 16 26 0.069
621 17 17 11 0.069
865 110 11 23 0.069
712 145 10 13 0.069
416 385 14 25 0.069
315 43 12 20 0.068
154 86 16 23 0.068
608 319 16 46 0.068
488 -3 10 24 0.068
301 229 11 16 0.067
184 60 11 13 0.067
542 107 11 30 0.067
933 158 10 14 0.067
264 34 8 12 0.067
53 307 16 33 0.066
813 99 10 22 0.066
354 470 18 21 0.066
371 0 8 9 0.065
324 145 10 25 0.065
999 91 11 14 0.064
829 153 12 14 0.064
439 167 10 14 0.064
405 328 12 16 0.064
661 340 12 16 0.064
844 231 13 70 0.064
798 150 13 13 0.063
270 315 15 19 0.063
541 313 13 17 0.063
401 2 12 9 0.063
926 113 10 13 0.063
604 429 15 18 0.063
484 128 10 43 0.063
915 83 15 13 0.062
941 161 24 26 0.062
920 30 9 12 0.062
47 93 9 12 0.061
1013 265 11 16 0.061
70 177 10 75 0.061
197 58 10 12 0.061
703 290 15 23 0.061
180 304 13 16 0.061
713 35 12 17 0.060
740 95 10 22 0.060
211 60 8 76 0.060
635 201 11 57 0.060
455 347 19 38 0.059
310 2 9 11 0.059
567 31 16 20 0.059
162 94 11 13 0.059
18 150 12 14 0.059
927 248 13 16 0.058
9 605 19 27 0.058
773 114 11 26 0.058
525 2 12 20 0.058
255 136 12 14 0.058
463 -1 10 23 0.058
195 82 9 12 0.058
704 384 14 18 0.058
310 171 24 15 0.057
531 34 14 14 0.057
433 114 12 18 0.057
569 0 10 9 0.057
173 4 10 11 0.057
743 33 9 87 0.056
304 171 15 94 0.056
134 47 9 12 0.056
975 76 11 18 0.056
395 7 8 16 0.056
795 177 19 42 0.056
893 72 14 23 0.056
182 375 14 18 0.056
366 33 8 33 0.056
93 6 8 10 0.055
525 72 15 28 0.055
1002 160 12 13 0.055
417 212 13 25 0.055
594 226 13 15 0.055
10 315 17 17 0.055
628 37 14 27 0.055
854 130 12 14 0.054
848 170 12 58 0.054
586 156 11 101 0.054
986 0 10 11 0.054
795 212 9 15 0.054
469 1 19 9 0.053
816 201 12 96 0.053
406 -3 11 23 0.053
75 153 11 14 0.052
450 156 13 13 0.052
300 252 11 15 0.052
764 301 13 17 0.052
722 232 16 44 0.052
443 80 8 33 0.052
387 71 25 12 0.052
214 18 12 14 0.052
73 75 11 12 0.052
642 111 12 22 0.052
927 109 11 14 0.052
83 115 15 22 0.052
662 270 17 20 0.052
130 278 12 14 0.052
329 373 13 17 0.052
459 483 18 25 0.052
879 98 16 17 0.051
1 42 7 10 0.051
12 156 15 22 0.051
323 156 13 15 0.051
770 223 13 17 0.051
768 -3 15 26 0.051
100 15 9 18 0.051
398 58 12 17 0.051
168 315 15 18 0.051
619 385 16 20 0.051
113 128 9 21 0.050
195 61 10 12 0.050
941 29 10 12 0.050
65 54 13 12 0.050
76 149 12 24 0.050
739 149 12 16 0.049
784 173 12 14 0.049
565 479 17 23 0.049
379 166 13 96 0.049
874 331 11 14 0.049
68 114 11 12 0.049
651 0 10 12 0.048
9 46 9 13 0.048
108 46 11 28 0.048
639 61 14 30 0.048
382 236 15 23 0.048
823 297 15 19 0.048
495 89 12 28 0.047
829 142 14 25 0.047
86 181 13 14 0.047
74 78 13 13 0.047
130 377 17 19 0.047
194 54 10 26 0.047
372 99 12 22 0.047
1015 255 9 16 0.047
164 321 14 18 0.047
381 337 12 16 0.047
427 281 14 18 0.046
522 572 17 24 0.046
320 126 10 96 0.046
293 72 11 19 0.046
574 127 10 17 0.046
759 0 25 9 0.046
457 73 15 28 0.045
186 6 8 11 0.045
372 168 11 15 0.045
260 190 10 16 0.045
483 243 12 14 0.045
364 348 13 16 0.045
503 242 18 19 0.045
610 306 18 84 0.045
713 265 14 18 0.045
522 415 13 18 0.045
542 466 14 18 0.045
695 44 12 21 0.044
877 192 14 85 0.044
654 94 9 26 0.044
790 100 12 14 0.044
348 240 13 15 0.044
572 234 12 16 0.044
131 384 19 21 0.044
772 447 18 21 0.044
210 26 9 12 0.044
75 112 11 57 0.044
575 228 14 18 0.043
211 491 16 21 0.043
139 0 9 10 0.043
471 114 13 23 0.043
391 225 14 17 0.043
110 313 15 19 0.043
287 385 18 19 0.043
541 76 17 25 0.043
414 378 14 18 0.043
576 50 20 23 0.042
822 110 10 48 0.042
763 1 20 15 0.042
570 250 11 96 0.042
499 249 12 95 0.042
289 9 11 11 0.042
723 225 14 18 0.042
432 190 13 15 0.042
153 517 15 20 0.042
726 302 13 17 0.041
300 31 9 33 0.041
709 208 11 15 0.041
462 110 12 21 0.041
635 17 9 37 0.041
341 327 14 19 0.041
177 110 9 35 0.041
742 0 13 11 0.041
411 46 15 24 0.041
98 165 13 15 0.041
510 158 11 18 0.041
547 298 14 18 0.041
610 375 13 18 0.041
611 369 16 22 0.041
236 150 11 64 0.040
5 32 7 82 0.040
514 243 14 16 0.040
422 416 17 20 0.040
733 93 11 14 0.040
713 42 10 12 0.040
490 32 13 21 0.040
486 37 18 22 0.040
528 214 15 18 0.040
463 17 8 42 0.040
838 -1 9 9 0.040
139 106 11 15 0.040
852 144 15 16 0.040
744 301 16 20 0.040
361 173 11 26 0.039
331 3 7 33 0.039
799 242 13 72 0.039
915 0 9 9 0.039
163 383 13 17 0.039
395 199 11 15 0.039
585 278 47 59 0.039
669 129 12 25 0.039
659 236 16 21 0.039
367 65 11 36 0.039
883 51 11 13 0.039
696 148 11 15 0.039
672 292 17 23 0.039
87 314 14 17 0.039
645 431 15 18 0.039
358 93 8 111 0.038
488 105 13 47 0.038
247 350 16 19 0.038
440 81 27 16 0.038
800 -4 13 73 0.038
936 13 16 24 0.038
304 43 14 28 0.038
445 99 17 30 0.038
559 218 14 17 0.038
680 477 17 22 0.038
213 4 7 10 0.038
630 -5 13 33 0.038
223 19 8 10 0.038
49 73 11 18 0.038
347 155 12 14 0.038
641 287 14 22 0.038
435 369 14 19 0.038
96 165 20 21 0.037
957 215 15 55 0.037
134 275 16 86 0.037
298 38 27 11 0.037
674 49 16 13 0.037
576 180 14 16 0.037
642 267 13 18 0.037
484 292 13 17 0.037
870 334 15 20 0.037
731 170 20 61 0.037
460 -1 27 20 0.037
249 1 9 9 0.037
173 42 16 13 0.037
406 154 13 19 0.037
247 5 10 83 0.036
67 156 11 93 0.036
170 350 18 18 0.036
657 382 15 18 0.036
389 0 13 8 0.036
568 36 16 29 0.036
236 194 11 14 0.036
640 315 14 17 0.036
33 586 17 20 0.036
335 128 11 30 0.036
582 311 45 48 0.036
38 261 31 72 0.035
189 41 10 22 0.035
291 49 16 28 0.035
216 112 13 13 0.035
133 363 14 16 0.035
331 414 13 21 0.035
268 94 9 110 0.035
962 155 11 16 0.035
592 306 12 17 0.035
321 153 12 53 0.035
595 0 19 9 0.035
374 470 15 19 0.035
508 502 14 19 0.035
615 388 13 18 0.035
701 375 15 28 0.035
43 62 10 14 0.034
505 136 10 14 0.034
1 523 11 20 0.034
71 110 14 29 0.034
754 119 11 22 0.034
3 186 11 15 0.034
116 326 13 17 0.034
674 86 27 12 0.034
215 4 9 10 0.034
546 179 16 18 0.034
162 236 11 15 0.034
36 333 13 17 0.034
778 -33 8 103 0.033
956 115 13 16 0.033
372 222 13 16 0.033
669 301 15 19 0.033
529 104 10 20 0.033
830 297 17 18 0.033
235 280 13 21 0.033
679 281 16 18 0.033
67 88 10 13 0.033
541 138 13 13 0.033
750 293 15 16 0.033
266 327 13 18 0.032
1011 56 9 23 0.032
188 361 14 20 0.032
142 397 34 31 0.032
319 210 11 86 0.032
345 93 24 13 0.032
960 36 13 17 0.032
931 18 24 13 0.032
538 292 14 16 0.032
688 285 19 18 0.032
887 388 19 24 0.032
570 475 15 20 0.032
743 91 13 53 0.031
13 75 11 26 0.031
1007 -5 8 101 0.031
469 35 18 29 0.031
300 376 16 27 0.031
610 384 14 19 0.031
889 102 11 15 0.031
514 563 18 22 0.031
244 -1 16 21 0.031
177 376 16 29 0.031
623 323 14 23 0.030
399 213 13 82 0.030
908 16 9 11 0.030
3 39 12 23 0.030
983 98 15 16 0.030
304 367 14 18 0.030
324 0 11 10 0.030
290 5 16 21 0.030
678 77 17 27 0.030
296 279 14 18 0.030
177 307 14 18 0.030
167 353 15 22 0.030
418 110 12 67 0.029
30 328 15 16 0.029
914 91 14 22 0.029
400 200 11 15 0.029
648 212 12 15 0.029
241 244 16 17 0.029
633 242 13 16 0.029
221 328 12 16 0.029
846 331 16 19 0.029
943 136 27 76 0.029
532 40 11 21 0.028
351 184 12 22 0.028
329 404 12 16 0.028
68 245 11 14 0.028
993 264 15 18 0.028
1003 109 10 13 0.028
200 132 12 14 0.028
289 178 14 39 0.028
50 53 11 78 0.028
1004 46 11 22 0.028
989 97 13 15 0.028
13 92 9 13 0.028
546 291 12 16 0.028
705 301 15 19 0.028
283 385 14 16 0.028
225 257 13 20 0.028
331 69 20 23 0.027
274 304 13 16 0.027
413 414 16 20 0.027
497 324 17 81 0.027
728 75 9 17 0.027
487 -10 13 39 0.027
921 35 9 12 0.027
80 160 12 20 0.027
868 56 12 15 0.027
1012 111 10 13 0.027
599 16 16 35 0.027
282 51 16 27 0.027
709 159 11 17 0.027
533 203 14 19 0.027
828 160 26 76 0.027
822 365 13 16 0.027
796 47 10 24 0.026
596 307 15 18 0.026
40 249 11 96 0.026
633 178 12 71 0.026
645 297 13 19 0.026
666 473 16 21 0.026
4 524 19 23 0.026
816 44 9 96 0.026
116 175 13 17 0.026
5 151 25 13 0.026
1001 105 13 25 0.025
471 181 12 15 0.025
102 356 13 19 0.025
518 82 11 38 0.025
187 349 14 17 0.025
466 458 19 21 0.025
950 61 10 16 0.025
926 244 11 16 0.025
585 226 35 58 0.025
394 -19 17 61 0.025
611 0 11 10 0.025
39 135 12 15 0.025
477 497 16 21 0.025
821 206 12 16 0.025
73 151 25 32 0.025
24 72 9 11 0.025
777 226 10 100 0.024
767 57 14 21 0.024
984 56 12 26 0.024
390 156 12 18 0.024
335 323 16 21 0.024
123 33 9 13 0.024
144 456 16 19 0.024
352 243 12 16 0.024
377 99 10 25 0.024
489 35 21 14 0.024
225 75 10 13 0.024
667 359 18 20 0.024
469 377 15 20 0.024
849 157 10 110 0.024
747 71 11 17 0.024
677 95 9 97 0.024
211 55 10 12 0.023
150 68 11 19 0.023
957 131 11 15 0.023
969 129 13 19 0.023
96 136 31 79 0.023
485 89 10 109 0.023
190 83 10 12 0.023
147 17 7 101 0.023
660 127 11 22 0.023
778 170 12 14 0.023
367 196 12 100 0.023
784 168 10 13 0.023
898 214 13 23 0.023
92 12 12 108 0.023
204 245 10 112 0.023
954 36 10 17 0.023
793 122 11 14 0.023
998 107 9 86 0.023
574 325 22 19 0.022
476 133 10 23 0.022
629 144 12 23 0.022
791 183 11 17 0.022
583 261 14 19 0.022
535 89 25 25 0.022
3 351 15 18 0.022
0 601 17 34 0.022
33 259 17 16 0.022
162 178 11 14 0.022
533 72 27 34 0.022
76 300 16 18 0.022
295 413 13 19 0.022
17 395 17 19 0.021
796 110 10 113 0.021
963 464 14 18 0.021
608 235 12 19 0.021
571 130 13 19 0.021
723 441 19 20 0.021
855 124 9 28 0.021
654 215 13 15 0.021
908 83 30 12 0.021
479 42 30 13 0.021
394 172 11 19 0.021
770 230 16 20 0.021
844 130 15 23 0.021
886 233 14 18 0.021
544 469 16 19 0.021
251 210 12 17 0.021
444 298 16 18 0.021
593 494 18 22 0.021
211 48 10 13 0.020
173 359 15 20 0.020
175 300 13 17 0.020
869 439 18 22 0.020
868 204 24 83 0.020
791 64 15 27 0.020
301 542 16 18 0.020
363 1 10 24 0.020
252 258 14 20 0.020
713 141 12 14 0.020
793 569 17 20 0.020
1001 134 10 14 0.020
588 99 23 51 0.020
724 207 18 92 0.020
966 263 13 17 0.020
171 337 15 19 0.020
65 651 18 24 0.020
392 101 10 66 0.020
694 292 14 17 0.020
42 52 24 15 0.019
247 9 10 22 0.019
503 232 13 26 0.019
1001 34 7 115 0.019
425 16 8 115 0.019
322 358 18 24 0.019
661 467 16 20 0.019
348 481 17 20 0.019
2 155 15 19 0.019
185 17 11 18 0.019
821 46 12 14 0.019
426 58 11 18 0.019
578 2 30 27 0.019
491 59 17 32 0.019
613 210 13 17 0.019
67 234 13 25 0.019
970 179 14 16 0.019
3 117 12 21 0.019
273 214 13 16 0.019
369 482 17 19 0.019
90 10 7 111 0.018
252 306 14 17 0.018
974 243 14 20 0.018
37 140 13 15 0.018
509 237 15 17 0.018
923 347 16 23 0.018
440 145 19 49 0.018
2 435 13 18 0.018
944 22 10 23 0.018
673 309 15 21 0.018
742 127 11 21 0.018
782 176 34 71 0.018
454 153 11 134 0.018
471 -4 18 30 0.018
491 300 62 48 0.018
247 462 15 22 0.018
672 320 12 17 0.018
325 61 30 34 0.018
830 54 13 21 0.018
573 84 11 70 0.018
844 108 15 22 0.017
446 293 14 17 0.017
238 112 10 117 0.017
733 224 16 19 0.017
18 572 19 24 0.017
637 96 23 44 0.017
543 58 10 116 0.017
609 128 11 18 0.017
338 183 12 15 0.017
117 305 13 17 0.017
390 387 15 19 0.017
329 -1 16 13 0.017
146 615 18 26 0.017
238 212 14 17 0.017
239 181 11 14 0.017
28 259 13 17 0.017
426 388 17 19 0.017
959 385 14 21 0.017
736 154 12 17 0.017
241 305 20 61 0.017
347 86 19 28 0.017
969 267 25 102 0.016
427 -2 13 12 0.016
705 357 13 18 0.016
32 597 20 24 0.016
399 314 17 39 0.016
422 67 10 116 0.016
188 215 11 15 0.016
700 192 20 45 0.016
412 170 15 109 0.016
591 126 12 14 0.016
792 242 14 17 0.016
0 224 7 14 0.016
23 67 10 12 0.016
427 338 16 17 0.016
714 75 15 88 0.016
957 13 11 26 0.016
870 1 9 19 0.016
726 74 14 29 0.016
94 188 13 13 0.016
929 114 13 13 0.016
291 -27 9 105 0.016
828 366 14 17 0.016
923 357 15 18 0.016
277 306 14 19 0.015
924 -2 15 13 0.015
656 399 15 19 0.015
424 122 57 41 0.015
191 87 11 14 0.015
352 272 12 15 0.015
942 79 34 41 0.015
452 144 14 21 0.015
779 146 15 54 0.015
287 2 9 10 0.015
0 115 10 17 0.015
817 133 12 15 0.015
947 218 13 17 0.015
241 334 15 25 0.015
0 121 25 81 0.015
476 189 10 14 0.015
926 517 16 20 0.015
358 171 11 112 0.015
292 420 16 21 0.015
112 62 7 111 0.015
987 133 11 115 0.015
820 63 10 116 0.015
78 92 9 115 0.015
387 138 14 16 0.015
104 352 14 18 0.015
1015 462 10 22 0.015
968 67 11 15 0.015
74 124 12 30 0.015
991 364 14 18 0.015
946 462 16 19 0.015
1017 74 7 34 0.015
891 142 31 42 0.015
581 160 12 15 0.015
648 63 11 37 0.014
706 385 19 20 0.014
567 30 24 40 0.014
122 139 12 14 0.014
248 223 13 16 0.014
728 408 14 17 0.014
75 117 25 101 0.014
895 252 13 17 0.014
456 59 10 20 0.014
338 277 15 19 0.014
965 155 13 14 0.014
140 111 10 13 0.014
624 146 25 106 0.014
1001 129 14 20 0.014
984 335 13 16 0.014
567 469 15 18 0.014
998 147 11 15 0.014
371 208 19 113 0.014
933 153 9 12 0.014
63 10 10 10 0.014
572 470 15 18 0.014
569 -11 7 117 0.014
294 1 12 12 0.014
685 497 15 20 0.014
820 292 15 21 0.014
35 614 19 25 0.014
408 40 9 35 0.014
866 294 12 16 0.014
219 315 13 35 0.014
948 65 10 13 0.014
738 0 25 9 0.014
410 193 14 16 0.014
391 371 15 23 0.014
163 324 14 99 0.013
912 273 12 15 0.013
210 83 12 79 0.013
276 430 17 21 0.013
186 138 10 127 0.013
148 104 15 21 0.013
481 180 13 21 0.013
123 305 21 17 0.013
624 161 13 15 0.013
679 75 10 102 0.013
921 0 13 26 0.013
96 364 14 20 0.013
636 54 20 43 0.013
574 464 19 20 0.013
463 341 16 19 0.013
207 143 14 26 0.013
198 240 12 15 0.013
904 232 13 19 0.013
881 272 15 17 0.013
667 353 16 19 0.013
840 0 12 19 0.013
526 293 15 17 0.013
758 420 16 21 0.013
275 388 14 17 0.013
851 50 13 83 0.013
857 30 8 11 0.013
915 -32 12 109 0.012
80 17 12 23 0.012
929 358 17 18 0.012
247 456 15 19 0.012
998 343 17 18 0.012
517 235 14 19 0.012
711 153 11 28 0.012
865 0 15 24 0.012
769 100 13 27 0.012
367 -28 10 115 0.012
995 570 20 25 0.012
914 0 23 8 0.012
4 460 16 19 0.012
326 0 28 11 0.012
733 326 20 20 0.012
180 342 15 70 0.012
756 397 16 18 0.012
61 82 20 19 0.012
757 246 13 119 0.012
338 175 11 14 0.012
188 30 9 25 0.012
865 288 13 17 0.012
672 -3 15 15 0.012
976 46 14 28 0.012
1005 150 12 17 0.012
498 377 14 16 0.012
991 103 10 120 0.012
449 449 18 21 0.012
778 20 11 25 0.012
564 138 12 13 0.012
778 24 18 23 0.011
654 318 22 19 0.011
75 86 14 22 0.011
347 259 15 23 0.011
278 394 17 24 0.011
198 65 11 22 0.011
106 348 14 18 0.011
323 450 16 19 0.011
181 362 15 34 0.011
928 206 10 15 0.011
57 176 12 15 0.011
790 235 11 18 0.011
228 94 27 66 0.011
198 360 15 19 0.011
107 42 15 113 0.011
37 592 18 23 0.011
417 42 10 16 0.011
918 20 12 14 0.011
594 453 19 22 0.011
2 537 16 21 0.011
588 458 19 21 0.011
95 370 12 20 0.011
946 368 16 20 0.011
714 434 17 20 0.011
306 172 30 101 0.011
702 183 11 16 0.011
656 461 18 23 0.011
236 48 10 13 0.011
396 361 14 22 0.011
522 138 15 14 0.011
953 379 15 20 0.011
273 109 10 131 0.011
-2 43 19 12 0.011
835 3 17 11 0.011
171 316 17 26 0.011
667 -32 13 114 0.011
1002 -38 7 115 0.011
718 471 13 18 0.011
98 7 11 18 0.011
801 357 17 19 0.010
314 471 17 28 0.010
961 176 29 127 0.010
370 301 13 18 0.010
184 399 14 19 0.010
790 398 14 19 0.010
162 210 12 16 0.010
617 178 12 18 0.010
130 195 11 14 0.010
304 443 15 20 0.010
336 83 13 118 0.010
945 66 10 19 0.010
575 137 12 13 0.010
831 249 15 19 0.010
209 495 15 31 0.010
860 291 14 15 0.010
809 313 15 20 0.010
777 201 12 16 0.010
