2_Demonstration_Demonstration_Or_Protest_2_795
106
450 436 137 155 0.853
619 149 12 14 0.535
407 144 12 14 0.512
750 143 13 15 0.484
444 140 10 12 0.482
464 132 12 14 0.469
134 143 9 11 0.412
368 141 12 13 0.365
92 146 8 10 0.361
674 149 12 14 0.355
588 140 11 12 0.318
72 141 8 10 0.302
107 146 8 10 0.228
262 136 9 11 0.217
332 137 11 14 0.205
575 138 11 12 0.186
443 144 11 12 0.153
224 138 9 11 0.139
531 140 9 11 0.138
163 153 10 12 0.132
383 139 11 13 0.128
656 130 8 10 0.113
746 141 13 16 0.107
571 136 11 13 0.104
75 143 16 11 0.098
0 217 14 33 0.094
552 137 10 11 0.081
329 130 14 32 0.079
302 140 11 14 0.077
483 138 13 17 0.074
569 139 8 11 0.069
616 142 13 16 0.068
427 136 11 14 0.067
482 144 12 14 0.065
573 134 10 11 0.063
675 142 12 16 0.063
592 139 17 14 0.062
306 138 10 13 0.059
404 138 13 14 0.059
486 135 11 15 0.056
133 141 9 11 0.056
407 138 20 14 0.055
345 139 10 13 0.054
235 137 10 11 0.052
748 139 16 14 0.050
670 151 11 13 0.047
423 141 13 14 0.046
719 141 10 12 0.045
92 151 10 12 0.041
78 133 27 33 0.041
603 141 12 13 0.036
424 132 11 12 0.036
224 135 8 10 0.033
190 143 9 13 0.032
719 137 12 13 0.031
160 154 11 15 0.030
751 149 12 13 0.028
332 128 12 13 0.028
331 143 17 15 0.027
78 145 25 11 0.027
550 135 11 10 0.026
661 147 11 13 0.026
623 150 12 13 0.026
591 143 20 14 0.026
299 138 11 13 0.025
53 154 11 13 0.025
154 140 10 12 0.025
383 134 11 11 0.024
386 145 22 13 0.024
232 135 12 20 0.023
490 134 11 13 0.021
0 426 21 38 0.020
726 145 15 12 0.020
691 153 11 14 0.019
713 137 11 13 0.019
427 133 10 12 0.018
187 140 10 11 0.018
829 136 7 9 0.018
157 145 33 24 0.017
190 153 9 12 0.016
31 191 10 12 0.016
45 158 12 15 0.015
687 150 12 15 0.015
724 139 15 16 0.015
476 145 13 14 0.015
619 140 14 15 0.015
305 130 10 12 0.015
103 172 13 15 0.015
531 140 18 12 0.014
22 169 10 12 0.014
232 132 10 14 0.013
316 161 11 13 0.013
651 100 18 87 0.013
677 133 9 11 0.012
616 137 20 13 0.012
158 140 10 13 0.012
106 150 10 12 0.012
344 130 11 12 0.012
1007 518 17 63 0.012
455 129 12 14 0.012
565 104 42 82 0.011
825 134 12 14 0.011
731 140 15 18 0.011
640 127 13 11 0.010
24 164 11 13 0.010
95 168 16 21 0.010
