2_Demonstration_Demonstrators_2_654
29
452 159 33 40 0.844
586 167 36 42 0.822
294 149 37 45 0.801
710 130 25 27 0.772
828 128 25 30 0.733
718 191 30 37 0.692
593 114 25 30 0.635
351 152 22 25 0.545
243 118 32 38 0.485
954 186 37 43 0.363
160 101 23 29 0.326
464 119 25 28 0.255
241 120 23 27 0.056
142 98 24 27 0.056
72 102 20 22 0.041
139 152 28 38 0.036
959 141 32 33 0.031
307 74 8 9 0.028
606 120 22 25 0.027
495 153 14 17 0.024
0 122 16 40 0.021
590 116 29 47 0.021
128 63 10 13 0.016
263 118 20 25 0.015
104 61 11 13 0.014
458 116 33 44 0.014
70 113 22 30 0.013
147 117 36 49 0.011
234 120 24 31 0.011
