2_Demonstration_Demonstrators_2_517
142
168 128 46 51 0.882
463 362 66 75 0.879
136 293 79 84 0.875
703 128 51 59 0.867
778 299 79 87 0.845
653 146 28 46 0.840
503 109 41 50 0.834
259 118 54 71 0.832
802 109 34 40 0.818
885 98 32 33 0.796
615 70 13 17 0.774
427 76 16 20 0.767
988 87 24 26 0.739
766 66 16 20 0.727
920 105 24 24 0.723
109 94 27 32 0.689
217 104 25 30 0.675
569 92 17 20 0.615
788 87 27 31 0.603
699 80 12 16 0.490
485 96 13 18 0.479
478 113 19 27 0.477
243 87 14 17 0.464
530 67 10 11 0.462
514 85 11 13 0.442
241 92 14 17 0.408
857 88 16 21 0.349
542 121 17 25 0.304
561 73 10 12 0.295
196 68 8 10 0.293
246 82 12 15 0.266
587 116 23 29 0.260
480 106 19 24 0.228
509 68 8 10 0.227
1013 90 11 22 0.205
559 68 10 13 0.198
140 93 16 22 0.179
556 67 12 12 0.171
554 64 10 12 0.169
217 99 18 22 0.161
635 65 11 14 0.160
464 60 8 10 0.152
89 93 21 26 0.139
433 68 16 21 0.135
813 71 12 15 0.130
179 80 9 11 0.129
453 72 13 14 0.128
1013 169 11 42 0.125
515 79 12 17 0.124
459 66 10 17 0.121
716 77 11 13 0.119
699 71 11 16 0.109
509 116 48 35 0.098
972 83 19 22 0.092
808 73 23 23 0.078
155 111 16 23 0.075
453 88 11 14 0.075
127 94 24 28 0.072
190 65 15 22 0.071
745 82 19 24 0.071
146 105 18 25 0.069
440 66 10 13 0.063
488 67 8 10 0.061
491 65 8 11 0.059
695 79 13 18 0.057
486 69 11 69 0.057
458 73 9 12 0.056
739 90 24 32 0.056
541 123 32 24 0.054
716 67 13 29 0.054
455 92 11 13 0.054
596 70 9 12 0.051
548 63 20 22 0.049
1015 153 9 49 0.047
448 82 15 15 0.045
722 81 12 16 0.043
460 59 8 33 0.040
103 93 52 31 0.040
190 101 21 23 0.039
488 95 16 19 0.038
251 88 14 19 0.038
458 31 8 10 0.037
708 61 11 13 0.037
462 34 9 74 0.036
486 92 11 15 0.036
720 88 14 17 0.034
485 68 9 12 0.034
568 72 9 12 0.033
977 82 23 27 0.032
518 45 25 64 0.032
650 66 10 13 0.030
1014 152 11 30 0.030
809 64 13 17 0.027
488 100 19 25 0.027
639 66 20 14 0.026
200 99 21 25 0.025
778 88 28 28 0.025
497 60 10 16 0.024
208 92 20 26 0.023
597 49 7 8 0.023
653 61 11 15 0.022
591 125 20 26 0.022
534 64 12 13 0.022
597 58 7 23 0.022
698 67 9 12 0.022
254 82 12 15 0.021
0 224 37 61 0.020
170 90 10 15 0.019
594 113 22 30 0.019
686 80 12 16 0.019
528 62 11 11 0.019
593 72 12 15 0.018
427 366 33 41 0.017
239 88 19 25 0.017
696 61 11 19 0.017
801 68 14 14 0.016
172 90 13 18 0.016
710 56 13 21 0.016
602 73 13 16 0.016
679 104 27 35 0.016
450 92 13 17 0.015
482 96 19 26 0.015
143 91 14 17 0.014
211 98 38 47 0.014
140 108 19 22 0.014
872 94 17 23 0.014
680 113 19 24 0.013
397 39 8 10 0.013
852 82 18 24 0.013
90 88 17 22 0.013
255 97 16 20 0.013
443 54 16 25 0.013
719 72 19 14 0.013
259 93 16 21 0.013
740 65 16 24 0.012
1010 181 14 39 0.011
736 58 13 18 0.011
533 66 22 10 0.011
450 51 11 13 0.011
508 68 12 15 0.011
969 80 16 20 0.011
616 65 14 17 0.010
