2_Demonstration_Protesters_2_131
532
126 617 19 24 0.815
265 583 15 19 0.800
36 597 18 22 0.800
190 562 12 15 0.797
87 585 19 22 0.774
26 641 18 27 0.767
478 560 15 19 0.761
212 618 17 23 0.749
409 541 11 14 0.733
977 573 15 20 0.722
461 615 19 25 0.720
883 610 15 23 0.713
298 630 15 20 0.713
955 557 15 19 0.706
183 588 16 21 0.704
866 568 17 23 0.688
307 556 11 15 0.688
265 662 25 31 0.686
131 584 13 18 0.671
414 584 14 19 0.660
45 569 18 19 0.638
465 535 8 11 0.636
316 595 16 20 0.627
824 516 9 12 0.622
218 553 12 15 0.619
937 525 10 12 0.615
360 560 11 13 0.611
255 525 10 12 0.567
404 521 9 11 0.554
183 522 8 11 0.530
895 555 12 17 0.530
554 552 11 16 0.523
134 525 10 12 0.499
169 542 11 13 0.499
787 533 10 14 0.482
903 519 8 11 0.479
999 535 9 12 0.479
835 593 12 19 0.477
1010 561 9 19 0.473
922 613 15 20 0.473
148 536 11 13 0.457
710 573 11 18 0.447
881 518 9 11 0.442
623 522 8 11 0.427
711 544 10 13 0.425
219 515 9 10 0.423
752 525 8 11 0.421
502 524 8 9 0.414
30 541 12 13 0.408
425 516 7 8 0.405
284 524 9 12 0.403
117 524 8 10 0.391
958 528 9 12 0.364
213 531 8 10 0.361
76 504 8 10 0.357
742 507 9 12 0.329
868 514 8 12 0.327
376 533 9 11 0.325
740 545 10 15 0.325
95 491 7 10 0.324
37 538 12 14 0.324
549 533 8 10 0.322
516 514 7 8 0.314
319 524 8 10 0.314
365 525 8 10 0.310
742 549 11 16 0.310
318 541 10 12 0.304
145 537 11 13 0.295
60 532 9 10 0.293
690 546 12 15 0.291
368 508 7 9 0.288
665 515 8 11 0.288
777 517 8 10 0.288
54 506 7 9 0.275
688 501 6 9 0.273
390 518 7 10 0.268
804 502 7 10 0.263
939 497 7 10 0.259
326 503 7 10 0.258
723 507 8 11 0.241
876 518 11 11 0.238
468 510 6 9 0.234
961 502 8 10 0.233
345 510 7 9 0.231
780 512 8 13 0.231
419 564 11 13 0.223
352 538 8 10 0.222
380 607 12 19 0.221
39 570 17 19 0.220
565 520 9 12 0.217
766 500 8 11 0.211
139 558 12 15 0.211
938 509 7 41 0.204
664 576 12 21 0.201
559 513 7 9 0.198
130 488 6 8 0.197
801 543 13 17 0.195
99 520 8 11 0.194
867 497 6 9 0.192
403 516 9 18 0.192
672 538 8 11 0.187
173 497 7 10 0.186
200 509 8 10 0.178
723 618 20 23 0.176
168 561 10 13 0.176
410 517 10 55 0.175
767 495 8 23 0.175
128 508 9 11 0.175
660 518 10 10 0.175
169 513 9 15 0.174
799 538 13 18 0.171
765 503 11 12 0.171
808 641 15 23 0.171
706 504 8 11 0.168
524 527 7 10 0.168
707 534 10 24 0.165
614 526 10 12 0.161
38 576 17 49 0.157
902 490 7 13 0.155
62 522 9 23 0.152
742 499 9 24 0.146
33 538 14 20 0.141
353 560 12 14 0.141
295 597 11 14 0.141
174 478 4 8 0.139
606 555 11 13 0.136
738 537 10 14 0.134
974 493 7 18 0.132
995 582 11 17 0.132
847 490 7 10 0.131
116 542 11 12 0.130
446 549 9 13 0.127
844 547 12 16 0.126
257 512 8 37 0.120
708 498 7 16 0.119
610 529 9 11 0.118
167 511 8 15 0.117
955 551 31 44 0.113
348 562 8 11 0.113
318 522 9 28 0.112
746 553 11 17 0.111
553 561 12 15 0.110
235 548 10 14 0.109
2 506 8 17 0.108
364 519 11 22 0.107
669 540 9 15 0.106
200 510 15 10 0.105
415 572 14 19 0.104
397 575 11 16 0.102
101 519 14 15 0.100
1008 517 12 11 0.100
1009 539 11 49 0.099
96 489 7 9 0.098
499 523 9 10 0.098
227 494 7 15 0.097
31 495 8 26 0.096
424 505 8 28 0.094
339 504 14 18 0.093
237 544 11 14 0.093
31 499 10 11 0.091
653 519 7 10 0.090
969 518 9 11 0.088
590 513 9 11 0.087
113 543 10 13 0.087
305 520 17 13 0.086
73 474 6 8 0.085
294 520 16 13 0.085
704 526 9 16 0.085
74 534 9 11 0.085
655 551 12 14 0.084
902 482 6 22 0.082
912 502 8 24 0.082
248 565 11 15 0.081
360 586 10 14 0.079
185 660 21 21 0.079
950 512 10 15 0.078
736 533 9 13 0.078
947 470 6 7 0.078
377 611 12 19 0.078
694 515 9 15 0.077
318 536 10 12 0.077
734 528 10 13 0.076
906 546 10 14 0.076
74 501 8 10 0.075
799 491 11 26 0.075
182 502 7 27 0.075
651 556 10 13 0.075
326 499 7 10 0.073
784 475 8 30 0.072
163 559 13 15 0.072
402 486 11 79 0.071
217 484 11 66 0.071
67 478 6 12 0.070
560 507 12 24 0.069
653 553 10 13 0.069
887 504 8 11 0.069
682 492 13 26 0.068
129 484 7 29 0.067
687 495 7 28 0.067
829 565 12 16 0.065
445 543 11 24 0.065
216 550 11 14 0.065
197 608 14 19 0.064
466 514 7 30 0.064
122 541 10 13 0.064
974 567 37 30 0.063
814 480 9 19 0.063
581 565 9 14 0.063
626 602 14 21 0.063
667 582 11 16 0.062
426 514 8 9 0.061
100 517 9 12 0.061
169 511 10 75 0.061
335 583 10 14 0.061
344 555 13 29 0.060
671 641 13 21 0.060
101 509 9 24 0.060
345 508 8 21 0.060
309 523 11 101 0.059
67 477 8 9 0.058
1012 541 9 13 0.056
363 486 7 29 0.056
502 511 11 33 0.056
25 513 11 12 0.055
4 532 10 17 0.055
612 525 19 10 0.055
914 508 9 12 0.055
720 511 9 12 0.054
330 524 11 14 0.054
196 496 9 25 0.053
321 592 15 19 0.053
518 534 10 12 0.052
1003 513 14 21 0.052
211 508 12 29 0.052
130 487 6 17 0.051
417 574 14 28 0.051
938 480 8 29 0.050
972 478 8 30 0.050
82 552 12 16 0.050
835 630 14 22 0.050
177 550 12 66 0.050
975 469 6 8 0.050
329 529 11 11 0.050
990 515 10 13 0.049
430 490 6 15 0.049
1014 542 9 15 0.049
815 466 8 18 0.049
661 571 11 20 0.049
417 566 12 18 0.048
289 550 11 15 0.048
177 462 5 8 0.047
606 515 11 26 0.047
815 485 8 10 0.046
36 474 8 15 0.046
843 543 10 14 0.046
81 548 11 14 0.046
214 571 13 17 0.046
426 507 11 22 0.045
36 477 7 7 0.045
35 558 20 25 0.045
34 498 11 88 0.044
153 516 13 23 0.044
655 540 11 37 0.044
299 523 10 12 0.043
173 476 5 40 0.043
363 496 7 10 0.042
791 520 11 28 0.042
77 542 12 22 0.042
697 579 12 17 0.042
332 580 9 15 0.042
924 469 7 24 0.040
516 542 8 12 0.040
173 470 6 30 0.039
855 519 9 13 0.039
60 544 12 15 0.039
34 491 14 26 0.038
122 500 14 28 0.038
447 485 15 30 0.038
747 548 12 17 0.038
150 522 19 13 0.037
781 447 6 8 0.037
427 484 9 27 0.037
913 503 15 21 0.037
737 528 10 26 0.037
890 545 14 20 0.037
717 560 11 24 0.037
590 500 9 29 0.037
654 518 22 8 0.037
531 501 7 12 0.036
74 521 10 22 0.036
693 536 11 22 0.036
886 526 11 23 0.036
719 508 34 10 0.036
273 498 11 29 0.036
978 531 13 14 0.036
986 536 10 13 0.036
731 621 18 23 0.036
221 473 9 89 0.036
0 508 8 30 0.035
245 529 13 20 0.035
144 506 11 82 0.035
250 561 12 16 0.035
608 499 10 30 0.035
657 506 10 26 0.035
720 491 13 31 0.034
17 584 12 16 0.034
267 479 8 27 0.034
779 483 12 31 0.034
322 573 10 15 0.034
327 488 11 28 0.034
687 503 14 100 0.033
753 587 14 19 0.033
681 513 12 19 0.033
634 500 10 25 0.032
893 530 11 21 0.032
100 523 8 11 0.032
183 465 7 111 0.031
7 482 8 12 0.031
872 478 21 85 0.031
239 534 11 17 0.031
247 499 10 28 0.030
46 546 15 15 0.030
908 543 10 13 0.030
628 496 11 30 0.029
38 509 10 25 0.029
341 583 14 14 0.029
0 575 6 20 0.029
450 486 7 30 0.028
5 482 8 9 0.028
610 501 14 31 0.028
548 548 12 17 0.028
270 551 12 14 0.028
199 489 6 41 0.028
792 499 17 27 0.027
226 513 16 24 0.027
830 593 12 20 0.027
996 587 11 16 0.027
856 559 19 21 0.027
711 527 12 51 0.026
72 498 12 16 0.026
663 551 10 14 0.026
219 618 17 23 0.026
561 497 14 65 0.026
565 494 10 26 0.026
755 456 9 29 0.026
62 501 18 26 0.025
585 503 12 26 0.025
809 635 17 25 0.025
728 500 21 25 0.025
934 495 29 14 0.025
39 512 8 12 0.025
946 462 9 27 0.025
827 642 15 20 0.025
939 487 21 29 0.024
995 499 15 25 0.024
143 502 9 11 0.024
190 668 23 18 0.024
890 535 10 14 0.024
941 465 11 23 0.023
782 443 7 10 0.023
989 498 13 28 0.023
95 524 9 11 0.023
675 566 11 14 0.023
719 567 13 17 0.023
139 529 18 22 0.023
842 483 11 20 0.023
37 497 17 29 0.023
446 535 9 12 0.022
551 518 11 30 0.022
724 480 6 55 0.022
508 505 12 25 0.022
62 474 11 25 0.022
950 559 15 18 0.022
533 507 10 17 0.022
916 614 17 21 0.022
345 492 9 31 0.021
997 491 11 27 0.021
826 503 14 24 0.021
651 551 10 13 0.021
609 552 11 13 0.021
557 510 9 18 0.021
17 539 15 13 0.021
687 495 15 31 0.021
805 437 8 18 0.021
5 477 7 17 0.021
970 495 10 31 0.020
735 630 15 24 0.020
500 563 12 15 0.020
141 530 13 49 0.020
841 488 13 11 0.020
114 501 8 15 0.020
462 600 17 25 0.020
327 522 17 18 0.020
711 499 12 109 0.020
902 517 11 19 0.020
963 475 15 29 0.020
447 528 13 23 0.019
508 645 14 23 0.019
260 478 14 29 0.019
614 480 12 100 0.018
839 487 12 26 0.018
447 494 10 30 0.018
816 647 16 20 0.018
87 502 14 27 0.018
186 653 16 22 0.018
82 508 24 13 0.018
845 482 12 27 0.017
552 506 8 51 0.017
212 499 8 51 0.017
754 577 12 20 0.017
973 462 10 28 0.017
364 488 14 31 0.017
35 571 14 18 0.017
0 483 20 8 0.017
752 460 15 32 0.017
600 578 9 13 0.016
346 487 5 46 0.016
782 438 7 26 0.016
904 486 16 31 0.016
594 558 15 15 0.016
254 488 13 30 0.016
31 635 18 25 0.016
661 548 14 22 0.016
807 630 40 41 0.016
987 491 12 29 0.016
680 562 11 14 0.016
466 490 9 48 0.015
485 506 11 23 0.015
751 564 11 17 0.015
279 500 18 30 0.015
951 547 13 22 0.015
319 477 8 111 0.015
217 485 18 31 0.015
238 529 10 30 0.015
549 555 12 19 0.015
64 549 13 15 0.015
517 524 15 36 0.015
274 513 18 29 0.015
699 549 12 23 0.015
701 578 14 18 0.015
842 503 13 22 0.014
514 505 9 10 0.014
517 542 10 15 0.014
730 461 14 31 0.014
1014 581 10 19 0.014
751 592 14 19 0.014
174 489 19 31 0.014
721 477 13 30 0.014
704 449 7 14 0.014
113 495 11 25 0.014
601 484 15 31 0.014
445 493 13 13 0.014
105 467 6 14 0.013
826 508 21 15 0.013
33 482 18 43 0.013
187 550 11 15 0.013
610 488 6 54 0.013
807 460 15 32 0.013
718 620 18 19 0.013
973 485 7 49 0.013
206 487 14 31 0.013
576 556 14 29 0.013
705 479 11 31 0.013
900 471 11 49 0.013
306 501 11 28 0.013
327 539 15 21 0.013
423 517 17 10 0.013
394 484 13 32 0.013
29 466 14 28 0.013
201 512 33 97 0.012
106 463 7 23 0.012
790 462 15 32 0.012
172 458 7 110 0.012
798 550 12 20 0.012
627 573 9 14 0.012
989 589 17 20 0.012
1003 497 8 10 0.012
637 484 13 31 0.012
733 454 6 46 0.012
754 471 15 32 0.012
389 456 9 27 0.012
974 587 14 23 0.012
980 539 10 13 0.012
766 476 17 31 0.012
412 542 12 15 0.012
172 472 7 11 0.012
804 644 13 21 0.012
834 638 15 22 0.012
248 489 12 30 0.012
914 469 8 8 0.012
27 473 17 15 0.012
691 523 20 37 0.012
838 566 16 18 0.012
207 622 17 22 0.012
504 504 9 11 0.012
975 458 5 36 0.012
272 526 15 18 0.012
533 514 12 25 0.011
727 485 18 32 0.011
37 474 10 31 0.011
462 552 13 15 0.011
704 452 6 8 0.011
947 550 18 30 0.011
449 515 11 28 0.011
228 482 11 29 0.011
292 501 16 31 0.011
994 645 15 20 0.011
857 524 9 11 0.011
214 478 14 29 0.011
1000 482 8 25 0.011
16 487 13 30 0.011
414 500 17 31 0.011
429 469 6 48 0.011
818 487 12 30 0.011
361 476 10 32 0.011
989 480 19 113 0.011
6 577 25 27 0.011
344 617 12 17 0.011
322 482 10 8 0.011
592 476 5 49 0.011
428 511 13 23 0.011
209 478 12 31 0.010
803 516 14 18 0.010
733 640 17 21 0.010
29 547 16 21 0.010
74 463 5 37 0.010
805 473 18 31 0.010
114 541 14 21 0.010
654 483 15 32 0.010
10 474 16 30 0.010
104 471 6 8 0.010
774 532 11 14 0.010
