2_Demonstration_Protesters_2_618
31
366 164 50 69 0.893
322 85 46 63 0.887
147 72 43 54 0.886
242 47 42 55 0.881
483 17 40 53 0.880
458 254 62 79 0.879
600 12 45 57 0.879
518 167 50 68 0.878
0 162 31 67 0.875
962 49 43 50 0.874
250 235 52 64 0.873
1 18 36 50 0.871
706 42 40 56 0.868
604 143 55 76 0.857
446 187 47 61 0.852
936 161 48 56 0.846
849 256 51 78 0.822
821 238 47 56 0.807
809 -4 46 52 0.795
375 -7 31 28 0.779
828 -1 42 52 0.646
875 -6 37 24 0.539
454 -7 26 27 0.514
209 295 26 55 0.478
841 -1 46 43 0.106
399 170 76 71 0.057
294 31 28 32 0.055
861 -6 44 36 0.048
222 208 28 44 0.019
844 7 28 43 0.018
1006 71 14 22 0.010
