2_Demonstration_Protesters_2_24
33
153 806 84 99 0.888
660 1055 78 99 0.879
501 663 63 79 0.866
480 757 73 107 0.855
813 659 63 82 0.852
450 1124 69 92 0.845
901 1132 85 101 0.841
582 867 44 57 0.830
370 262 101 160 0.827
665 471 63 84 0.826
391 809 62 68 0.817
370 589 62 69 0.804
602 629 65 77 0.804
637 687 67 83 0.791
627 121 104 121 0.789
546 262 93 149 0.722
749 0 30 23 0.674
676 859 39 54 0.642
6 401 109 143 0.623
28 835 51 61 0.585
169 458 59 83 0.352
614 651 79 97 0.299
870 1036 36 47 0.278
211 142 92 120 0.234
244 747 65 81 0.162
849 1105 44 59 0.035
857 1065 53 71 0.024
32 823 50 52 0.023
539 1025 44 63 0.020
12 917 36 82 0.018
270 717 65 87 0.017
399 788 75 97 0.012
867 1111 61 79 0.010
