2_Demonstration_Demonstration_Or_Protest_2_98
879
361 491 32 40 0.846
558 484 32 39 0.832
378 420 21 32 0.827
67 298 11 13 0.824
862 602 32 47 0.801
888 327 11 15 0.800
287 568 31 40 0.791
412 507 24 31 0.780
607 581 33 42 0.779
332 569 42 50 0.771
25 240 9 12 0.765
524 450 20 26 0.762
277 530 25 31 0.760
579 157 9 12 0.759
893 229 10 11 0.759
960 297 12 14 0.758
193 503 31 37 0.756
975 251 10 13 0.756
4 480 19 20 0.753
933 324 13 15 0.752
510 480 24 33 0.746
832 160 9 12 0.745
619 180 9 12 0.745
836 282 11 13 0.745
389 81 8 10 0.742
960 216 9 11 0.742
131 297 12 13 0.742
511 535 28 36 0.739
360 40 7 9 0.732
349 301 12 14 0.732
137 516 22 30 0.729
578 126 8 11 0.729
75 237 10 12 0.725
516 107 7 8 0.722
632 629 30 32 0.720
225 223 8 10 0.718
301 71 8 11 0.713
417 292 9 12 0.713
103 294 11 14 0.713
253 305 10 13 0.711
548 141 8 10 0.709
724 167 8 10 0.709
674 126 7 10 0.708
324 474 19 30 0.704
943 136 8 10 0.704
32 115 7 10 0.702
410 236 8 11 0.702
817 79 8 9 0.701
151 170 7 10 0.700
664 606 29 41 0.700
159 294 11 13 0.699
590 193 9 11 0.697
756 146 9 11 0.690
31 262 9 11 0.690
997 56 7 10 0.688
990 235 9 10 0.686
869 177 9 12 0.682
751 182 9 11 0.682
555 35 7 9 0.679
923 86 7 9 0.677
527 60 7 10 0.675
73 183 9 11 0.675
792 56 8 10 0.671
421 177 8 10 0.669
864 93 8 9 0.667
275 58 7 8 0.665
409 258 10 11 0.665
932 207 9 12 0.663
925 63 7 9 0.658
197 85 8 8 0.658
289 114 8 10 0.658
11 110 9 10 0.656
75 275 9 13 0.654
0 431 17 23 0.652
895 32 8 9 0.650
182 48 6 7 0.650
783 224 8 11 0.648
386 261 9 11 0.648
676 60 7 8 0.646
245 60 6 8 0.644
485 101 7 10 0.644
116 65 7 8 0.640
3 239 7 10 0.640
557 253 10 13 0.638
979 200 8 11 0.633
479 113 8 10 0.632
440 127 7 9 0.632
578 255 9 13 0.632
440 462 25 29 0.629
17 175 9 11 0.627
55 159 8 10 0.626
153 120 7 10 0.622
850 331 11 13 0.619
94 162 8 9 0.617
724 42 7 10 0.615
518 298 10 12 0.615
254 87 7 9 0.613
526 233 9 12 0.613
116 113 7 10 0.607
593 462 16 24 0.605
529 250 12 14 0.605
955 43 8 10 0.603
146 271 11 13 0.601
643 55 7 9 0.599
133 64 6 8 0.599
806 104 9 10 0.599
103 266 9 11 0.599
977 221 8 10 0.597
697 181 9 10 0.594
312 43 7 9 0.593
275 88 8 9 0.591
468 68 7 9 0.588
763 82 7 10 0.588
280 250 9 12 0.586
163 577 24 35 0.585
695 137 7 9 0.584
1002 332 11 15 0.581
470 137 8 9 0.580
576 320 10 14 0.580
736 65 8 10 0.578
761 134 9 10 0.578
628 167 10 12 0.578
60 317 10 12 0.575
491 230 9 9 0.573
476 263 9 12 0.573
122 100 7 9 0.567
107 157 8 10 0.565
637 129 9 11 0.560
220 306 10 14 0.560
25 463 19 26 0.560
742 256 9 11 0.554
703 56 8 9 0.547
0 133 5 11 0.547
172 170 9 11 0.545
615 111 7 8 0.539
225 605 30 38 0.538
566 577 21 33 0.535
588 81 7 10 0.535
706 317 12 15 0.535
517 80 7 10 0.532
61 117 8 9 0.530
948 283 8 11 0.528
60 238 8 10 0.525
67 98 8 9 0.524
161 64 6 8 0.519
337 288 10 13 0.517
907 111 8 9 0.515
353 200 8 11 0.513
166 217 8 11 0.513
427 58 6 8 0.510
725 318 11 13 0.508
10 64 7 8 0.508
453 322 11 12 0.506
46 515 25 29 0.504
547 102 8 10 0.504
755 60 7 8 0.501
857 54 7 9 0.501
780 134 8 9 0.501
58 177 7 10 0.501
491 61 7 9 0.499
32 296 11 13 0.499
54 302 10 12 0.497
780 90 8 11 0.493
420 274 9 12 0.493
869 252 9 12 0.490
660 181 9 11 0.486
414 212 9 10 0.486
625 56 7 9 0.484
192 228 8 11 0.484
925 225 9 12 0.482
810 236 8 10 0.477
354 273 9 11 0.477
171 83 6 10 0.475
119 294 12 14 0.473
172 189 8 10 0.471
2 258 8 11 0.471
496 71 8 10 0.464
452 78 7 8 0.462
90 60 7 8 0.460
642 80 8 9 0.460
536 92 8 11 0.457
524 173 8 10 0.457
195 199 8 9 0.451
417 210 8 11 0.445
894 139 8 10 0.433
418 195 8 11 0.433
681 245 12 13 0.429
188 286 10 12 0.425
289 280 10 12 0.423
77 67 8 9 0.421
829 63 8 9 0.418
216 86 6 8 0.405
594 97 7 11 0.403
676 315 10 13 0.399
718 87 7 10 0.397
181 125 7 9 0.397
651 620 38 40 0.395
984 105 8 9 0.395
216 116 7 9 0.395
1005 202 9 11 0.395
468 71 7 10 0.388
372 289 9 13 0.386
402 160 8 9 0.382
116 257 8 10 0.376
311 301 11 14 0.372
295 282 10 12 0.372
495 633 42 29 0.371
456 116 7 9 0.370
291 280 12 13 0.368
391 161 7 8 0.359
56 278 9 15 0.359
527 139 8 11 0.357
490 251 9 11 0.353
590 456 16 22 0.350
60 59 6 8 0.349
885 38 8 10 0.337
487 453 22 26 0.334
225 547 25 36 0.333
444 237 7 9 0.329
202 95 6 9 0.327
280 205 8 9 0.327
614 128 9 12 0.325
445 419 18 21 0.324
125 120 7 9 0.322
121 489 20 25 0.317
565 87 8 11 0.316
261 244 9 11 0.312
668 243 11 13 0.312
928 218 10 13 0.310
672 70 7 8 0.306
71 135 8 10 0.299
972 143 8 10 0.293
494 66 8 12 0.291
325 207 8 9 0.289
444 277 9 12 0.289
313 263 9 11 0.275
438 619 31 37 0.272
561 66 7 8 0.270
689 86 7 9 0.270
224 280 9 11 0.268
263 243 8 9 0.264
391 463 18 23 0.264
819 74 10 13 0.257
18 97 7 10 0.254
780 279 9 11 0.252
259 247 8 11 0.249
1014 104 8 10 0.243
118 110 8 11 0.241
323 442 16 22 0.241
301 104 8 8 0.239
206 220 8 10 0.239
25 455 18 24 0.236
49 47 7 7 0.234
519 133 10 10 0.233
528 245 11 16 0.229
923 71 8 24 0.225
220 97 8 13 0.222
126 266 9 13 0.222
1005 107 8 10 0.219
99 157 11 12 0.217
753 9 7 8 0.216
405 42 7 9 0.213
514 129 9 11 0.213
263 102 8 11 0.211
309 241 8 10 0.210
297 186 8 8 0.207
653 552 21 33 0.203
167 261 9 12 0.202
441 271 9 11 0.202
595 104 8 11 0.199
126 199 8 9 0.198
9 108 9 17 0.198
436 237 9 9 0.197
11 471 28 27 0.195
575 443 14 20 0.193
972 81 8 9 0.188
542 99 13 11 0.188
112 256 11 13 0.187
711 134 8 10 0.186
172 240 9 11 0.184
344 297 13 15 0.184
808 238 9 12 0.184
215 164 8 9 0.183
772 252 8 12 0.183
44 276 9 12 0.183
197 297 10 11 0.183
225 215 8 26 0.181
663 240 10 12 0.180
152 111 8 25 0.178
235 107 7 8 0.178
146 257 10 37 0.177
30 298 11 13 0.171
248 109 9 14 0.171
440 235 11 11 0.170
417 198 7 29 0.169
589 79 6 18 0.169
169 186 9 23 0.169
727 629 18 25 0.169
763 76 8 22 0.168
572 223 8 9 0.164
437 109 8 10 0.160
311 258 9 17 0.160
48 50 6 9 0.159
1002 106 9 17 0.159
458 165 7 10 0.159
36 59 6 8 0.158
503 299 11 13 0.158
447 455 21 28 0.155
56 265 8 11 0.154
742 71 8 15 0.148
741 78 9 19 0.148
149 169 12 12 0.147
440 111 7 36 0.144
419 86 7 9 0.144
405 39 7 19 0.143
249 115 8 10 0.143
226 103 13 10 0.142
516 98 7 26 0.142
702 318 36 13 0.139
328 413 13 16 0.139
630 156 8 30 0.137
102 64 8 8 0.136
207 283 10 12 0.135
709 70 7 10 0.134
714 76 8 14 0.134
101 510 24 35 0.134
266 91 9 19 0.133
140 189 8 10 0.133
585 276 9 12 0.133
256 251 9 11 0.131
404 45 7 10 0.130
395 157 14 17 0.130
634 147 9 11 0.129
431 87 8 10 0.127
133 194 10 11 0.127
25 451 15 17 0.126
467 65 7 23 0.124
251 275 8 11 0.124
635 80 8 10 0.122
636 136 9 12 0.122
757 132 10 23 0.122
112 238 9 11 0.122
168 248 10 36 0.122
257 100 13 20 0.119
862 280 10 14 0.119
453 311 11 29 0.118
472 125 8 24 0.118
540 92 13 21 0.118
40 520 22 27 0.118
497 295 11 14 0.117
469 303 10 13 0.117
20 468 21 25 0.117
755 133 30 12 0.116
39 58 12 9 0.116
79 63 11 11 0.116
424 83 8 10 0.116
125 280 9 12 0.116
551 66 14 10 0.114
582 145 10 12 0.113
954 65 7 9 0.112
510 125 9 11 0.112
188 283 14 23 0.110
446 280 8 12 0.110
180 165 11 12 0.109
602 274 8 11 0.109
30 247 8 37 0.108
294 366 14 18 0.107
466 71 8 24 0.107
490 296 10 13 0.107
613 74 7 10 0.106
546 66 7 9 0.106
467 280 9 12 0.104
417 271 9 49 0.104
120 80 6 66 0.104
52 45 7 26 0.104
166 256 8 12 0.104
428 311 9 11 0.104
75 165 7 45 0.103
571 249 17 25 0.103
338 289 11 18 0.103
448 93 8 10 0.102
192 199 8 10 0.102
806 256 9 12 0.102
105 279 11 41 0.101
725 188 8 11 0.101
998 117 9 12 0.100
402 277 9 12 0.100
422 295 9 14 0.100
151 157 8 39 0.098
522 64 9 15 0.098
594 288 10 13 0.098
669 247 11 13 0.097
55 259 9 14 0.097
781 97 8 11 0.096
152 118 7 9 0.096
931 208 10 19 0.095
610 211 7 10 0.095
400 165 11 13 0.094
524 135 9 12 0.094
434 236 8 9 0.093
525 86 14 12 0.093
297 106 8 11 0.093
73 148 8 12 0.092
614 148 8 10 0.092
365 317 9 13 0.092
215 311 11 13 0.091
712 103 8 10 0.090
217 162 7 9 0.090
214 285 11 15 0.090
403 229 8 11 0.087
45 85 7 9 0.087
998 125 7 9 0.087
120 257 10 12 0.087
97 294 28 14 0.086
185 161 9 11 0.085
727 83 14 12 0.085
72 131 9 12 0.083
625 51 10 21 0.083
250 108 8 10 0.082
93 160 18 10 0.082
207 285 11 21 0.082
575 412 13 17 0.080
349 261 10 85 0.079
390 186 9 11 0.079
1016 376 8 14 0.079
512 108 9 10 0.078
154 196 9 11 0.078
819 309 12 13 0.078
302 51 6 53 0.078
34 58 5 8 0.078
544 63 11 14 0.078
513 264 11 11 0.077
663 184 9 12 0.077
167 84 7 9 0.077
435 104 9 17 0.077
415 89 9 11 0.075
1008 313 10 15 0.075
581 529 23 29 0.074
807 236 8 10 0.073
52 159 8 10 0.073
-1 185 4 14 0.072
728 132 8 10 0.072
794 298 9 12 0.072
767 54 8 9 0.070
1010 311 10 13 0.070
155 227 10 11 0.069
65 85 7 49 0.069
6 302 10 12 0.069
737 65 13 10 0.068
195 83 17 17 0.068
579 322 11 14 0.068
450 449 16 20 0.068
855 52 17 10 0.067
823 59 8 9 0.067
316 206 10 11 0.067
308 410 9 11 0.067
281 189 9 35 0.067
308 236 9 12 0.066
481 83 7 64 0.066
406 37 7 13 0.066
998 278 8 11 0.065
593 470 18 25 0.065
917 64 8 66 0.065
712 107 8 11 0.065
562 61 7 30 0.064
227 282 9 11 0.064
434 467 22 25 0.063
426 467 20 25 0.062
143 250 21 49 0.062
183 125 8 9 0.061
894 119 9 45 0.060
112 234 10 19 0.060
674 167 9 11 0.059
533 218 7 9 0.059
675 127 10 10 0.059
5 261 9 15 0.059
538 230 14 20 0.058
779 103 9 12 0.056
160 196 10 18 0.056
91 62 9 9 0.056
295 212 13 11 0.056
213 314 10 14 0.055
76 62 21 14 0.055
518 128 8 12 0.055
26 81 7 10 0.055
364 141 8 10 0.055
585 144 9 10 0.055
202 219 9 14 0.055
643 50 7 66 0.054
105 120 8 10 0.054
48 40 6 28 0.053
586 275 13 16 0.053
399 109 7 10 0.053
544 102 9 11 0.053
189 251 10 81 0.053
422 80 16 22 0.052
173 481 22 27 0.052
153 226 8 11 0.052
586 273 11 12 0.052
873 136 8 9 0.052
94 246 9 11 0.052
583 519 24 33 0.051
499 84 8 14 0.051
110 234 8 11 0.051
125 194 8 20 0.051
527 239 11 18 0.051
35 58 22 8 0.050
168 58 8 55 0.050
543 235 10 11 0.050
354 90 8 10 0.050
0 201 5 13 0.050
57 121 6 88 0.050
622 54 9 10 0.049
326 526 22 29 0.049
676 36 7 63 0.049
611 61 8 10 0.049
257 254 9 11 0.047
447 74 8 18 0.047
462 119 9 27 0.047
220 258 9 99 0.047
163 201 9 11 0.047
422 55 9 12 0.047
223 276 8 11 0.046
552 271 12 13 0.046
9 72 7 12 0.046
977 216 9 13 0.046
529 164 12 11 0.045
999 128 7 10 0.045
796 86 10 12 0.044
190 411 13 16 0.044
303 105 10 11 0.044
486 293 15 14 0.044
805 124 8 10 0.043
362 40 8 8 0.042
186 157 9 11 0.042
236 551 26 37 0.042
792 53 7 10 0.042
659 184 9 12 0.042
832 273 16 44 0.042
426 92 10 20 0.042
824 306 11 13 0.042
718 55 8 75 0.041
391 179 9 17 0.041
850 326 11 13 0.040
928 641 30 19 0.040
445 618 39 42 0.040
614 135 8 11 0.040
871 138 8 10 0.040
1009 202 10 13 0.040
277 196 17 30 0.039
248 120 8 12 0.039
522 165 10 12 0.039
246 271 9 16 0.039
424 58 7 8 0.039
581 124 11 100 0.039
818 313 9 12 0.039
106 446 18 27 0.038
403 51 7 9 0.038
645 80 13 16 0.038
545 67 25 8 0.037
166 91 8 11 0.037
495 345 9 10 0.037
198 44 7 87 0.037
312 312 9 12 0.036
959 180 8 77 0.036
316 440 16 23 0.036
102 506 20 25 0.036
984 89 13 40 0.036
221 102 24 10 0.035
782 228 9 11 0.035
954 41 8 9 0.035
210 137 7 10 0.035
437 96 7 28 0.035
124 196 19 10 0.035
374 98 8 11 0.035
742 89 8 11 0.035
632 78 15 11 0.035
625 53 9 10 0.035
941 139 8 10 0.034
147 216 9 11 0.034
351 233 7 11 0.034
292 358 12 14 0.034
33 273 10 50 0.034
982 77 11 57 0.034
471 306 10 12 0.034
496 470 23 27 0.034
557 254 21 13 0.033
10 274 10 12 0.033
292 114 9 10 0.032
303 207 13 11 0.032
904 540 22 28 0.032
493 449 18 23 0.032
593 39 6 103 0.032
590 172 42 43 0.032
173 166 20 12 0.032
5 258 9 11 0.031
547 235 11 16 0.031
420 188 9 37 0.031
211 280 23 21 0.031
75 255 10 48 0.031
502 127 10 11 0.030
398 463 20 25 0.030
45 77 7 20 0.030
827 140 10 11 0.030
951 281 9 12 0.030
588 58 10 48 0.030
412 210 6 104 0.030
327 208 9 10 0.030
50 48 7 10 0.030
3 304 7 13 0.030
486 468 20 25 0.029
48 45 6 8 0.029
354 94 8 11 0.029
675 166 11 22 0.029
76 280 10 12 0.029
123 197 8 11 0.029
780 139 8 10 0.029
450 78 7 9 0.029
636 126 7 35 0.029
812 78 14 16 0.028
155 621 24 31 0.028
733 64 31 10 0.028
969 68 11 34 0.028
476 218 9 109 0.028
1008 150 7 9 0.028
551 457 16 20 0.028
469 267 13 28 0.028
103 124 7 10 0.027
93 421 12 16 0.027
526 111 6 103 0.027
166 591 24 39 0.027
506 305 9 12 0.027
195 83 32 13 0.027
102 60 6 8 0.027
554 453 19 21 0.027
587 254 12 69 0.027
1 516 12 24 0.027
542 220 28 79 0.026
872 140 10 11 0.026
862 262 11 25 0.026
278 544 34 46 0.026
496 123 10 11 0.026
94 188 9 13 0.026
867 284 12 13 0.026
347 255 35 56 0.026
478 284 14 24 0.026
256 222 10 82 0.026
459 90 8 16 0.025
11 113 8 10 0.025
74 152 11 27 0.025
712 66 8 25 0.025
276 76 8 25 0.025
354 82 10 23 0.025
165 97 7 10 0.025
303 302 12 15 0.025
474 259 11 23 0.025
664 168 12 30 0.025
578 119 9 15 0.025
211 319 10 13 0.025
167 159 6 109 0.024
351 275 11 16 0.024
141 98 10 11 0.024
769 252 9 11 0.024
615 74 8 13 0.024
66 85 11 88 0.024
550 283 13 12 0.024
661 344 8 11 0.023
496 83 9 26 0.023
746 214 8 11 0.023
238 250 8 11 0.023
164 519 17 25 0.023
418 281 11 21 0.023
189 156 9 11 0.023
542 282 12 12 0.023
640 557 22 26 0.023
324 284 11 13 0.023
212 117 9 24 0.023
166 151 8 11 0.023
11 33 7 84 0.022
558 257 13 21 0.022
143 241 10 12 0.022
383 221 25 90 0.022
968 145 13 12 0.022
389 128 21 77 0.022
901 214 7 10 0.022
3 300 9 14 0.022
268 315 11 15 0.022
894 1 18 79 0.022
447 461 32 30 0.021
495 180 8 10 0.021
142 96 8 9 0.021
689 313 11 12 0.021
297 246 13 12 0.021
924 59 8 10 0.021
84 500 20 23 0.021
97 521 26 30 0.021
529 160 9 11 0.021
283 88 13 27 0.020
623 559 45 41 0.020
420 164 9 25 0.020
736 257 14 13 0.020
310 206 19 10 0.020
308 45 7 10 0.020
373 90 9 14 0.020
61 507 20 26 0.020
355 90 14 15 0.020
785 279 8 12 0.020
511 640 34 21 0.020
0 177 7 14 0.020
1 496 15 44 0.019
523 177 9 10 0.019
318 413 12 14 0.019
765 253 12 13 0.019
174 495 21 26 0.019
513 265 9 15 0.019
430 235 8 10 0.019
418 84 7 9 0.019
83 167 9 19 0.019
337 273 10 12 0.019
453 467 19 25 0.019
170 259 13 17 0.019
610 58 6 8 0.019
530 150 8 12 0.019
372 259 10 12 0.019
713 647 19 15 0.019
810 292 18 41 0.019
740 111 8 10 0.019
819 59 8 10 0.019
560 269 14 15 0.018
39 530 19 22 0.018
488 264 24 72 0.018
552 241 12 67 0.018
11 60 7 8 0.018
215 324 12 14 0.018
895 129 9 19 0.018
469 627 36 33 0.017
32 459 17 26 0.017
0 508 13 22 0.017
307 181 28 52 0.017
584 282 11 15 0.017
861 246 12 24 0.017
396 48 7 10 0.017
563 575 36 44 0.017
121 27 5 109 0.017
505 89 11 19 0.017
534 143 11 17 0.016
921 227 10 12 0.016
762 25 7 114 0.016
321 285 14 21 0.016
814 303 12 17 0.016
31 59 8 113 0.016
15 141 10 14 0.016
615 558 28 33 0.016
1018 81 7 13 0.016
486 230 9 10 0.016
570 202 15 40 0.016
245 67 8 27 0.016
221 308 13 15 0.016
774 224 12 93 0.016
17 139 10 13 0.016
121 137 8 11 0.016
103 139 16 52 0.016
-1 141 6 21 0.016
227 162 9 10 0.016
357 478 20 24 0.016
3 503 16 22 0.015
249 306 11 14 0.015
538 167 12 12 0.015
74 509 18 22 0.015
729 622 22 29 0.015
611 565 31 41 0.015
901 209 8 12 0.015
13 299 12 13 0.015
428 230 10 13 0.015
407 349 9 11 0.015
830 60 8 9 0.015
140 185 15 26 0.015
750 7 7 8 0.015
745 207 9 14 0.015
592 292 10 12 0.015
321 436 14 20 0.015
518 542 27 33 0.015
254 97 22 35 0.015
274 54 8 9 0.015
95 192 10 16 0.015
381 274 15 14 0.014
171 247 12 13 0.014
980 82 8 13 0.014
208 167 10 12 0.014
0 95 14 17 0.014
174 135 21 70 0.014
481 275 12 24 0.014
964 437 15 19 0.014
575 151 10 13 0.014
492 224 9 11 0.014
592 514 19 26 0.014
733 252 12 15 0.013
536 252 15 17 0.013
491 293 18 16 0.013
21 257 23 82 0.013
636 94 40 81 0.013
613 166 10 60 0.013
596 82 9 18 0.013
213 111 7 22 0.013
433 125 9 13 0.013
403 595 44 48 0.013
892 326 12 15 0.013
533 208 12 29 0.013
823 141 10 12 0.013
405 218 10 14 0.013
202 80 9 13 0.013
296 71 9 27 0.013
96 198 9 12 0.013
659 84 7 11 0.013
493 327 12 35 0.013
39 255 11 16 0.013
989 331 14 17 0.013
313 61 7 10 0.013
134 193 24 12 0.013
182 48 7 15 0.012
403 106 11 16 0.012
189 108 9 11 0.012
800 292 8 12 0.012
263 239 7 9 0.012
732 87 11 14 0.012
595 482 17 23 0.012
645 137 8 11 0.012
306 406 13 17 0.012
466 83 7 10 0.012
172 501 19 25 0.012
798 84 8 10 0.012
913 646 32 15 0.012
720 124 12 20 0.012
669 141 46 89 0.012
237 269 10 13 0.012
587 251 23 65 0.012
524 143 9 21 0.012
121 90 8 10 0.012
890 229 10 13 0.012
457 304 11 15 0.012
664 344 10 13 0.012
54 500 23 32 0.011
1007 311 10 12 0.011
158 630 24 27 0.011
595 507 17 23 0.011
0 518 9 33 0.011
174 130 9 115 0.011
357 204 9 10 0.011
274 257 11 15 0.011
427 18 7 107 0.011
543 451 24 24 0.011
602 207 17 22 0.011
392 498 17 22 0.011
392 239 8 11 0.011
481 326 11 13 0.011
168 511 20 26 0.011
279 210 8 11 0.011
890 31 8 10 0.011
299 180 8 10 0.011
444 205 7 116 0.011
830 53 10 19 0.011
49 137 8 11 0.011
368 177 8 10 0.011
409 30 6 11 0.011
9 59 5 39 0.011
391 191 10 20 0.011
471 459 23 28 0.011
333 475 20 26 0.010
6 77 9 26 0.010
839 263 9 15 0.010
605 274 9 12 0.010
430 54 8 10 0.010
246 131 11 10 0.010
875 177 11 12 0.010
885 33 10 10 0.010
171 275 11 24 0.010
674 59 7 9 0.010
519 61 9 38 0.010
610 54 8 11 0.010
