2_Demonstration_Demonstrators_2_188
84
221 348 50 55 0.877
188 288 35 44 0.866
374 456 94 126 0.866
482 384 39 48 0.835
224 243 35 42 0.830
287 340 38 51 0.826
874 364 32 43 0.803
778 1071 120 132 0.771
4 423 34 46 0.770
152 412 46 55 0.767
302 275 25 37 0.640
854 224 21 24 0.580
108 354 18 23 0.575
1005 363 16 22 0.447
20 398 25 30 0.266
987 510 27 56 0.251
923 375 23 32 0.233
921 364 22 28 0.230
11 401 33 48 0.163
516 329 24 29 0.152
954 375 19 23 0.143
956 404 25 30 0.142
908 363 33 39 0.132
921 388 26 30 0.129
1004 350 17 50 0.128
45 383 22 25 0.127
552 410 43 39 0.114
25 392 28 33 0.113
390 352 36 40 0.108
295 283 26 35 0.083
887 333 19 24 0.081
6 349 23 32 0.078
975 371 18 22 0.073
182 369 60 73 0.072
546 411 30 36 0.069
978 364 18 24 0.064
1 398 15 21 0.063
1 386 21 31 0.054
357 359 30 32 0.050
1010 333 12 23 0.042
139 350 17 24 0.042
399 360 34 37 0.040
377 350 36 39 0.040
537 408 26 36 0.040
991 535 27 65 0.039
912 328 17 21 0.039
917 392 24 33 0.038
4 392 23 36 0.038
986 338 15 19 0.035
998 329 20 30 0.030
11 335 29 143 0.030
1007 324 14 22 0.028
1001 415 23 34 0.027
990 569 24 44 0.026
390 346 27 34 0.025
933 372 43 28 0.023
7 333 23 38 0.023
934 330 49 103 0.021
48 374 21 25 0.020
770 364 48 65 0.019
64 379 29 31 0.019
959 410 27 33 0.019
917 438 25 33 0.019
49 380 30 26 0.019
611 391 27 32 0.019
686 367 55 60 0.019
620 377 29 33 0.018
920 418 27 40 0.017
628 372 29 30 0.017
296 294 27 33 0.016
936 411 32 37 0.016
982 331 36 24 0.016
106 360 19 24 0.014
973 403 52 43 0.013
82 381 21 28 0.013
89 352 20 23 0.012
507 340 31 35 0.012
575 413 30 37 0.012
-1 389 16 25 0.011
918 378 33 48 0.011
1006 313 15 27 0.011
16 412 34 47 0.010
996 464 25 59 0.010
76 356 19 28 0.010
