2_Demonstration_Protesters_2_583
39
903 127 11 15 0.761
811 236 55 76 0.740
997 118 10 12 0.684
816 128 11 13 0.684
865 118 8 10 0.669
929 110 7 9 0.644
895 111 8 12 0.607
830 113 12 15 0.567
957 110 7 9 0.558
792 110 8 11 0.525
588 206 46 44 0.519
799 128 10 12 0.168
818 109 18 36 0.123
0 208 30 35 0.114
954 111 7 10 0.105
606 207 39 41 0.092
960 130 8 11 0.088
863 110 18 25 0.074
793 114 8 12 0.059
2 151 16 21 0.041
823 101 45 41 0.040
889 129 10 14 0.039
892 115 12 20 0.029
1013 156 9 13 0.026
995 142 10 12 0.025
582 204 36 42 0.025
811 124 12 15 0.023
1015 154 8 12 0.022
423 99 11 14 0.022
933 111 10 9 0.021
988 121 10 12 0.017
792 109 12 18 0.016
1014 122 9 12 0.015
977 118 12 14 0.014
804 126 17 14 0.014
788 108 9 12 0.012
423 103 13 16 0.012
975 122 11 11 0.012
1009 117 15 18 0.011
