2_Demonstration_Demonstration_Or_Protest_2_644
91
232 66 25 32 0.816
146 182 25 32 0.810
834 142 18 23 0.781
643 237 21 26 0.774
174 176 20 24 0.774
100 238 29 39 0.773
931 276 23 27 0.771
767 290 24 33 0.766
877 311 28 35 0.745
331 89 20 30 0.739
850 271 21 26 0.733
21 33 20 23 0.697
822 278 22 30 0.690
405 243 19 26 0.686
717 247 21 32 0.678
294 239 16 21 0.661
562 277 26 35 0.658
363 247 23 28 0.656
655 273 28 36 0.634
655 297 28 37 0.589
430 232 20 28 0.543
516 265 26 34 0.541
210 48 16 19 0.534
569 122 18 21 0.527
235 220 17 21 0.497
378 147 19 23 0.304
548 243 21 27 0.298
473 161 18 22 0.294
386 242 16 21 0.259
378 242 19 25 0.233
476 274 21 23 0.229
511 249 21 26 0.227
445 285 20 24 0.202
514 255 22 27 0.182
961 280 23 27 0.173
605 258 19 24 0.146
528 151 23 24 0.136
539 194 19 24 0.132
529 246 42 33 0.126
521 273 69 35 0.122
780 259 16 22 0.093
440 279 53 27 0.091
516 255 34 36 0.082
584 252 21 25 0.077
869 353 23 31 0.065
656 284 23 31 0.065
492 165 20 26 0.060
589 262 20 26 0.057
389 242 37 24 0.056
663 271 23 29 0.043
539 150 17 21 0.041
404 160 20 25 0.037
447 277 20 24 0.035
783 255 15 21 0.031
861 273 21 27 0.030
1010 296 13 30 0.029
597 266 20 27 0.029
775 262 16 21 0.028
713 249 18 28 0.027
687 266 20 26 0.020
577 257 23 31 0.019
701 264 18 24 0.018
870 285 16 24 0.018
878 272 20 24 0.018
576 124 16 21 0.017
544 263 21 27 0.017
558 130 18 21 0.017
384 152 20 22 0.016
436 229 17 25 0.016
516 282 24 32 0.016
505 165 17 22 0.016
978 277 19 25 0.016
474 278 20 27 0.016
640 279 20 26 0.015
672 268 23 27 0.014
523 273 23 28 0.014
1018 255 7 22 0.014
389 160 24 22 0.013
733 91 14 17 0.012
534 253 21 26 0.012
764 290 18 28 0.012
958 292 19 23 0.012
540 204 17 21 0.011
544 272 22 28 0.011
959 273 22 26 0.011
1017 249 9 37 0.011
488 313 24 29 0.010
318 233 16 20 0.010
424 217 20 28 0.010
552 137 17 19 0.010
865 276 26 28 0.010
