2_Demonstration_Demonstration_Or_Protest_2_578
203
668 295 28 34 0.852
750 254 15 19 0.848
570 308 24 31 0.844
940 322 29 35 0.841
254 332 23 29 0.831
70 309 21 27 0.830
881 247 17 22 0.828
148 324 22 26 0.817
853 336 29 32 0.817
810 231 15 19 0.802
323 320 24 30 0.790
503 304 24 29 0.788
960 224 16 20 0.784
577 277 20 24 0.783
704 212 11 14 0.775
230 274 13 17 0.758
423 306 22 27 0.756
212 355 20 25 0.753
385 252 13 18 0.745
906 225 11 13 0.732
781 349 23 28 0.725
614 223 11 14 0.699
574 216 11 13 0.690
983 232 15 18 0.689
0 311 20 22 0.687
547 221 12 13 0.686
698 249 15 18 0.673
497 258 14 21 0.667
585 250 15 19 0.623
295 222 8 10 0.611
303 250 12 14 0.552
802 202 9 11 0.524
667 189 7 9 0.504
92 268 12 16 0.442
811 210 11 13 0.440
280 223 9 11 0.423
317 222 8 10 0.418
803 204 11 12 0.415
732 183 9 11 0.327
543 204 9 11 0.316
883 208 9 12 0.295
806 205 11 14 0.293
519 188 8 12 0.277
958 203 11 14 0.266
654 210 11 14 0.253
557 189 8 10 0.234
456 326 14 17 0.231
469 330 17 20 0.231
382 227 9 11 0.210
996 196 8 10 0.188
167 237 8 11 0.187
554 190 9 13 0.186
2 223 13 21 0.176
462 327 18 21 0.168
581 173 7 8 0.166
487 189 8 9 0.166
968 228 35 21 0.139
304 241 11 30 0.137
799 199 10 12 0.135
361 252 11 15 0.134
563 193 8 12 0.134
628 181 8 9 0.132
328 253 9 11 0.126
183 246 10 14 0.116
659 205 13 13 0.116
741 210 10 13 0.104
300 248 11 14 0.102
293 207 12 45 0.098
4 202 11 21 0.097
670 200 8 12 0.097
739 184 11 12 0.096
699 244 14 17 0.096
804 194 10 26 0.094
748 184 7 10 0.088
367 228 7 9 0.087
494 278 17 19 0.083
710 176 7 10 0.077
654 257 13 19 0.075
376 228 16 10 0.074
534 306 14 21 0.073
627 206 9 13 0.072
770 194 8 9 0.070
742 207 11 25 0.069
565 176 8 9 0.065
522 192 10 12 0.064
453 215 8 11 0.064
364 249 14 16 0.059
554 269 11 15 0.056
617 221 12 15 0.055
815 233 14 18 0.055
918 596 13 17 0.054
759 235 12 16 0.053
971 194 10 10 0.052
837 181 7 9 0.051
626 195 9 24 0.050
530 167 6 9 0.048
457 329 17 20 0.047
499 253 10 13 0.047
1017 194 7 10 0.046
5 201 10 13 0.044
581 169 9 16 0.044
589 191 9 11 0.043
628 166 7 48 0.042
312 220 9 11 0.042
366 224 8 19 0.041
812 180 8 11 0.040
435 226 9 11 0.039
654 206 24 13 0.036
970 180 9 11 0.034
959 571 17 20 0.034
317 224 10 12 0.034
754 236 14 20 0.034
655 244 12 34 0.034
968 183 10 12 0.033
732 149 14 84 0.033
817 190 10 18 0.031
743 183 10 27 0.030
307 235 12 24 0.030
768 137 8 10 0.030
494 267 17 20 0.029
659 220 11 15 0.028
1016 191 8 22 0.028
86 266 14 19 0.028
534 300 20 30 0.028
984 242 13 18 0.028
275 220 9 11 0.028
94 264 11 16 0.028
551 166 8 12 0.026
174 222 14 51 0.026
181 240 11 19 0.024
670 204 9 13 0.024
752 228 13 15 0.024
740 219 11 13 0.023
530 168 8 11 0.023
745 186 9 15 0.023
169 231 10 13 0.022
715 229 11 16 0.022
708 171 9 19 0.021
868 163 8 10 0.021
587 244 12 15 0.021
77 258 16 18 0.020
838 179 9 16 0.020
527 200 11 11 0.020
500 246 12 20 0.020
970 177 10 26 0.019
206 243 11 13 0.019
479 301 17 27 0.019
152 230 10 12 0.019
140 221 12 15 0.018
367 229 12 12 0.017
750 171 7 12 0.017
590 248 13 17 0.017
764 248 13 17 0.017
582 192 14 19 0.016
826 234 12 16 0.016
148 227 11 15 0.016
448 204 12 25 0.016
490 189 8 9 0.016
471 337 15 16 0.016
1016 205 6 11 0.016
299 217 13 61 0.016
482 311 17 22 0.015
453 257 11 16 0.015
570 168 21 26 0.015
793 263 13 16 0.015
797 608 16 16 0.015
553 267 16 20 0.015
369 225 14 21 0.014
932 202 9 14 0.014
238 237 9 12 0.014
510 229 10 15 0.014
473 291 17 24 0.014
663 231 14 16 0.013
591 163 9 68 0.013
454 218 10 18 0.013
520 176 8 11 0.013
596 191 9 15 0.013
657 145 12 111 0.013
483 284 17 30 0.013
176 227 9 12 0.013
934 207 12 14 0.012
211 237 9 12 0.012
660 231 12 17 0.012
621 167 12 19 0.012
531 171 20 67 0.012
132 317 12 18 0.012
79 263 12 18 0.012
327 245 31 29 0.012
814 181 15 20 0.011
580 168 12 24 0.011
273 217 11 23 0.011
749 166 8 12 0.011
454 248 11 16 0.011
769 253 13 17 0.011
729 165 8 10 0.011
236 234 12 13 0.011
588 193 9 13 0.011
454 253 9 15 0.011
812 176 10 12 0.010
741 571 19 22 0.010
887 210 10 14 0.010
442 203 8 11 0.010
439 168 9 12 0.010
