2_Demonstration_Demonstration_Or_Protest_2_304
28
429 376 45 58 0.883
191 277 52 68 0.855
373 362 35 46 0.848
79 385 33 46 0.846
763 288 106 121 0.824
301 386 35 46 0.819
682 402 45 58 0.813
916 374 36 60 0.775
260 382 38 54 0.763
554 345 39 62 0.760
33 396 29 43 0.740
522 347 44 65 0.688
722 395 35 45 0.508
213 355 29 38 0.416
46 359 25 39 0.406
44 350 29 36 0.086
1011 409 13 52 0.048
609 366 31 42 0.042
0 400 11 28 0.039
967 467 46 69 0.038
982 459 41 68 0.024
588 360 44 49 0.023
281 312 33 49 0.020
729 402 37 47 0.017
1015 428 9 34 0.013
51 365 28 37 0.013
55 352 28 37 0.012
714 402 35 48 0.011
