2_Demonstration_Protesters_2_213
58
365 301 70 102 0.877
593 553 61 75 0.858
959 589 55 73 0.852
753 543 38 50 0.841
525 472 21 26 0.795
843 695 64 73 0.781
48 401 12 14 0.650
495 475 13 24 0.569
68 394 9 11 0.517
250 297 49 58 0.510
66 422 15 19 0.482
118 457 19 28 0.455
0 423 9 14 0.447
771 609 42 56 0.412
97 399 11 14 0.380
99 402 12 15 0.378
0 398 7 13 0.376
19 402 11 13 0.223
23 418 10 14 0.210
119 454 15 19 0.143
21 410 11 19 0.141
46 400 23 17 0.124
948 379 11 15 0.077
996 380 9 12 0.072
67 417 14 17 0.070
0 400 32 13 0.059
96 395 10 12 0.051
146 524 21 35 0.045
0 412 11 31 0.044
680 376 7 9 0.041
104 405 14 18 0.036
710 378 7 7 0.035
491 478 14 22 0.033
474 346 25 37 0.032
505 476 18 24 0.026
100 410 14 17 0.023
22 388 10 12 0.023
123 431 19 19 0.021
134 436 16 18 0.021
122 463 32 27 0.020
4 469 15 27 0.020
947 382 19 15 0.020
142 467 19 23 0.018
992 392 11 15 0.017
0 438 7 18 0.016
28 420 12 14 0.016
118 428 16 19 0.016
968 381 13 14 0.015
948 385 13 16 0.015
130 462 19 22 0.015
0 367 10 110 0.014
13 430 13 15 0.012
99 396 10 12 0.012
8 469 16 23 0.012
844 377 7 10 0.012
41 395 10 12 0.011
1 466 10 21 0.011
23 426 16 19 0.011
