2_Demonstration_Demonstrators_2_547
39
681 137 57 84 0.876
217 140 55 68 0.874
821 135 46 60 0.850
485 163 41 51 0.839
878 179 40 46 0.837
0 214 27 42 0.821
641 161 41 55 0.811
457 199 34 42 0.753
981 208 34 55 0.750
414 192 33 41 0.729
933 203 27 37 0.598
764 212 26 34 0.515
165 160 40 50 0.508
171 215 36 45 0.502
168 191 39 55 0.205
350 208 33 41 0.138
132 200 26 35 0.073
778 206 28 33 0.042
2 344 23 52 0.039
113 203 48 49 0.030
147 174 39 52 0.028
463 200 43 51 0.028
364 222 32 40 0.025
98 210 40 44 0.022
410 202 38 48 0.022
139 199 19 24 0.022
134 203 18 24 0.020
915 192 41 48 0.020
141 196 25 37 0.015
0 411 7 16 0.014
585 235 33 37 0.014
786 205 31 29 0.013
366 195 33 39 0.013
192 182 37 52 0.013
425 198 35 44 0.012
770 209 21 27 0.012
0 425 15 39 0.012
0 337 12 54 0.011
354 192 37 47 0.010
