2_Demonstration_Demonstration_Or_Protest_2_176
39
541 291 31 38 0.847
753 278 29 43 0.822
65 297 33 42 0.820
357 302 26 32 0.768
479 319 20 26 0.689
573 294 24 34 0.656
630 313 19 21 0.615
133 330 14 18 0.591
938 325 18 20 0.464
257 323 14 18 0.414
815 322 18 19 0.356
9 318 13 19 0.349
318 330 15 18 0.212
459 332 15 17 0.195
194 337 13 15 0.185
141 315 14 19 0.179
912 313 12 16 0.135
820 320 14 17 0.128
583 306 21 26 0.087
629 308 16 19 0.058
937 316 14 15 0.045
486 318 17 24 0.035
191 336 12 15 0.033
264 319 16 19 0.031
869 325 16 18 0.027
994 327 23 27 0.026
560 289 35 42 0.024
460 329 12 15 0.019
460 338 14 19 0.018
397 317 16 23 0.015
590 313 15 20 0.015
0 455 11 25 0.014
576 309 19 25 0.011
3 314 13 18 0.011
315 334 14 17 0.011
492 322 19 23 0.010
633 306 19 21 0.010
978 317 14 17 0.010
456 335 15 16 0.010
