2_Demonstration_Demonstration_Or_Protest_2_914
143
257 28 40 54 0.841
911 348 16 23 0.832
606 301 13 18 0.805
833 352 17 20 0.802
51 336 15 21 0.789
376 318 13 18 0.786
185 341 11 14 0.775
77 70 22 27 0.743
513 328 10 12 0.708
637 315 10 12 0.708
778 359 12 15 0.701
901 108 14 17 0.700
103 363 12 14 0.699
165 53 17 33 0.667
313 339 10 13 0.627
549 336 8 10 0.575
854 121 13 19 0.574
164 335 12 14 0.562
719 364 12 15 0.544
230 99 10 13 0.543
250 341 10 12 0.525
387 301 10 14 0.524
509 314 8 10 0.462
577 314 8 10 0.401
139 99 11 15 0.379
277 342 8 10 0.355
852 117 11 18 0.353
780 130 7 8 0.293
377 135 7 10 0.268
410 102 16 20 0.261
547 316 6 8 0.244
234 341 10 13 0.233
123 334 11 16 0.192
532 158 8 9 0.180
42 46 17 22 0.163
481 339 8 10 0.141
505 133 6 8 0.140
855 129 12 14 0.128
292 311 10 14 0.126
466 313 8 9 0.118
758 127 7 7 0.116
451 319 9 10 0.116
729 123 8 9 0.115
94 21 18 20 0.114
406 143 8 9 0.110
122 338 9 13 0.109
480 142 6 7 0.100
523 296 7 9 0.098
420 110 15 18 0.096
38 42 12 16 0.090
242 339 18 11 0.087
395 150 10 13 0.085
510 318 10 13 0.080
569 323 8 11 0.078
544 313 9 10 0.070
397 146 11 13 0.069
125 76 12 16 0.065
439 339 8 11 0.059
899 338 16 20 0.058
280 339 12 13 0.057
459 314 10 11 0.057
547 313 8 29 0.057
234 72 12 13 0.054
133 89 14 16 0.054
528 306 7 14 0.053
566 323 8 17 0.050
445 318 16 19 0.047
850 112 10 16 0.047
254 337 10 13 0.047
228 343 13 12 0.045
506 129 6 8 0.043
230 87 11 16 0.039
491 317 8 10 0.038
317 338 10 13 0.037
125 330 10 15 0.037
476 135 7 18 0.036
293 337 10 11 0.036
506 312 8 11 0.035
233 64 16 22 0.034
227 94 10 13 0.034
560 343 8 10 0.034
447 320 9 12 0.032
410 138 11 13 0.032
584 322 10 12 0.032
36 48 13 16 0.031
234 98 10 14 0.030
587 123 9 12 0.030
764 125 7 8 0.030
591 135 10 10 0.029
145 101 12 15 0.029
483 341 8 10 0.029
118 84 12 16 0.028
210 341 9 11 0.028
441 331 10 13 0.027
756 121 8 18 0.027
586 126 9 16 0.027
470 134 7 10 0.027
528 311 8 11 0.026
526 310 10 17 0.026
375 139 9 12 0.025
291 317 11 13 0.025
211 90 9 13 0.023
248 342 37 12 0.023
440 336 10 13 0.022
478 140 8 10 0.022
415 91 20 63 0.020
376 137 11 11 0.020
95 27 18 25 0.019
378 135 12 20 0.019
138 84 13 15 0.019
166 330 10 15 0.018
431 335 11 12 0.018
583 123 11 9 0.018
449 139 8 9 0.017
848 122 12 28 0.017
773 362 11 14 0.017
717 364 10 13 0.016
68 72 54 27 0.015
632 317 10 14 0.015
391 127 9 19 0.015
597 135 11 10 0.015
440 138 8 9 0.014
100 44 14 17 0.014
819 144 7 11 0.014
388 126 9 10 0.014
820 145 9 11 0.013
238 69 13 14 0.013
608 301 23 16 0.013
896 338 13 16 0.013
859 126 12 17 0.012
322 325 10 14 0.012
416 325 9 11 0.012
145 88 13 17 0.012
729 121 11 9 0.012
209 87 10 13 0.012
437 138 8 10 0.012
581 312 11 13 0.012
159 336 13 15 0.012
421 134 10 10 0.012
440 343 9 12 0.011
41 36 11 13 0.011
420 116 16 26 0.010
465 133 12 19 0.010
