2_Demonstration_Political_Rally_2_22
25
77 384 102 121 0.877
860 409 54 76 0.829
455 382 22 26 0.819
572 473 57 72 0.809
378 330 57 89 0.792
426 440 20 32 0.773
574 412 27 33 0.684
761 359 35 50 0.670
519 375 19 26 0.068
1009 389 15 36 0.067
577 415 33 38 0.062
643 399 28 34 0.038
510 374 17 27 0.035
176 406 22 37 0.025
447 425 15 18 0.025
442 436 17 24 0.018
435 431 18 25 0.016
440 428 18 24 0.016
0 410 5 16 0.015
583 408 22 27 0.015
772 348 28 44 0.014
1 409 6 20 0.014
772 367 24 30 0.014
327 421 24 35 0.013
597 388 20 24 0.010
