2_Demonstration_Political_Rally_2_267
25
747 307 30 35 0.792
99 400 23 29 0.696
196 364 21 28 0.608
816 355 24 41 0.595
716 395 20 31 0.453
0 374 29 54 0.446
772 398 26 33 0.313
141 363 23 31 0.234
448 327 23 31 0.170
197 434 24 29 0.062
444 335 21 26 0.053
195 372 19 25 0.046
110 447 19 25 0.029
1 397 27 43 0.027
204 361 18 24 0.023
454 320 19 27 0.023
143 375 22 24 0.020
820 360 36 49 0.019
339 275 23 37 0.018
936 472 21 33 0.018
821 346 31 48 0.017
542 294 27 37 0.015
140 352 22 29 0.014
471 378 24 33 0.013
816 370 19 28 0.012
