2_Demonstration_Protesters_2_796
41
405 237 147 191 0.882
490 128 32 43 0.809
607 137 36 40 0.790
351 126 31 35 0.773
357 74 32 40 0.686
525 99 24 33 0.652
602 60 26 32 0.619
684 82 40 45 0.530
567 94 24 29 0.304
579 136 27 35 0.258
482 74 21 26 0.106
851 -1 25 19 0.104
301 170 35 40 0.072
259 0 31 31 0.067
340 85 29 35 0.065
430 67 23 31 0.063
266 37 31 39 0.055
392 21 26 31 0.052
584 134 40 46 0.048
679 91 35 41 0.042
528 88 23 27 0.041
355 177 31 36 0.041
329 -1 27 8 0.030
332 176 47 42 0.030
674 99 28 35 0.027
278 59 29 38 0.026
689 69 37 44 0.022
278 120 30 40 0.022
582 151 26 32 0.018
427 78 31 28 0.017
364 169 28 39 0.017
796 77 25 30 0.016
298 -1 54 15 0.015
385 23 27 35 0.013
431 57 22 26 0.012
839 0 27 17 0.011
402 28 22 27 0.011
346 -2 42 13 0.011
454 86 28 30 0.011
697 97 24 30 0.011
262 18 39 50 0.010
