2_Demonstration_Protesters_2_91
31
960 209 35 41 0.861
342 241 24 31 0.807
785 242 20 25 0.783
631 252 14 17 0.737
592 257 15 17 0.729
395 243 19 22 0.702
661 272 15 20 0.640
536 245 16 18 0.583
814 248 19 21 0.464
731 256 15 18 0.431
536 260 16 18 0.173
732 251 13 17 0.127
281 340 12 14 0.088
538 250 15 18 0.058
175 265 15 17 0.056
908 243 24 27 0.049
821 249 18 21 0.034
624 258 15 20 0.031
314 310 21 21 0.031
815 253 20 22 0.030
535 265 14 17 0.029
621 269 12 15 0.028
827 251 17 19 0.028
169 269 12 16 0.027
914 233 25 31 0.023
727 255 14 19 0.019
170 264 13 16 0.016
809 255 15 19 0.015
278 338 11 14 0.013
903 248 16 20 0.013
921 231 19 22 0.012
