2_Demonstration_Political_Rally_2_690
41
815 407 68 77 0.849
645 394 22 38 0.763
754 371 9 11 0.756
537 413 84 119 0.753
108 394 8 9 0.663
63 362 10 12 0.650
179 351 9 10 0.565
947 369 12 18 0.539
92 412 9 10 0.376
79 356 9 12 0.362
116 355 7 10 0.333
698 368 8 9 0.329
108 386 8 27 0.212
12 444 8 10 0.194
106 395 11 12 0.174
197 356 7 8 0.153
117 367 7 8 0.131
224 357 7 8 0.089
41 364 7 10 0.068
687 364 7 9 0.061
732 427 10 13 0.050
650 374 8 13 0.040
697 364 7 10 0.034
945 377 12 17 0.032
224 361 6 9 0.028
695 373 10 11 0.027
0 364 7 16 0.025
1009 395 8 10 0.024
225 350 6 9 0.023
533 470 56 82 0.018
870 420 17 19 0.018
114 351 8 10 0.018
649 380 8 10 0.018
878 423 8 13 0.017
81 439 7 9 0.016
1006 417 8 10 0.015
42 362 11 12 0.015
1007 402 9 19 0.013
811 368 7 9 0.013
196 361 6 9 0.012
649 379 9 17 0.011
