2_Demonstration_Demonstration_Or_Protest_2_471
27
749 226 73 89 0.886
174 168 91 120 0.881
585 286 63 77 0.872
651 338 42 47 0.748
1010 276 14 64 0.706
86 141 60 106 0.662
434 265 46 72 0.456
415 518 28 34 0.382
431 457 30 35 0.356
449 508 30 43 0.329
218 414 34 44 0.318
234 304 39 45 0.263
237 479 35 48 0.168
389 463 31 39 0.158
373 518 28 36 0.129
395 218 46 61 0.100
468 460 29 37 0.099
229 456 39 53 0.078
203 479 28 44 0.067
254 375 33 43 0.043
444 494 35 46 0.030
469 272 45 55 0.027
350 170 26 32 0.023
480 512 27 39 0.019
999 285 21 54 0.012
465 440 36 48 0.012
471 412 30 38 0.011
