2_Demonstration_Political_Rally_2_90
73
787 380 22 28 0.814
539 267 54 79 0.784
922 379 12 15 0.704
201 356 11 14 0.627
24 315 12 15 0.591
877 381 10 14 0.578
299 364 11 15 0.575
111 359 13 16 0.503
326 370 12 15 0.495
33 369 15 17 0.460
62 322 11 14 0.433
196 335 10 13 0.421
154 361 13 16 0.359
233 377 16 20 0.277
73 298 13 16 0.210
3 329 14 17 0.183
938 408 10 12 0.183
847 393 12 15 0.137
63 310 14 32 0.135
234 353 12 16 0.119
372 373 9 11 0.110
31 367 12 16 0.090
40 370 13 17 0.073
125 313 12 16 0.065
369 374 10 12 0.063
456 413 8 11 0.060
334 375 13 15 0.058
953 460 12 14 0.047
69 311 14 16 0.046
82 373 12 14 0.044
457 417 9 10 0.040
454 407 8 10 0.037
407 420 9 11 0.036
957 330 9 10 0.034
360 378 12 14 0.034
876 385 10 13 0.033
842 394 12 14 0.031
2 332 11 19 0.030
110 364 12 15 0.030
24 309 12 17 0.029
374 373 10 11 0.028
256 354 12 14 0.028
341 380 14 14 0.028
160 363 15 15 0.027
1009 389 14 22 0.025
152 365 12 15 0.023
455 403 8 10 0.021
794 379 19 25 0.020
983 290 12 15 0.020
187 369 12 15 0.020
119 309 14 16 0.019
334 379 17 15 0.019
802 377 14 16 0.019
110 367 16 18 0.019
826 374 9 13 0.019
458 411 9 12 0.018
923 374 11 15 0.018
154 314 13 17 0.018
82 366 17 28 0.017
66 319 13 16 0.017
126 308 13 17 0.017
191 334 11 14 0.016
252 352 15 22 0.016
62 328 20 16 0.015
731 433 15 21 0.015
23 321 14 16 0.013
237 351 13 16 0.013
846 398 14 13 0.012
195 331 11 13 0.012
87 377 15 15 0.011
104 380 13 17 0.011
941 493 26 24 0.011
154 305 13 18 0.010
