2_Demonstration_Demonstration_Or_Protest_2_687
1717
963 631 21 24 0.826
490 459 12 17 0.823
175 404 13 15 0.822
754 510 15 19 0.822
687 532 15 22 0.819
93 600 19 24 0.816
310 504 14 19 0.812
418 510 13 17 0.809
584 506 15 19 0.802
379 565 14 19 0.802
187 507 14 17 0.799
880 376 12 16 0.794
398 449 13 17 0.794
645 520 15 19 0.793
155 359 10 13 0.790
260 444 13 19 0.790
228 498 13 17 0.790
279 533 15 20 0.787
444 528 16 21 0.786
407 365 12 15 0.783
75 399 12 15 0.781
133 547 15 19 0.780
670 388 11 16 0.778
83 454 13 16 0.778
200 471 14 17 0.774
250 547 15 21 0.774
674 328 10 14 0.773
196 442 12 15 0.773
766 575 15 20 0.773
765 346 11 15 0.768
356 465 15 18 0.767
765 541 16 21 0.765
34 492 14 18 0.761
481 489 13 17 0.761
739 453 14 17 0.759
91 507 14 19 0.758
522 398 10 14 0.752
258 401 13 15 0.752
440 454 13 18 0.748
162 482 14 20 0.743
421 483 13 16 0.743
945 294 9 13 0.742
825 375 11 13 0.742
258 421 13 15 0.742
779 435 13 17 0.742
817 356 11 15 0.739
597 458 14 18 0.739
116 340 11 14 0.737
100 294 10 12 0.732
711 526 15 20 0.731
65 292 9 12 0.729
359 359 11 13 0.729
208 347 11 13 0.725
368 434 12 17 0.723
474 347 9 12 0.722
793 456 14 19 0.722
211 412 11 15 0.720
162 443 11 15 0.720
608 490 12 16 0.720
534 513 14 17 0.720
764 499 13 17 0.718
813 475 14 18 0.717
486 513 14 16 0.717
386 360 10 13 0.715
702 482 15 18 0.715
9 333 9 12 0.709
722 460 12 16 0.708
1011 463 13 20 0.706
77 327 10 13 0.704
519 467 13 17 0.704
503 343 11 13 0.702
109 312 9 11 0.699
740 414 13 18 0.699
844 328 11 14 0.697
575 420 12 15 0.697
870 245 8 12 0.695
362 531 16 19 0.695
536 384 11 13 0.694
148 206 9 11 0.688
936 350 12 16 0.686
354 521 14 18 0.686
214 468 13 16 0.684
792 192 9 11 0.682
276 287 9 13 0.682
901 333 11 15 0.682
527 358 13 15 0.682
99 362 11 13 0.680
881 438 13 16 0.680
651 350 11 14 0.679
669 361 12 14 0.679
220 188 8 9 0.677
162 235 8 10 0.677
829 294 9 12 0.677
924 405 14 16 0.675
20 420 13 17 0.675
156 335 10 12 0.673
501 407 12 15 0.671
958 466 13 15 0.671
808 157 7 9 0.669
702 312 10 13 0.667
637 400 11 15 0.667
592 213 9 12 0.663
378 332 11 14 0.663
956 609 18 22 0.663
327 333 11 13 0.661
220 373 11 15 0.661
410 401 12 14 0.661
53 249 8 10 0.660
872 309 10 13 0.660
713 371 12 15 0.658
252 264 8 11 0.658
437 289 9 12 0.658
334 312 10 12 0.658
147 275 9 12 0.654
334 350 10 13 0.652
898 416 13 15 0.652
151 453 12 16 0.652
143 476 12 16 0.652
736 670 17 21 0.652
453 219 8 11 0.648
736 296 10 12 0.648
823 402 12 15 0.648
956 233 7 10 0.646
668 306 11 14 0.646
790 384 11 14 0.646
867 457 12 16 0.646
59 58 5 7 0.644
210 135 7 8 0.644
28 326 11 13 0.644
624 355 11 14 0.644
922 182 8 9 0.642
835 250 9 11 0.642
580 252 9 12 0.640
419 542 14 18 0.640
471 264 11 12 0.636
928 236 9 10 0.634
708 232 8 10 0.632
762 212 8 11 0.630
771 271 9 12 0.627
248 316 9 12 0.627
110 151 7 8 0.626
654 318 10 13 0.626
697 420 12 17 0.624
790 421 12 15 0.624
75 268 8 10 0.619
946 369 11 16 0.619
384 394 11 14 0.617
591 293 10 13 0.615
234 417 12 15 0.611
536 435 12 15 0.611
740 342 10 14 0.609
767 413 11 14 0.609
582 175 7 9 0.607
867 181 7 9 0.605
230 279 9 11 0.605
639 190 8 9 0.603
992 409 11 16 0.603
858 351 11 14 0.602
313 357 11 13 0.601
258 382 10 14 0.601
872 208 9 11 0.599
726 253 8 11 0.599
746 195 7 9 0.597
617 529 14 17 0.597
810 412 12 16 0.594
826 450 12 17 0.594
278 369 10 12 0.591
338 417 10 14 0.591
741 269 10 12 0.588
690 339 11 14 0.588
928 429 11 15 0.588
577 227 8 11 0.586
420 302 10 12 0.586
488 352 11 14 0.586
646 205 8 10 0.584
772 136 8 10 0.582
384 291 9 12 0.582
782 264 10 11 0.580
948 203 7 8 0.578
340 295 10 12 0.578
576 313 10 12 0.573
227 203 7 10 0.571
756 270 8 11 0.571
910 322 12 14 0.571
576 354 10 13 0.571
142 189 7 9 0.569
447 314 10 12 0.567
788 354 9 11 0.567
679 412 13 17 0.567
285 268 9 12 0.567
119 119 6 7 0.565
396 141 7 8 0.565
636 161 8 9 0.565
519 375 11 14 0.565
432 321 9 12 0.563
528 230 9 11 0.560
691 155 7 8 0.558
404 185 7 10 0.558
452 172 8 9 0.558
442 196 8 10 0.558
480 209 7 10 0.558
8 261 9 12 0.556
303 318 11 11 0.556
750 246 7 10 0.554
437 142 6 8 0.552
501 159 7 9 0.552
793 177 8 9 0.552
234 358 11 14 0.552
600 187 8 11 0.550
458 256 9 11 0.550
895 265 10 11 0.550
89 272 8 10 0.550
710 328 10 12 0.550
242 159 7 8 0.545
583 370 11 14 0.545
344 381 10 13 0.543
557 384 11 14 0.543
158 186 7 9 0.541
558 239 9 11 0.541
183 292 9 12 0.541
556 290 9 12 0.541
312 436 11 16 0.540
773 113 6 7 0.539
403 163 7 8 0.539
811 177 8 10 0.539
508 187 8 10 0.539
727 205 8 9 0.539
750 326 11 13 0.539
428 402 12 17 0.536
410 249 10 11 0.535
462 395 12 16 0.535
947 326 11 12 0.532
679 221 8 10 0.530
382 410 10 14 0.530
185 82 6 7 0.528
408 128 6 7 0.528
275 178 6 8 0.528
819 221 8 10 0.528
940 146 6 9 0.525
91 179 8 9 0.525
669 272 9 12 0.524
342 79 5 8 0.521
972 112 7 8 0.519
616 149 7 9 0.519
31 228 7 8 0.519
658 220 9 10 0.519
441 402 12 15 0.519
193 138 6 8 0.517
435 425 12 15 0.517
618 234 9 11 0.515
345 330 10 11 0.515
463 305 10 12 0.513
272 326 11 13 0.510
693 221 9 10 0.508
445 392 10 12 0.508
189 368 10 13 0.504
61 178 7 9 0.504
771 389 12 14 0.504
833 530 13 17 0.503
314 195 8 10 0.501
236 113 6 7 0.499
799 305 10 13 0.499
798 328 10 12 0.499
919 264 10 11 0.495
562 483 12 16 0.495
261 146 7 7 0.493
768 162 8 9 0.493
766 246 10 12 0.490
429 270 9 12 0.490
450 278 9 11 0.490
613 404 11 13 0.490
703 170 7 9 0.488
919 280 10 12 0.488
572 133 6 8 0.486
836 172 7 10 0.486
50 186 8 9 0.486
741 318 9 12 0.486
541 61 5 5 0.484
859 264 9 13 0.484
375 221 7 10 0.482
121 81 6 7 0.479
928 293 11 14 0.479
306 141 7 8 0.475
723 286 9 11 0.468
44 128 6 8 0.466
59 116 5 8 0.464
549 228 9 10 0.464
498 225 8 10 0.464
362 318 9 12 0.460
322 100 5 7 0.457
149 161 7 8 0.457
288 167 6 9 0.457
360 161 6 7 0.457
842 209 8 11 0.457
610 315 9 11 0.457
1007 198 7 10 0.455
536 341 11 14 0.455
1008 263 10 11 0.453
1007 300 10 12 0.453
672 474 15 17 0.453
525 262 10 12 0.451
171 106 6 7 0.449
474 104 7 8 0.449
692 245 8 11 0.449
247 58 6 8 0.447
551 139 6 8 0.447
393 315 9 11 0.447
97 119 7 8 0.444
759 157 7 9 0.444
732 133 7 8 0.440
640 265 9 10 0.440
787 96 5 7 0.438
91 217 7 10 0.438
119 63 6 7 0.436
54 84 7 8 0.433
902 141 5 8 0.433
668 256 8 10 0.433
465 233 9 10 0.429
278 208 7 11 0.427
389 105 6 7 0.425
1009 121 6 8 0.425
689 125 6 9 0.425
114 169 7 10 0.425
592 270 9 11 0.425
153 71 5 7 0.423
974 177 8 11 0.421
556 275 10 12 0.416
687 284 9 11 0.416
694 390 11 13 0.416
377 132 6 7 0.414
565 265 8 10 0.412
934 272 9 11 0.412
537 303 9 12 0.412
424 165 7 10 0.410
1001 274 9 12 0.408
457 360 10 12 0.408
966 145 8 9 0.405
386 237 9 11 0.405
367 267 8 10 0.405
700 404 12 14 0.405
391 425 12 15 0.405
545 345 11 14 0.403
743 113 6 8 0.401
129 234 8 12 0.401
252 287 9 12 0.399
764 299 10 13 0.399
494 316 12 13 0.399
309 338 10 12 0.399
378 258 8 11 0.397
522 289 9 13 0.397
567 406 11 13 0.397
415 270 9 11 0.395
594 165 7 9 0.393
720 218 8 10 0.393
1008 411 11 15 0.393
490 238 9 11 0.391
765 315 10 13 0.391
204 335 10 12 0.388
680 185 9 10 0.386
500 279 9 11 0.386
280 387 9 12 0.386
182 167 7 8 0.384
977 228 8 10 0.382
531 280 10 13 0.382
47 326 9 12 0.382
394 201 7 9 0.380
506 302 9 13 0.380
941 362 12 17 0.380
654 80 6 8 0.378
853 99 5 8 0.378
443 102 6 8 0.378
537 190 9 10 0.378
287 98 5 7 0.376
606 134 6 8 0.376
305 411 11 15 0.376
609 61 6 7 0.372
604 439 11 15 0.372
661 131 6 8 0.370
619 255 8 11 0.370
232 335 10 11 0.370
559 310 10 13 0.365
774 71 5 7 0.364
907 225 8 10 0.364
361 299 11 13 0.364
790 318 9 11 0.364
133 95 6 7 0.361
268 93 5 8 0.361
920 117 7 7 0.361
781 178 7 10 0.359
968 246 9 12 0.359
659 492 11 14 0.359
657 150 6 9 0.353
965 322 9 13 0.351
887 110 5 7 0.349
568 161 7 8 0.345
350 184 8 9 0.345
34 181 8 9 0.343
396 407 13 15 0.341
422 44 5 6 0.339
856 237 8 11 0.339
544 473 12 16 0.339
102 60 5 7 0.337
653 113 7 8 0.337
1 192 6 11 0.337
121 256 8 12 0.337
319 416 12 14 0.337
693 103 5 7 0.335
632 69 5 6 0.333
586 131 5 7 0.333
157 263 9 11 0.333
158 446 13 18 0.331
759 502 16 21 0.330
915 87 6 7 0.329
224 308 9 11 0.329
720 315 10 13 0.329
777 367 10 13 0.329
717 268 9 12 0.327
946 247 9 12 0.325
302 298 9 11 0.325
832 89 6 6 0.322
884 275 10 12 0.322
617 345 11 13 0.322
398 281 9 11 0.319
555 40 5 7 0.318
477 299 11 14 0.316
571 86 6 8 0.314
112 193 8 11 0.314
627 286 12 12 0.314
743 110 7 9 0.312
380 163 5 8 0.312
318 274 9 12 0.312
953 272 8 10 0.312
979 77 5 7 0.310
641 131 7 10 0.310
299 426 11 14 0.306
158 299 9 11 0.302
101 45 4 5 0.301
528 62 6 6 0.301
573 294 9 11 0.301
498 315 12 13 0.301
232 361 11 16 0.301
875 86 6 7 0.299
667 170 7 10 0.295
373 283 9 11 0.295
555 155 7 8 0.293
681 88 6 8 0.291
409 283 9 12 0.291
627 386 12 14 0.291
348 98 6 7 0.288
486 150 8 8 0.288
789 296 9 11 0.288
816 82 5 7 0.282
615 300 10 13 0.282
355 524 17 19 0.277
705 278 8 11 0.277
464 298 11 17 0.277
0 201 7 13 0.275
650 296 9 12 0.275
404 308 11 13 0.275
383 396 12 21 0.274
587 55 7 7 0.273
500 142 6 8 0.273
253 284 9 12 0.273
888 134 6 8 0.271
375 235 9 11 0.271
515 132 7 8 0.270
967 80 6 8 0.268
896 238 8 11 0.268
285 323 11 14 0.266
173 272 9 10 0.264
601 269 10 13 0.264
413 82 6 8 0.263
487 274 10 11 0.263
934 338 11 14 0.263
1015 545 9 18 0.262
500 342 12 19 0.261
721 104 6 7 0.259
483 483 14 45 0.258
833 152 7 10 0.252
216 320 9 12 0.252
147 264 8 34 0.250
10 241 7 8 0.247
93 333 9 11 0.246
492 240 12 12 0.244
318 69 5 7 0.243
791 81 5 7 0.243
608 309 12 14 0.243
258 176 7 10 0.241
0 207 6 9 0.238
342 264 9 10 0.236
222 190 7 11 0.235
150 117 5 7 0.234
482 394 11 12 0.234
728 223 9 9 0.233
692 156 9 10 0.231
763 159 9 10 0.231
535 296 10 22 0.231
209 167 6 9 0.230
304 176 7 9 0.230
540 192 7 10 0.230
20 301 8 11 0.228
648 65 5 8 0.227
187 271 8 10 0.227
730 457 15 17 0.227
358 163 7 9 0.225
118 260 9 15 0.225
1004 267 11 15 0.225
469 151 7 8 0.223
938 251 10 12 0.223
501 60 5 8 0.220
100 76 6 7 0.220
272 150 7 8 0.220
521 147 10 10 0.220
334 174 7 8 0.220
224 164 7 8 0.216
678 88 10 11 0.214
541 190 8 10 0.214
358 453 14 32 0.214
460 38 5 7 0.213
833 148 6 9 0.213
461 66 6 13 0.211
686 258 9 12 0.210
323 152 9 9 0.208
336 173 8 9 0.208
637 285 11 11 0.208
713 90 6 8 0.207
949 89 6 8 0.207
361 320 18 13 0.207
371 78 6 8 0.205
203 81 10 6 0.204
713 270 11 13 0.204
333 399 12 15 0.204
648 278 8 11 0.202
246 84 5 7 0.199
479 293 12 14 0.199
599 406 10 14 0.199
686 75 5 7 0.198
524 285 12 15 0.198
502 317 12 13 0.198
384 352 11 23 0.198
763 341 12 25 0.197
541 150 10 10 0.197
561 338 9 12 0.197
442 159 8 10 0.195
585 85 6 8 0.191
127 240 9 13 0.191
853 97 7 11 0.188
643 393 12 14 0.188
501 302 12 39 0.187
347 95 6 12 0.187
877 121 6 9 0.187
285 327 9 13 0.187
767 381 11 13 0.187
593 202 8 29 0.186
414 320 10 12 0.186
53 185 8 10 0.186
969 239 9 24 0.186
1011 86 6 7 0.184
265 147 9 8 0.184
798 274 9 11 0.184
244 81 6 10 0.183
301 421 12 17 0.183
589 103 6 8 0.180
587 269 8 13 0.180
846 315 10 12 0.180
482 150 14 8 0.179
85 231 8 11 0.179
38 113 6 8 0.175
326 151 7 9 0.175
152 73 6 8 0.174
869 72 5 10 0.174
897 168 7 10 0.174
776 267 15 12 0.174
387 415 12 26 0.174
996 409 12 16 0.174
90 392 10 11 0.172
813 114 5 8 0.171
949 236 10 24 0.170
916 392 10 13 0.170
871 449 13 18 0.170
11 264 11 13 0.169
373 70 6 6 0.169
451 81 7 8 0.169
869 221 9 12 0.169
485 26 5 15 0.168
979 44 5 6 0.168
789 440 16 40 0.166
293 308 9 12 0.166
387 397 12 15 0.166
457 240 9 38 0.166
391 200 7 9 0.165
473 320 10 12 0.165
867 73 5 7 0.163
174 271 14 10 0.163
727 324 10 13 0.163
754 251 9 16 0.161
837 213 12 11 0.159
231 339 9 21 0.159
674 368 13 15 0.159
65 272 9 44 0.158
792 298 12 12 0.158
242 156 7 18 0.157
138 140 6 8 0.157
345 202 9 10 0.157
813 588 12 15 0.156
374 217 8 22 0.155
494 273 13 19 0.155
734 132 8 8 0.154
421 36 5 20 0.153
481 204 7 24 0.153
688 250 10 21 0.153
500 378 10 11 0.153
29 270 7 9 0.151
187 474 29 17 0.150
980 41 5 7 0.150
442 155 9 9 0.150
769 375 12 23 0.148
112 198 8 10 0.148
428 320 11 13 0.147
320 177 10 9 0.146
436 256 8 11 0.146
601 47 6 7 0.145
683 78 6 17 0.145
620 92 6 8 0.145
445 309 11 13 0.145
217 310 11 23 0.145
389 40 5 7 0.144
899 232 10 12 0.144
821 435 12 15 0.144
306 418 13 41 0.143
462 391 12 15 0.143
604 269 10 11 0.143
461 34 6 13 0.142
828 274 9 44 0.142
724 208 8 29 0.141
819 212 9 28 0.140
700 342 12 15 0.140
620 253 16 12 0.139
702 306 11 15 0.138
536 467 13 16 0.138
522 132 11 10 0.136
232 396 11 14 0.136
526 377 21 14 0.135
674 377 12 15 0.135
678 148 7 9 0.134
515 322 8 11 0.132
376 80 9 9 0.131
611 113 7 8 0.131
234 520 12 18 0.131
301 80 7 10 0.130
181 82 18 7 0.129
570 77 7 21 0.129
498 202 9 10 0.129
89 219 8 20 0.129
678 268 10 14 0.129
763 197 7 45 0.129
887 418 18 40 0.129
977 76 7 12 0.128
563 390 11 28 0.128
268 79 9 9 0.127
551 151 11 12 0.127
182 166 14 9 0.127
648 233 7 10 0.127
407 245 11 11 0.127
411 240 8 23 0.126
554 545 12 16 0.126
526 92 6 7 0.126
645 300 9 13 0.126
215 323 13 11 0.126
220 298 9 38 0.126
697 398 12 49 0.126
116 324 10 40 0.125
927 395 11 57 0.124
203 469 17 18 0.124
508 85 5 8 0.124
723 253 8 10 0.123
640 254 9 26 0.123
618 269 9 25 0.123
313 292 9 12 0.122
473 346 17 14 0.121
589 105 6 9 0.121
585 149 8 22 0.121
685 146 15 18 0.121
308 433 12 17 0.121
227 160 12 9 0.120
659 161 14 20 0.120
606 413 12 15 0.120
484 29 6 7 0.120
489 41 6 11 0.119
533 421 13 19 0.119
162 213 7 57 0.118
219 163 13 10 0.118
861 112 9 13 0.117
489 319 9 12 0.117
360 348 11 32 0.117
974 170 9 29 0.116
476 2 8 8 0.115
308 136 7 9 0.115
640 123 7 23 0.115
529 230 17 11 0.115
346 301 11 16 0.115
182 263 11 21 0.115
608 50 6 25 0.114
409 309 14 24 0.114
703 346 10 13 0.114
296 380 11 13 0.114
641 474 11 17 0.114
610 121 8 21 0.113
705 282 9 26 0.113
531 415 11 16 0.113
506 79 8 21 0.112
527 83 6 18 0.112
628 494 11 14 0.112
372 228 8 12 0.111
802 275 9 11 0.111
301 295 16 17 0.111
689 258 9 11 0.111
779 423 15 31 0.110
501 63 6 8 0.110
486 33 6 18 0.110
223 376 11 15 0.110
276 255 8 79 0.109
314 274 10 12 0.109
938 422 13 18 0.109
112 269 11 13 0.108
797 308 9 42 0.107
708 78 7 12 0.107
380 305 11 60 0.107
75 266 23 20 0.106
440 71 5 8 0.106
672 145 15 15 0.106
833 145 7 24 0.106
50 181 16 16 0.106
782 426 16 19 0.106
634 252 9 10 0.105
622 90 7 8 0.105
547 136 9 22 0.105
947 83 7 17 0.104
625 115 12 8 0.104
438 392 16 27 0.104
311 271 16 21 0.103
556 379 10 13 0.103
557 271 8 24 0.102
709 227 11 14 0.102
300 294 11 27 0.101
812 106 6 22 0.100
338 336 12 14 0.100
6 331 21 13 0.100
689 133 7 11 0.100
526 89 6 8 0.099
396 278 10 12 0.099
638 244 10 19 0.098
152 331 11 13 0.098
529 322 13 13 0.098
155 325 9 78 0.098
832 146 6 7 0.097
234 519 15 32 0.097
521 30 5 7 0.097
582 147 7 23 0.096
302 298 14 26 0.096
964 326 10 14 0.096
230 524 13 17 0.096
502 264 9 26 0.096
562 293 20 12 0.096
147 320 10 12 0.095
637 388 16 34 0.095
813 101 6 8 0.094
888 158 9 14 0.094
739 300 9 27 0.094
943 423 12 15 0.094
1010 82 6 15 0.093
441 140 7 28 0.093
927 233 14 22 0.093
385 291 10 20 0.093
803 127 7 9 0.092
632 383 16 19 0.092
346 308 9 16 0.092
963 49 5 10 0.092
674 183 9 11 0.092
460 241 9 13 0.092
974 217 9 41 0.091
177 507 51 17 0.091
555 484 12 17 0.091
859 266 15 14 0.090
915 71 6 8 0.089
57 84 6 8 0.089
663 175 9 12 0.089
532 409 12 15 0.089
524 157 8 9 0.088
38 225 8 9 0.088
503 246 10 29 0.088
225 171 7 58 0.087
428 26 5 8 0.087
388 37 8 11 0.087
248 57 6 7 0.087
698 219 16 11 0.087
211 304 11 15 0.087
961 45 9 18 0.086
873 116 14 12 0.086
617 288 11 25 0.086
312 351 11 23 0.085
788 92 5 19 0.085
965 72 6 21 0.085
116 270 11 11 0.085
471 84 6 9 0.084
584 155 11 11 0.084
949 86 6 20 0.084
835 112 7 9 0.084
897 153 8 28 0.084
837 183 7 10 0.084
119 240 8 49 0.083
372 17 6 16 0.083
479 430 12 15 0.083
605 432 11 17 0.083
198 82 6 6 0.083
182 280 10 27 0.082
408 273 12 24 0.082
595 270 23 10 0.082
678 373 13 14 0.082
889 107 5 7 0.082
88 236 9 10 0.082
234 325 10 69 0.082
523 229 10 12 0.081
607 419 12 15 0.081
319 568 13 15 0.081
183 155 7 32 0.081
183 249 9 83 0.081
886 159 8 10 0.081
112 143 7 33 0.081
631 109 7 17 0.080
977 178 7 10 0.080
907 45 6 11 0.080
870 140 6 9 0.080
937 340 12 32 0.079
869 155 7 10 0.079
350 202 7 9 0.079
534 261 11 12 0.079
934 45 5 7 0.079
933 35 7 26 0.078
315 460 11 15 0.078
479 393 10 12 0.078
582 364 11 25 0.078
531 131 6 9 0.078
254 372 9 20 0.078
38 110 8 23 0.077
149 111 6 22 0.077
898 146 7 25 0.077
792 271 15 14 0.077
185 326 8 12 0.077
188 272 10 12 0.076
787 294 11 19 0.076
435 387 17 13 0.076
565 68 6 9 0.075
996 245 8 10 0.075
837 164 8 16 0.075
502 54 6 27 0.074
769 112 8 10 0.074
970 145 7 9 0.074
150 321 14 13 0.073
792 310 11 29 0.073
643 468 13 20 0.073
152 83 6 8 0.073
15 144 8 9 0.073
146 454 12 15 0.073
203 311 11 49 0.073
678 133 8 29 0.072
749 246 21 9 0.072
375 198 7 61 0.072
670 272 18 11 0.072
918 405 13 18 0.071
565 63 6 19 0.070
891 84 12 8 0.070
344 198 9 21 0.070
259 375 11 65 0.070
486 348 22 15 0.069
499 55 7 25 0.069
832 164 8 13 0.069
484 278 9 13 0.069
891 56 4 6 0.069
890 129 9 18 0.069
885 439 12 17 0.069
611 268 15 14 0.069
802 124 6 9 0.068
1 187 6 31 0.068
932 40 6 14 0.068
642 64 11 13 0.068
388 235 8 9 0.068
613 232 9 11 0.068
658 248 14 22 0.068
104 300 11 22 0.068
543 95 8 8 0.068
891 149 10 24 0.068
373 417 15 17 0.068
232 400 25 52 0.067
545 153 20 8 0.067
818 433 12 15 0.067
502 139 7 52 0.067
651 328 10 55 0.066
305 174 8 9 0.066
208 300 10 13 0.066
272 332 10 12 0.066
486 391 12 13 0.066
539 433 12 15 0.066
314 199 8 11 0.065
412 248 13 19 0.065
783 406 13 16 0.065
666 167 13 27 0.065
922 168 8 42 0.065
317 247 9 68 0.065
385 76 7 24 0.064
0 187 7 12 0.064
384 176 8 15 0.064
470 223 18 19 0.064
767 319 10 13 0.064
542 335 11 23 0.064
658 477 14 32 0.064
577 44 6 13 0.064
932 294 12 13 0.064
799 265 9 86 0.063
749 322 18 15 0.063
150 158 10 12 0.063
158 340 10 13 0.063
812 98 6 23 0.063
311 169 16 23 0.063
502 146 5 31 0.063
868 157 7 10 0.062
524 30 9 8 0.062
785 72 12 19 0.062
892 71 8 22 0.062
723 201 8 11 0.062
172 217 7 9 0.062
860 447 11 15 0.062
630 114 10 7 0.062
768 126 8 73 0.062
371 280 9 15 0.062
490 83 6 9 0.062
359 415 13 15 0.062
489 76 8 25 0.061
637 149 9 24 0.061
67 291 11 12 0.061
748 105 5 8 0.061
673 307 10 44 0.061
805 130 7 15 0.061
656 239 11 25 0.060
1018 242 6 12 0.060
423 311 38 25 0.060
711 81 6 12 0.060
686 123 7 11 0.060
314 128 6 7 0.060
211 460 14 17 0.060
1009 458 14 19 0.060
494 34 5 17 0.059
153 256 9 11 0.059
642 284 16 28 0.059
227 418 36 15 0.059
369 267 10 27 0.059
192 310 10 13 0.059
379 156 8 14 0.058
874 207 9 10 0.058
148 170 8 76 0.058
937 415 14 20 0.058
916 63 7 20 0.058
202 200 7 9 0.058
447 201 10 19 0.058
43 445 12 16 0.058
210 129 7 18 0.057
511 144 17 17 0.057
531 187 9 11 0.057
664 244 10 23 0.057
560 329 11 17 0.057
427 16 6 28 0.057
804 122 8 21 0.057
838 153 7 14 0.057
45 228 8 10 0.057
815 72 5 29 0.056
523 133 7 30 0.056
279 264 10 13 0.056
301 282 10 13 0.056
794 157 6 76 0.056
786 399 21 59 0.055
459 302 25 15 0.055
321 166 8 24 0.055
614 261 11 28 0.055
637 316 9 13 0.055
868 161 6 9 0.055
428 441 24 64 0.055
882 82 14 18 0.055
37 202 7 9 0.055
652 301 9 30 0.055
0 184 9 24 0.054
630 241 10 25 0.054
583 272 9 23 0.054
119 306 9 11 0.054
690 317 18 55 0.054
742 33 6 8 0.053
631 412 10 14 0.053
438 65 6 32 0.053
458 69 10 8 0.053
53 82 6 8 0.053
506 259 9 11 0.053
520 19 8 27 0.052
710 105 7 8 0.052
480 129 7 9 0.052
652 292 9 29 0.052
115 300 11 10 0.052
349 155 10 68 0.052
149 62 9 20 0.052
298 73 11 20 0.052
787 407 13 21 0.052
777 492 12 14 0.052
867 159 7 17 0.052
489 516 13 17 0.052
418 380 28 59 0.051
508 240 11 11 0.051
473 78 6 20 0.051
811 222 12 12 0.051
740 409 13 17 0.051
507 149 25 8 0.051
790 74 6 21 0.050
371 236 9 12 0.050
30 260 8 10 0.050
429 385 9 15 0.050
475 -3 10 24 0.050
193 80 10 12 0.050
869 154 12 20 0.050
514 275 13 23 0.050
232 454 14 15 0.050
100 290 12 25 0.050
251 262 14 15 0.050
713 321 11 102 0.050
18 329 23 13 0.050
245 56 6 8 0.049
268 328 10 13 0.049
472 403 12 18 0.049
585 124 10 28 0.049
239 339 9 12 0.049
790 347 11 18 0.049
600 399 12 20 0.049
344 401 14 15 0.049
651 251 17 14 0.049
488 338 11 50 0.049
615 106 11 25 0.049
203 344 12 15 0.049
543 224 10 13 0.048
708 404 11 15 0.048
533 317 17 17 0.048
558 312 34 13 0.048
557 304 34 29 0.047
949 52 6 30 0.047
266 95 6 8 0.047
672 296 10 15 0.047
886 275 12 13 0.047
371 22 6 8 0.047
792 342 9 94 0.047
119 265 9 14 0.047
341 75 5 8 0.047
340 195 8 15 0.047
59 173 8 11 0.046
474 414 12 15 0.046
578 343 11 38 0.046
681 370 10 13 0.046
119 112 7 21 0.046
525 64 4 31 0.046
51 242 8 12 0.045
521 432 10 13 0.045
442 93 8 24 0.045
150 68 8 10 0.045
771 361 8 94 0.045
250 301 8 13 0.045
661 93 9 15 0.045
234 132 8 8 0.045
704 374 14 16 0.045
128 153 6 11 0.045
489 315 9 102 0.044
455 62 13 23 0.044
233 420 12 21 0.044
254 368 9 15 0.044
353 127 7 10 0.044
37 170 7 16 0.044
420 43 5 7 0.044
259 147 23 7 0.044
619 116 24 7 0.044
689 94 5 71 0.044
317 66 7 29 0.043
183 364 10 16 0.043
435 249 8 15 0.043
237 73 8 22 0.043
789 83 7 27 0.043
464 19 7 28 0.042
232 440 13 21 0.042
693 172 7 98 0.042
707 76 5 7 0.042
521 369 11 72 0.041
468 75 8 25 0.041
342 309 14 28 0.041
826 265 8 12 0.041
241 77 7 22 0.041
166 100 8 20 0.041
527 52 9 27 0.040
581 72 7 26 0.040
240 365 13 15 0.040
195 21 7 8 0.040
1018 147 7 12 0.040
187 248 8 9 0.040
496 402 14 21 0.040
48 457 12 15 0.040
614 531 12 14 0.040
27 203 10 54 0.040
100 333 25 49 0.040
922 138 9 10 0.039
273 257 11 13 0.039
1007 190 9 20 0.039
587 117 5 41 0.039
42 167 20 45 0.039
179 166 27 9 0.039
578 310 9 96 0.039
104 260 9 89 0.039
104 273 11 19 0.039
356 410 10 15 0.039
502 320 11 51 0.039
59 111 6 12 0.038
773 245 9 11 0.038
186 250 9 26 0.038
233 430 12 16 0.038
733 109 6 51 0.038
300 398 35 43 0.038
951 230 10 30 0.038
691 87 7 29 0.038
99 119 10 9 0.038
156 133 9 10 0.038
850 224 11 25 0.038
403 59 6 7 0.037
916 71 5 30 0.037
209 164 24 9 0.037
946 233 9 110 0.037
379 262 12 24 0.037
888 267 14 20 0.037
973 98 5 45 0.037
101 37 5 29 0.037
646 108 8 11 0.037
7 239 8 10 0.037
341 331 11 98 0.036
230 394 10 14 0.036
426 -2 6 7 0.036
475 19 16 27 0.036
634 56 6 9 0.036
275 175 7 20 0.036
404 550 12 15 0.036
1009 62 7 9 0.036
713 90 8 28 0.036
481 271 11 23 0.036
87 327 11 12 0.036
194 168 8 8 0.036
388 100 6 15 0.036
351 100 7 9 0.036
422 269 13 14 0.035
275 367 10 12 0.035
789 373 11 15 0.035
647 454 13 17 0.035
473 348 48 15 0.035
761 123 8 67 0.035
69 224 8 12 0.035
275 145 10 25 0.034
561 594 11 15 0.034
832 219 12 10 0.034
649 167 27 10 0.034
352 185 8 9 0.034
80 402 12 14 0.034
862 461 11 16 0.034
568 132 27 8 0.034
244 54 8 23 0.034
657 129 8 31 0.034
369 80 17 8 0.034
1012 453 11 16 0.034
685 64 4 39 0.034
314 194 8 23 0.033
451 62 7 41 0.033
848 519 15 18 0.033
381 69 12 29 0.033
385 103 7 9 0.033
650 458 13 17 0.033
101 78 6 7 0.033
514 130 9 31 0.033
169 106 6 7 0.033
295 77 16 12 0.033
638 142 6 40 0.032
1010 58 7 16 0.032
829 283 10 18 0.032
609 382 11 15 0.032
869 306 32 28 0.032
692 8 6 28 0.032
384 278 14 25 0.032
151 397 11 14 0.032
648 63 5 7 0.032
862 341 12 16 0.032
874 87 24 9 0.032
771 112 6 7 0.032
302 395 13 43 0.032
663 88 6 25 0.032
436 69 11 31 0.032
254 367 9 10 0.032
691 22 6 9 0.031
607 -3 6 21 0.031
488 27 7 30 0.031
40 377 9 11 0.031
547 95 8 9 0.030
460 126 6 9 0.030
480 228 17 24 0.030
163 149 7 17 0.030
170 213 8 11 0.030
143 58 6 10 0.030
418 36 10 22 0.030
487 356 12 15 0.030
888 60 6 26 0.030
447 67 15 30 0.030
350 132 8 9 0.030
837 187 8 11 0.030
533 256 16 26 0.030
945 317 11 15 0.029
996 405 11 13 0.029
100 61 6 12 0.029
89 208 8 41 0.029
477 -5 12 22 0.029
1001 244 12 29 0.029
139 318 10 11 0.029
916 287 12 15 0.029
322 297 16 23 0.029
100 32 4 33 0.029
670 251 8 110 0.029
927 260 14 80 0.029
906 160 11 19 0.029
158 259 8 11 0.029
680 277 15 19 0.029
314 333 13 51 0.029
696 254 9 13 0.028
167 11 7 7 0.028
299 74 8 9 0.028
805 215 9 12 0.028
748 237 8 12 0.028
147 159 19 9 0.028
210 321 11 67 0.028
207 74 7 8 0.028
964 56 7 30 0.028
929 115 6 8 0.028
350 99 6 8 0.028
186 368 10 12 0.028
657 175 8 98 0.028
28 102 9 16 0.028
768 139 8 12 0.028
484 219 17 38 0.028
270 30 5 14 0.028
573 125 20 22 0.028
1019 235 6 12 0.028
222 296 10 20 0.027
827 381 10 114 0.027
789 273 9 15 0.027
660 116 5 48 0.027
806 120 12 83 0.027
918 258 10 14 0.027
90 330 9 11 0.027
368 16 8 23 0.027
504 92 9 16 0.027
633 415 10 15 0.027
904 334 14 15 0.027
13 142 7 8 0.027
950 34 8 28 0.026
694 172 13 16 0.026
126 224 9 12 0.026
228 307 14 25 0.026
-1 393 5 15 0.026
594 460 13 17 0.026
171 99 6 23 0.026
771 215 11 108 0.026
743 269 15 14 0.026
614 237 8 13 0.026
578 140 12 37 0.026
343 356 10 55 0.026
832 91 7 29 0.026
618 535 12 15 0.026
728 618 10 13 0.026
238 336 9 19 0.026
336 283 11 54 0.026
442 15 12 28 0.026
922 45 10 29 0.026
618 92 7 31 0.026
314 125 6 8 0.026
24 418 11 14 0.026
923 -1 7 6 0.025
244 121 7 8 0.025
317 357 12 14 0.025
532 457 34 51 0.025
584 65 5 42 0.025
195 13 7 22 0.025
921 111 7 12 0.025
849 329 11 15 0.025
888 110 6 9 0.025
441 82 8 45 0.025
198 191 8 16 0.025
647 464 16 23 0.025
148 226 12 107 0.025
881 154 24 14 0.025
893 72 6 35 0.025
806 227 9 11 0.025
728 666 19 25 0.025
1004 78 7 15 0.025
961 332 12 14 0.025
133 177 10 15 0.024
336 376 12 15 0.024
801 114 6 23 0.024
1015 14 7 21 0.024
486 68 14 30 0.024
26 103 6 9 0.024
182 136 8 9 0.024
558 145 18 30 0.024
94 214 9 14 0.024
960 312 10 15 0.024
1004 0 6 5 0.024
453 162 7 108 0.024
640 28 6 7 0.024
528 43 4 47 0.024
1005 261 12 28 0.024
786 33 7 8 0.024
531 352 31 73 0.024
76 210 10 11 0.024
574 391 14 22 0.024
380 270 23 37 0.024
134 131 7 19 0.023
871 131 10 29 0.023
1000 147 8 13 0.023
93 392 10 13 0.023
371 67 13 28 0.023
210 98 7 9 0.023
595 357 12 14 0.023
694 29 7 7 0.023
304 396 11 18 0.023
555 31 6 24 0.023
595 269 13 14 0.023
12 20 6 7 0.023
18 141 8 11 0.023
58 76 8 20 0.023
57 53 6 28 0.023
474 236 20 12 0.023
196 164 9 8 0.022
57 67 7 12 0.022
872 178 5 116 0.022
867 158 19 12 0.022
258 341 27 87 0.022
56 82 7 8 0.022
477 -8 6 32 0.022
628 3 9 30 0.022
258 177 8 23 0.022
657 445 15 89 0.022
868 64 11 32 0.022
474 130 10 30 0.022
419 152 9 18 0.022
616 332 12 24 0.022
405 124 5 108 0.022
697 248 14 22 0.022
848 134 7 17 0.022
670 169 7 9 0.022
694 0 5 6 0.022
164 315 16 21 0.021
917 260 12 110 0.021
114 257 10 13 0.021
103 79 8 8 0.021
475 121 11 26 0.021
614 255 9 14 0.021
609 116 15 31 0.021
644 54 8 20 0.021
547 80 12 28 0.021
109 173 9 26 0.021
916 61 4 49 0.021
665 29 8 9 0.021
307 76 10 30 0.021
207 165 10 8 0.021
230 369 33 94 0.021
785 25 8 25 0.021
687 14 12 27 0.021
575 128 13 32 0.021
340 234 9 116 0.021
165 197 9 76 0.021
584 353 15 23 0.020
593 393 15 21 0.020
114 508 11 15 0.020
253 365 29 44 0.020
543 -2 7 7 0.020
297 382 14 19 0.020
384 32 7 20 0.020
622 264 14 48 0.020
410 507 14 21 0.020
336 333 11 33 0.020
702 246 8 115 0.020
903 150 10 27 0.020
337 204 11 17 0.020
860 453 14 26 0.020
951 27 5 43 0.020
914 400 13 18 0.020
788 267 12 24 0.020
825 294 11 13 0.020
522 593 12 15 0.020
902 164 19 11 0.020
211 74 12 18 0.020
35 166 8 16 0.020
770 137 7 9 0.020
942 140 17 26 0.020
681 150 5 111 0.019
234 121 7 24 0.019
480 209 11 26 0.019
719 55 6 7 0.019
926 151 8 17 0.019
770 -1 7 7 0.019
50 461 12 14 0.019
613 266 9 112 0.019
543 231 8 11 0.019
252 135 11 21 0.019
869 135 7 99 0.019
526 -2 7 7 0.019
741 179 8 10 0.019
908 184 12 11 0.019
224 529 13 17 0.019
608 0 6 13 0.019
940 299 11 112 0.019
236 388 42 46 0.019
486 19 5 47 0.019
1005 42 6 22 0.019
904 35 6 24 0.019
528 304 10 111 0.019
227 462 16 15 0.018
276 269 12 54 0.018
799 109 9 28 0.018
496 279 11 73 0.018
222 13 8 17 0.018
528 220 10 20 0.018
484 413 15 19 0.018
427 380 9 11 0.018
920 158 11 20 0.018
236 192 8 10 0.018
313 383 12 102 0.018
711 169 9 10 0.018
640 27 8 11 0.018
507 76 17 28 0.018
521 221 8 15 0.018
736 136 8 14 0.018
1003 81 12 9 0.018
316 564 13 16 0.018
520 272 15 55 0.018
948 203 8 21 0.018
491 244 12 12 0.018
720 528 13 17 0.018
525 315 28 89 0.018
951 107 10 14 0.018
281 255 13 23 0.018
413 245 9 13 0.017
320 86 7 31 0.017
670 128 16 30 0.017
196 152 9 24 0.017
532 366 12 23 0.017
670 331 11 16 0.017
15 362 10 13 0.017
760 208 9 13 0.017
803 111 7 39 0.017
883 264 9 12 0.017
203 158 9 19 0.017
407 549 13 17 0.017
1002 275 14 63 0.017
1006 44 10 25 0.017
188 246 8 24 0.017
648 323 11 14 0.017
350 10 8 7 0.017
422 1 10 31 0.017
156 123 9 22 0.017
551 66 15 29 0.017
352 110 7 23 0.017
304 68 16 29 0.017
946 65 10 31 0.017
257 145 8 8 0.016
308 130 9 20 0.016
714 79 4 49 0.016
552 97 8 88 0.016
931 36 14 32 0.016
310 248 10 11 0.016
39 434 13 20 0.016
113 149 8 9 0.016
331 267 12 28 0.016
132 231 9 10 0.016
803 286 13 24 0.016
197 473 13 17 0.016
610 92 5 43 0.016
408 79 11 21 0.016
979 196 7 10 0.016
825 271 11 27 0.016
664 466 13 17 0.016
138 472 13 18 0.016
570 102 12 71 0.016
584 322 11 96 0.016
230 73 19 20 0.016
844 120 7 18 0.016
660 220 14 21 0.016
564 135 10 51 0.016
159 298 15 21 0.016
622 -2 14 20 0.016
213 351 15 18 0.016
646 450 11 16 0.016
218 310 13 14 0.015
901 190 17 87 0.015
957 473 14 15 0.015
385 169 7 29 0.015
181 371 11 14 0.015
227 80 10 21 0.015
398 551 15 17 0.015
765 279 9 133 0.015
1019 229 5 25 0.015
607 60 9 21 0.015
297 182 10 17 0.015
599 443 12 15 0.015
359 35 6 22 0.015
151 207 10 12 0.015
608 0 6 6 0.015
463 7 11 27 0.015
317 347 61 25 0.015
363 77 11 16 0.015
57 239 10 19 0.015
319 244 11 11 0.015
122 334 13 14 0.015
242 408 15 18 0.015
766 388 12 17 0.015
288 69 15 26 0.015
729 135 8 9 0.015
741 32 7 12 0.015
925 398 14 18 0.015
388 284 9 46 0.015
463 119 7 15 0.015
693 -2 7 12 0.014
319 55 4 47 0.014
145 314 10 11 0.014
918 261 21 20 0.014
996 146 10 18 0.014
127 272 11 12 0.014
828 413 12 16 0.014
847 438 14 14 0.014
106 110 22 26 0.014
502 95 8 95 0.014
939 111 9 73 0.014
719 52 10 10 0.014
348 119 11 27 0.014
652 259 17 29 0.014
261 374 10 114 0.014
846 120 8 25 0.014
763 358 40 64 0.014
979 40 7 11 0.014
419 265 14 85 0.014
630 -2 5 41 0.014
931 433 11 15 0.014
739 259 9 92 0.014
596 122 11 114 0.014
792 321 10 17 0.014
982 251 12 15 0.014
95 294 10 14 0.014
157 319 27 12 0.014
682 179 12 14 0.014
673 269 9 114 0.014
320 553 14 31 0.014
113 408 10 13 0.014
415 242 11 18 0.014
747 102 6 7 0.014
637 377 11 14 0.014
788 29 6 18 0.014
874 313 11 14 0.014
657 268 15 97 0.014
745 161 11 22 0.014
827 259 13 24 0.014
852 257 35 109 0.014
476 121 6 45 0.013
714 333 13 13 0.013
278 142 6 113 0.013
476 57 9 29 0.013
800 311 12 23 0.013
905 41 5 14 0.013
640 445 13 18 0.013
525 50 5 59 0.013
546 543 14 17 0.013
311 462 13 14 0.013
71 599 14 20 0.013
475 407 11 31 0.013
258 179 7 12 0.013
851 106 13 27 0.013
586 482 14 19 0.013
1000 250 18 28 0.013
240 366 24 13 0.013
829 87 11 8 0.013
129 227 8 11 0.013
906 218 9 15 0.013
100 228 10 117 0.013
855 442 11 12 0.013
478 -1 7 7 0.013
946 205 8 9 0.013
894 -1 12 23 0.013
555 241 12 29 0.013
888 105 13 24 0.013
75 321 11 13 0.013
696 342 13 26 0.013
604 52 12 23 0.013
997 266 10 18 0.013
974 351 11 21 0.013
693 121 19 95 0.013
512 62 16 31 0.013
757 239 12 10 0.013
727 47 8 17 0.013
617 353 37 107 0.013
503 237 22 20 0.013
415 284 28 80 0.013
884 65 14 32 0.013
69 215 10 22 0.013
519 15 16 32 0.012
686 259 13 58 0.012
760 234 10 14 0.012
383 67 15 20 0.012
900 154 13 17 0.012
337 123 9 18 0.012
937 147 29 10 0.012
567 276 50 86 0.012
872 456 12 17 0.012
43 332 9 12 0.012
653 0 6 6 0.012
342 203 9 21 0.012
950 109 8 9 0.012
976 67 7 31 0.012
402 105 5 106 0.012
590 169 11 111 0.012
359 44 6 9 0.012
1015 642 11 24 0.012
979 191 8 10 0.012
296 141 9 20 0.012
670 163 11 21 0.012
383 359 27 100 0.012
934 -4 8 11 0.012
19 148 8 16 0.012
343 267 12 26 0.012
275 258 15 27 0.012
211 99 8 11 0.012
688 474 19 18 0.012
648 296 13 142 0.012
805 213 8 10 0.012
979 103 7 8 0.012
991 404 11 15 0.012
581 49 11 31 0.012
744 366 12 16 0.012
461 119 14 24 0.012
212 373 15 21 0.012
823 369 11 118 0.012
399 54 10 28 0.012
266 271 19 113 0.012
473 0 21 13 0.011
228 445 11 16 0.011
934 66 15 31 0.011
741 174 8 21 0.011
921 51 13 31 0.011
475 49 7 109 0.011
430 15 18 31 0.011
28 228 9 16 0.011
238 414 11 17 0.011
541 23 16 29 0.011
549 616 12 19 0.011
934 -1 6 7 0.011
607 85 12 25 0.011
441 138 11 21 0.011
601 435 11 15 0.011
207 75 24 16 0.011
546 -6 10 22 0.011
562 372 13 18 0.011
136 453 12 14 0.011
243 536 15 25 0.011
0 388 5 24 0.011
812 79 9 9 0.011
711 73 5 23 0.011
739 18 11 30 0.011
175 409 12 17 0.011
961 19 9 29 0.011
972 360 10 15 0.011
-1 385 6 15 0.011
574 321 20 112 0.011
422 -6 12 29 0.011
535 441 12 14 0.011
894 232 9 15 0.011
848 127 5 31 0.011
228 114 8 11 0.011
202 328 14 17 0.011
332 136 8 26 0.011
977 355 10 14 0.011
555 400 17 23 0.011
513 113 7 63 0.011
431 -6 11 23 0.011
604 96 12 30 0.011
824 235 13 17 0.011
744 454 13 17 0.011
616 356 13 17 0.011
668 267 12 15 0.011
64 119 7 9 0.011
18 148 8 10 0.011
425 51 7 40 0.010
619 82 5 57 0.010
839 58 7 9 0.010
159 130 7 10 0.010
94 226 11 19 0.010
904 186 8 13 0.010
581 115 9 114 0.010
528 193 7 118 0.010
193 414 40 109 0.010
340 120 7 15 0.010
744 273 11 122 0.010
638 16 14 27 0.010
200 438 14 16 0.010
520 352 24 103 0.010
307 13 10 29 0.010
74 575 12 16 0.010
540 66 11 31 0.010
133 406 12 16 0.010
