2_Demonstration_Protesters_2_646
40
652 219 74 92 0.847
345 247 105 133 0.846
980 223 42 51 0.841
226 190 52 71 0.818
472 211 78 100 0.801
566 219 41 52 0.794
805 347 76 92 0.787
334 183 24 34 0.776
592 178 22 30 0.771
390 178 19 25 0.730
282 172 17 23 0.668
115 166 43 53 0.640
452 163 46 66 0.606
190 187 16 20 0.531
741 195 24 30 0.508
46 86 30 50 0.302
413 177 15 21 0.160
401 137 12 14 0.118
370 182 15 20 0.114
289 174 14 19 0.096
738 192 38 50 0.055
843 461 109 51 0.049
743 192 18 23 0.046
416 183 15 21 0.043
998 32 26 51 0.041
438 177 35 43 0.028
2 193 33 42 0.027
436 183 16 21 0.027
362 186 23 23 0.026
8 80 40 59 0.025
564 201 22 25 0.019
554 202 34 37 0.019
89 179 29 37 0.017
569 193 16 21 0.012
417 173 15 18 0.012
478 139 12 17 0.012
453 141 13 16 0.012
371 193 16 20 0.011
8 129 26 48 0.011
376 139 12 13 0.011
