2_Demonstration_Demonstration_Or_Protest_2_617
32
55 416 54 63 0.857
592 487 57 65 0.852
154 392 50 64 0.835
5 400 40 44 0.823
731 80 70 80 0.816
804 493 162 124 0.788
540 438 41 49 0.775
646 458 43 52 0.761
266 468 57 68 0.733
415 454 39 43 0.680
363 433 26 33 0.628
254 101 23 28 0.568
317 441 43 54 0.530
783 495 31 52 0.210
308 439 37 48 0.202
231 416 26 33 0.172
180 350 42 53 0.081
715 519 33 33 0.068
16 188 17 22 0.061
2 437 16 27 0.044
499 416 34 45 0.044
412 467 46 50 0.037
773 546 88 68 0.029
296 434 31 44 0.025
804 501 82 95 0.025
481 421 47 53 0.023
307 441 24 31 0.015
434 448 59 54 0.013
311 449 23 29 0.012
473 437 42 48 0.012
399 465 20 23 0.010
1000 128 12 19 0.010
