2_Demonstration_Demonstration_Or_Protest_2_438
39
451 265 48 62 0.868
466 545 59 76 0.859
612 567 20 26 0.156
1000 579 17 29 0.152
792 601 21 35 0.116
260 559 45 52 0.108
847 599 23 38 0.099
248 566 45 59 0.098
576 653 55 34 0.088
241 575 36 64 0.070
954 503 17 24 0.058
317 499 13 16 0.052
104 514 14 20 0.049
747 507 12 16 0.048
389 500 11 15 0.038
876 495 15 20 0.034
1016 513 9 20 0.032
1015 465 10 25 0.030
872 500 16 21 0.030
1016 474 9 22 0.026
237 519 27 34 0.024
148 479 16 20 0.022
130 489 11 15 0.022
879 480 13 17 0.020
990 644 25 40 0.020
152 483 14 19 0.019
166 553 35 44 0.019
0 631 20 54 0.018
802 483 14 19 0.016
104 506 15 22 0.015
927 478 15 20 0.014
953 496 16 23 0.014
126 460 12 15 0.013
1017 483 8 21 0.012
687 575 17 31 0.012
1013 510 11 31 0.012
156 481 13 18 0.012
49 611 30 54 0.011
851 606 23 39 0.011
