2_Demonstration_Protesters_2_156
30
250 314 43 56 0.869
613 338 46 56 0.864
136 324 38 46 0.860
738 444 54 53 0.853
432 318 45 70 0.848
56 291 37 43 0.847
986 -1 38 50 0.846
0 316 20 34 0.750
674 139 8 10 0.168
97 139 14 17 0.096
525 131 17 21 0.080
353 123 16 18 0.052
55 137 20 26 0.046
677 139 20 16 0.043
707 135 11 16 0.041
680 143 9 11 0.034
686 142 9 11 0.034
536 432 9 11 0.023
97 143 14 26 0.022
675 132 12 23 0.021
699 140 19 13 0.019
99 162 14 18 0.017
718 121 10 12 0.016
550 119 11 14 0.015
43 140 18 23 0.013
755 136 10 10 0.012
709 125 11 20 0.011
673 131 13 12 0.011
35 143 16 20 0.011
706 145 11 11 0.010
