2_Demonstration_Demonstration_Or_Protest_2_600
278
45 245 66 83 0.869
151 312 33 35 0.828
886 281 46 71 0.799
56 152 17 19 0.784
949 405 30 45 0.783
221 388 36 45 0.777
638 150 18 22 0.776
817 308 35 45 0.769
380 148 16 18 0.753
255 110 11 14 0.753
867 222 23 29 0.749
797 149 16 18 0.743
480 300 26 33 0.734
27 43 10 12 0.713
169 103 12 14 0.709
227 103 12 14 0.704
958 263 25 28 0.698
678 353 33 42 0.697
498 110 12 12 0.695
540 113 10 12 0.690
286 155 15 19 0.671
124 113 11 13 0.669
314 106 11 13 0.668
190 145 18 20 0.664
79 103 11 14 0.663
241 164 13 15 0.661
110 36 11 13 0.653
508 145 15 19 0.650
794 115 12 13 0.646
0 159 11 20 0.640
731 148 15 17 0.637
920 113 9 11 0.636
942 146 16 19 0.636
58 60 9 11 0.634
731 110 13 15 0.630
565 127 12 15 0.626
686 104 11 13 0.617
701 129 13 15 0.615
274 57 9 12 0.612
4 31 10 13 0.607
26 104 12 15 0.606
821 113 8 9 0.594
900 124 10 13 0.588
657 117 11 12 0.580
184 64 9 11 0.580
834 116 10 13 0.578
241 57 9 10 0.575
851 139 14 19 0.565
596 110 10 12 0.565
151 55 9 11 0.554
958 126 12 16 0.554
437 108 9 12 0.552
918 155 16 20 0.545
620 98 9 12 0.529
220 51 10 11 0.519
884 110 8 11 0.517
999 85 13 16 0.503
83 46 10 11 0.494
68 47 10 11 0.484
581 112 9 9 0.479
480 109 10 11 0.466
371 114 9 12 0.442
758 116 11 13 0.431
403 105 10 13 0.427
895 145 15 19 0.368
195 281 29 26 0.365
31 155 17 20 0.335
453 113 10 11 0.335
656 134 11 14 0.318
562 109 9 10 0.286
633 111 8 11 0.280
267 233 18 20 0.272
433 166 14 16 0.251
26 147 18 20 0.244
430 62 8 10 0.241
154 167 16 21 0.234
770 121 9 12 0.225
586 110 11 13 0.223
409 121 10 14 0.211
392 119 10 13 0.204
771 117 12 14 0.198
760 118 17 13 0.192
334 93 8 9 0.191
898 109 11 41 0.187
493 385 31 40 0.175
890 143 15 20 0.172
242 55 9 24 0.165
103 165 18 21 0.163
629 113 10 14 0.160
456 113 13 12 0.158
490 109 19 12 0.142
852 111 9 11 0.140
727 145 15 18 0.139
482 167 14 15 0.137
945 151 17 19 0.133
917 152 30 21 0.130
304 100 12 12 0.129
400 99 12 26 0.127
1013 120 10 17 0.127
900 145 16 19 0.127
12 40 31 14 0.122
231 55 21 12 0.121
407 103 11 14 0.120
916 136 11 12 0.119
726 110 32 15 0.119
626 121 9 12 0.116
775 112 11 12 0.114
242 75 9 11 0.110
302 96 8 10 0.109
778 107 12 14 0.105
900 98 10 68 0.104
407 108 12 33 0.103
595 104 13 22 0.102
706 130 13 16 0.101
991 350 34 70 0.101
908 110 10 11 0.100
707 108 9 12 0.098
325 99 12 13 0.095
153 150 16 44 0.094
287 148 13 16 0.094
591 132 10 15 0.094
706 156 13 17 0.093
884 107 8 10 0.091
154 129 15 16 0.089
394 118 13 15 0.088
429 161 13 18 0.085
433 89 9 11 0.079
377 109 12 14 0.071
780 106 9 9 0.070
897 128 13 37 0.070
983 121 13 16 0.069
699 162 14 18 0.068
147 51 28 23 0.063
435 171 12 15 0.062
55 55 24 14 0.061
182 122 12 14 0.061
218 52 9 13 0.061
421 118 13 11 0.057
931 101 9 11 0.056
696 173 12 17 0.055
830 140 13 16 0.054
896 152 15 19 0.054
829 155 11 15 0.052
300 94 8 9 0.052
702 135 15 17 0.049
540 115 13 15 0.049
433 92 11 12 0.049
169 108 13 14 0.047
696 124 12 16 0.045
539 67 8 9 0.044
430 88 10 11 0.043
934 107 10 12 0.043
342 316 24 25 0.042
56 3 7 9 0.041
834 129 14 21 0.041
0 154 11 17 0.041
509 138 12 16 0.041
975 117 16 14 0.041
402 126 11 14 0.040
855 114 12 14 0.039
905 94 7 10 0.039
886 139 12 16 0.039
177 57 10 11 0.038
478 166 13 14 0.036
976 115 10 13 0.034
767 183 15 17 0.034
925 167 15 19 0.033
996 89 13 15 0.033
303 102 22 14 0.033
809 126 11 13 0.032
844 153 13 18 0.032
876 113 14 15 0.032
16 100 13 14 0.031
888 149 15 18 0.030
831 152 15 19 0.030
145 51 9 12 0.029
513 320 15 18 0.029
744 113 17 15 0.029
838 141 27 23 0.029
611 99 11 13 0.028
848 97 15 36 0.028
950 153 16 20 0.028
702 160 12 16 0.027
142 152 18 22 0.027
465 128 11 14 0.027
151 131 13 15 0.027
299 83 10 31 0.027
86 46 11 13 0.027
902 89 8 10 0.026
826 142 15 18 0.026
390 122 10 12 0.025
514 147 13 16 0.025
965 128 15 18 0.025
980 267 20 28 0.025
32 162 15 17 0.024
928 93 7 8 0.024
1015 110 9 22 0.024
245 166 12 15 0.023
218 114 13 26 0.023
636 115 14 14 0.023
484 172 14 15 0.022
926 91 9 20 0.022
525 170 13 16 0.021
81 40 11 14 0.020
904 92 7 10 0.019
1015 156 9 21 0.019
216 126 14 17 0.019
657 139 13 16 0.019
1017 139 8 18 0.019
759 180 16 19 0.019
933 126 13 15 0.019
138 180 21 24 0.018
338 95 9 15 0.018
266 56 9 12 0.018
759 121 11 13 0.018
817 128 15 21 0.018
666 111 11 14 0.018
103 158 17 20 0.018
401 89 11 24 0.017
850 108 8 9 0.017
80 108 12 13 0.017
340 103 10 14 0.017
248 70 9 17 0.017
732 76 11 114 0.016
652 132 12 15 0.016
1 157 17 19 0.016
647 126 15 26 0.016
844 159 11 16 0.016
767 74 50 94 0.015
817 116 40 74 0.015
833 105 9 10 0.015
957 210 13 18 0.015
433 59 9 64 0.015
884 152 16 19 0.015
967 270 23 27 0.015
795 122 14 15 0.015
972 142 15 16 0.015
187 150 18 21 0.015
148 131 16 26 0.015
973 333 49 68 0.014
60 59 10 12 0.014
431 153 14 15 0.014
0 301 15 53 0.014
911 161 17 26 0.014
406 226 12 14 0.014
664 206 17 22 0.013
395 150 14 16 0.013
483 109 10 13 0.013
140 147 18 20 0.013
974 125 18 40 0.013
971 148 15 16 0.013
403 90 8 11 0.013
14 125 12 14 0.012
946 157 17 20 0.012
896 275 35 51 0.012
881 70 9 10 0.012
23 146 15 18 0.012
637 144 16 22 0.012
702 127 15 34 0.012
724 114 17 13 0.012
754 184 19 17 0.012
143 54 14 14 0.011
759 190 15 18 0.011
375 105 9 12 0.011
849 102 9 17 0.011
57 48 31 22 0.011
336 94 9 11 0.011
242 171 13 16 0.011
461 90 8 10 0.011
55 3 9 14 0.011
106 171 19 23 0.010
978 139 14 18 0.010
503 189 12 14 0.010
542 68 8 10 0.010
531 173 14 19 0.010
767 167 17 26 0.010
938 106 9 11 0.010
399 186 13 15 0.010
