2_Demonstration_Demonstration_Or_Protest_2_586
227
383 186 26 38 0.835
471 147 24 33 0.826
638 166 23 32 0.817
690 146 29 36 0.817
139 146 24 31 0.801
835 202 30 37 0.764
789 114 12 14 0.748
173 126 17 20 0.735
133 120 11 14 0.713
409 106 12 16 0.702
760 122 16 20 0.699
994 148 19 25 0.693
523 121 14 19 0.690
385 135 15 22 0.685
108 130 14 16 0.661
599 115 12 17 0.656
574 156 22 28 0.649
961 104 15 22 0.617
27 106 11 13 0.611
287 159 15 26 0.607
26 131 18 20 0.582
345 95 10 13 0.576
282 123 13 16 0.571
246 120 15 19 0.556
539 94 10 12 0.547
383 104 9 11 0.513
168 101 10 12 0.497
803 220 17 35 0.483
129 99 10 12 0.482
439 126 13 17 0.473
359 89 9 11 0.466
215 114 10 14 0.449
1 112 11 14 0.410
68 136 16 22 0.395
49 112 11 14 0.386
569 126 15 18 0.384
327 144 12 17 0.360
516 39 8 11 0.353
288 105 9 12 0.345
95 89 9 11 0.341
693 94 11 13 0.335
292 88 8 11 0.331
432 97 10 13 0.325
195 124 13 15 0.316
305 93 9 11 0.268
68 92 10 11 0.256
12 89 10 13 0.244
334 102 12 14 0.234
91 112 11 13 0.208
312 170 17 23 0.207
106 105 9 11 0.202
26 97 12 27 0.202
186 105 9 11 0.201
284 108 11 40 0.193
300 91 10 12 0.192
454 94 10 12 0.191
145 96 9 11 0.184
345 90 27 12 0.179
2 96 9 21 0.171
64 110 10 12 0.168
133 104 11 39 0.158
102 107 10 12 0.158
268 122 31 18 0.157
526 103 11 14 0.155
450 117 15 20 0.151
341 93 20 14 0.140
413 112 14 16 0.125
180 101 13 14 0.125
97 84 11 25 0.125
55 92 11 12 0.122
569 160 21 27 0.119
402 94 10 13 0.117
246 98 13 58 0.114
239 92 8 10 0.112
168 103 12 15 0.111
2 94 14 14 0.110
67 115 15 54 0.107
427 95 17 19 0.107
8 90 16 15 0.101
9 4 11 13 0.098
376 138 16 23 0.097
761 102 9 12 0.097
389 280 35 59 0.096
0 74 8 10 0.096
118 147 20 26 0.094
808 225 16 27 0.094
368 93 9 12 0.085
66 90 10 29 0.078
687 117 17 21 0.077
403 91 12 13 0.075
193 128 13 16 0.074
457 94 11 13 0.073
306 77 9 48 0.068
570 118 16 20 0.066
422 118 14 15 0.063
401 106 13 14 0.061
996 94 9 13 0.060
621 81 9 11 0.058
492 115 8 12 0.058
0 72 10 17 0.058
691 113 14 20 0.056
452 120 16 21 0.055
994 97 10 11 0.055
365 115 11 14 0.053
453 96 15 48 0.052
775 124 11 16 0.051
178 110 16 27 0.050
68 109 23 70 0.050
624 139 10 13 0.050
2 116 12 27 0.049
723 126 9 13 0.049
667 134 12 16 0.049
50 104 12 26 0.049
873 156 8 11 0.044
134 92 22 110 0.044
295 110 12 14 0.044
4 133 10 16 0.042
299 112 10 14 0.042
399 163 12 19 0.041
396 106 13 13 0.039
124 92 13 15 0.038
376 96 17 27 0.038
237 90 7 9 0.036
284 130 41 83 0.036
13 169 24 28 0.036
530 112 14 21 0.036
289 63 9 79 0.036
184 98 9 15 0.035
36 90 17 14 0.035
264 232 14 19 0.035
26 91 19 12 0.035
371 143 16 22 0.034
426 88 13 25 0.034
238 87 9 11 0.034
541 99 12 15 0.033
436 64 13 110 0.033
51 84 32 30 0.032
619 80 9 14 0.032
237 87 13 20 0.031
244 125 17 24 0.030
845 202 22 28 0.030
183 100 12 33 0.029
52 87 11 12 0.028
676 126 20 22 0.028
237 120 18 20 0.028
289 85 10 12 0.027
564 74 11 14 0.026
922 111 17 20 0.026
487 34 8 9 0.026
666 129 28 23 0.025
244 74 7 9 0.025
243 88 13 26 0.025
79 67 30 57 0.025
991 99 11 12 0.024
563 159 20 25 0.024
5 129 16 17 0.023
177 197 16 22 0.023
619 136 16 19 0.023
257 94 12 17 0.022
413 88 9 11 0.022
46 118 13 16 0.022
430 78 10 16 0.021
361 117 14 17 0.021
490 111 17 17 0.021
360 90 14 26 0.020
67 84 10 20 0.020
8 151 25 43 0.020
16 57 24 108 0.019
115 129 20 50 0.019
183 83 10 12 0.019
473 71 7 11 0.019
505 129 11 18 0.018
267 97 14 14 0.018
183 87 11 28 0.018
574 111 11 14 0.017
918 114 12 18 0.017
636 148 22 46 0.017
736 102 10 14 0.017
489 118 11 14 0.017
757 94 11 23 0.017
367 119 13 16 0.017
244 71 9 24 0.017
38 90 13 9 0.016
404 89 7 9 0.016
442 127 18 21 0.016
114 115 14 15 0.016
513 121 15 17 0.015
364 95 12 25 0.015
969 116 12 21 0.015
713 128 22 24 0.015
997 118 13 19 0.015
91 116 13 15 0.015
722 83 9 11 0.015
17 72 9 11 0.014
240 93 13 13 0.014
623 81 11 13 0.014
996 157 16 23 0.014
249 136 16 23 0.014
719 120 15 18 0.014
485 120 15 52 0.014
263 112 16 23 0.014
364 147 15 21 0.014
508 34 13 18 0.014
47 66 26 97 0.013
92 88 14 16 0.013
250 92 22 12 0.013
608 88 10 12 0.013
346 87 11 13 0.013
100 88 10 11 0.012
663 138 12 15 0.012
391 164 17 21 0.012
314 157 12 19 0.012
56 92 22 15 0.012
330 155 11 17 0.011
395 166 17 23 0.011
76 97 17 27 0.011
114 154 16 20 0.011
705 78 9 12 0.011
688 100 11 14 0.011
559 75 10 13 0.011
427 79 10 13 0.011
83 139 15 19 0.011
539 88 10 11 0.010
182 201 14 19 0.010
994 111 12 24 0.010
230 116 15 21 0.010
779 130 15 15 0.010
