2_Demonstration_Demonstration_Or_Protest_2_117
274
698 451 32 45 0.886
802 456 34 35 0.834
15 526 27 32 0.831
936 472 31 39 0.831
372 421 24 33 0.816
660 415 29 38 0.813
515 440 26 34 0.807
609 455 29 37 0.803
371 368 15 17 0.799
226 414 23 29 0.799
282 439 21 29 0.797
596 430 26 33 0.787
625 411 25 32 0.780
173 387 19 22 0.775
779 528 29 31 0.775
165 418 22 27 0.774
62 415 20 27 0.774
911 608 34 45 0.772
438 428 24 29 0.729
198 365 15 18 0.725
992 267 17 19 0.718
130 429 19 26 0.714
24 415 20 25 0.711
276 335 13 16 0.711
434 331 11 14 0.695
363 347 12 16 0.626
404 360 18 22 0.601
971 431 25 31 0.595
879 488 28 38 0.590
38 309 9 11 0.573
184 343 14 17 0.573
297 353 13 17 0.562
63 333 11 14 0.558
336 406 18 26 0.557
748 280 10 12 0.550
134 345 12 16 0.544
780 308 11 14 0.535
683 322 9 13 0.530
827 291 7 11 0.499
434 405 19 25 0.492
45 240 11 13 0.487
494 329 11 13 0.440
811 291 8 9 0.405
767 312 9 12 0.380
667 328 10 13 0.357
419 336 11 14 0.333
467 312 8 10 0.325
121 385 16 24 0.313
611 313 8 11 0.297
382 333 9 13 0.288
509 317 9 12 0.288
729 395 16 21 0.256
173 330 11 13 0.247
668 313 8 10 0.241
343 332 11 13 0.238
488 359 14 19 0.233
776 291 10 12 0.233
535 375 19 23 0.231
819 260 6 8 0.231
446 347 12 17 0.231
686 302 9 10 0.227
2 407 14 20 0.226
497 328 11 13 0.222
369 367 27 18 0.210
225 357 16 21 0.193
440 351 13 17 0.190
789 291 11 14 0.187
649 316 9 12 0.180
155 348 10 12 0.175
485 336 11 14 0.175
491 322 9 14 0.172
48 403 16 19 0.159
190 351 21 32 0.157
779 293 11 14 0.147
77 383 17 23 0.147
528 379 18 22 0.140
80 391 18 29 0.134
489 323 11 33 0.132
482 338 10 14 0.125
62 317 11 42 0.125
104 322 9 12 0.120
790 285 12 11 0.118
611 305 10 26 0.117
417 331 11 15 0.114
102 318 10 12 0.110
820 291 16 11 0.110
646 328 10 12 0.110
760 303 10 12 0.110
672 322 22 15 0.106
81 400 19 27 0.104
757 293 9 16 0.103
64 320 8 14 0.103
662 324 15 21 0.100
829 290 9 12 0.099
774 283 10 12 0.098
145 374 14 19 0.096
764 299 10 33 0.093
174 330 19 19 0.090
183 332 14 13 0.086
36 410 19 23 0.084
828 285 8 15 0.082
647 279 7 10 0.078
786 297 14 17 0.076
669 312 8 21 0.075
706 314 9 12 0.074
822 278 14 36 0.074
498 269 7 9 0.073
411 355 14 19 0.072
819 263 8 11 0.071
713 373 15 19 0.071
757 300 11 14 0.071
780 265 10 85 0.070
606 315 10 11 0.070
478 329 12 20 0.069
191 345 14 22 0.067
528 382 23 30 0.065
887 244 13 20 0.065
0 450 10 22 0.064
501 305 10 12 0.064
98 312 10 13 0.063
496 312 9 11 0.062
63 317 8 10 0.062
814 307 10 13 0.060
489 332 12 15 0.059
413 306 8 12 0.057
601 306 8 12 0.057
413 339 15 24 0.056
182 328 13 13 0.056
290 351 15 18 0.056
720 395 19 23 0.056
340 286 7 10 0.053
383 330 9 12 0.053
94 617 19 27 0.053
641 304 11 22 0.052
710 317 9 13 0.049
640 308 9 11 0.048
791 295 10 14 0.048
682 326 10 14 0.047
155 331 12 51 0.047
711 329 10 15 0.047
715 377 16 22 0.046
707 313 10 20 0.046
774 280 9 22 0.044
496 320 13 22 0.044
817 301 11 24 0.043
531 389 24 34 0.043
710 327 9 13 0.043
198 342 11 16 0.043
506 322 11 13 0.042
434 411 24 35 0.041
359 349 13 18 0.041
100 306 11 34 0.040
818 309 12 13 0.035
196 369 14 18 0.035
185 329 20 18 0.035
543 373 16 20 0.034
601 316 9 12 0.033
89 306 9 12 0.033
914 263 8 11 0.033
495 332 12 14 0.032
405 323 10 12 0.032
73 381 16 19 0.032
483 431 17 22 0.032
483 364 15 18 0.031
378 400 18 22 0.030
730 386 16 21 0.030
511 297 10 14 0.029
132 341 11 14 0.029
158 352 12 15 0.028
816 247 9 40 0.028
88 626 24 28 0.028
946 272 8 11 0.028
127 437 19 28 0.027
190 326 11 13 0.027
830 278 7 10 0.026
1 409 10 61 0.026
753 303 10 13 0.026
655 303 13 27 0.026
812 310 10 13 0.026
197 333 11 14 0.026
670 287 9 14 0.026
101 314 10 13 0.026
989 263 13 16 0.025
710 311 8 12 0.025
470 327 12 16 0.024
256 331 12 15 0.024
638 316 10 17 0.024
599 294 10 12 0.024
90 307 14 14 0.024
771 276 10 11 0.023
662 335 12 14 0.023
198 329 15 22 0.023
663 298 33 25 0.023
699 299 9 10 0.023
203 204 10 14 0.023
944 268 10 18 0.022
298 348 13 17 0.022
103 389 34 27 0.022
653 336 13 13 0.021
773 279 9 10 0.020
431 409 18 27 0.020
646 319 13 16 0.019
493 309 27 37 0.019
376 327 12 18 0.019
526 398 20 24 0.019
422 321 12 20 0.019
646 334 10 13 0.019
454 349 17 17 0.019
755 269 11 19 0.019
829 273 6 34 0.018
600 294 10 21 0.018
154 339 10 13 0.018
450 344 17 21 0.018
67 649 31 15 0.018
335 400 16 23 0.018
124 429 17 23 0.018
421 326 9 16 0.018
409 310 12 27 0.018
392 328 14 18 0.017
233 356 15 19 0.017
777 277 20 29 0.017
327 404 18 24 0.017
383 295 10 12 0.016
757 313 12 27 0.016
383 371 30 34 0.016
229 311 10 14 0.015
152 396 16 23 0.015
67 332 12 15 0.015
619 237 13 17 0.014
472 315 15 28 0.014
270 338 20 20 0.014
479 347 16 20 0.014
693 431 20 25 0.014
38 304 9 12 0.014
414 360 17 22 0.014
229 212 10 12 0.014
31 310 11 13 0.014
607 302 34 42 0.013
751 315 10 13 0.013
107 327 10 17 0.013
340 335 13 17 0.013
654 347 12 14 0.013
58 103 11 13 0.013
632 334 10 13 0.013
706 334 13 20 0.013
433 376 19 22 0.013
783 278 9 11 0.012
512 287 10 41 0.012
531 409 20 24 0.012
652 324 27 25 0.012
964 433 33 44 0.012
666 285 15 30 0.012
755 322 12 13 0.012
531 279 9 13 0.012
643 259 9 92 0.012
993 262 16 19 0.012
648 297 23 39 0.012
690 425 18 25 0.012
408 306 10 13 0.012
646 280 28 102 0.012
528 269 9 13 0.011
11 522 21 33 0.011
895 265 12 16 0.011
680 334 13 14 0.011
928 276 9 23 0.011
261 321 10 16 0.011
928 286 8 11 0.010
75 377 17 19 0.010
443 327 16 21 0.010
649 342 16 18 0.010
705 436 27 37 0.010
122 337 19 74 0.010
434 358 15 21 0.010
669 362 12 16 0.010
