2_Demonstration_Protesters_2_46
76
823 63 76 96 0.885
80 52 58 74 0.882
261 153 66 93 0.857
338 77 66 88 0.856
959 120 64 84 0.853
931 217 69 98 0.849
737 442 93 133 0.845
647 274 75 117 0.839
721 197 67 84 0.835
500 154 68 98 0.834
126 109 58 92 0.832
924 43 56 72 0.828
53 244 71 108 0.825
755 44 59 77 0.822
756 130 65 78 0.811
617 100 58 86 0.808
271 18 56 62 0.803
801 601 74 117 0.799
480 562 92 144 0.792
429 503 87 129 0.771
574 554 114 145 0.768
925 599 95 126 0.763
42 27 44 57 0.752
382 340 95 110 0.749
953 529 70 116 0.740
391 120 49 63 0.726
0 429 39 143 0.720
0 100 19 75 0.709
610 611 114 122 0.689
241 81 57 74 0.662
254 461 89 105 0.641
828 20 44 48 0.605
473 145 59 81 0.592
361 344 78 89 0.545
561 36 54 66 0.530
23 336 56 73 0.431
200 22 42 50 0.343
573 52 59 82 0.329
133 1 30 43 0.316
0 31 17 53 0.313
235 468 125 199 0.291
542 48 67 84 0.192
238 104 53 77 0.179
921 3 44 46 0.152
729 15 49 52 0.134
738 29 50 66 0.121
594 80 58 92 0.095
433 9 49 57 0.063
263 519 102 201 0.058
993 432 30 97 0.054
898 248 41 53 0.045
18 242 77 99 0.044
555 17 46 43 0.044
925 7 50 63 0.042
61 35 63 76 0.041
973 -3 37 33 0.041
541 73 49 67 0.038
237 117 32 69 0.036
1012 6 14 42 0.027
0 17 15 50 0.026
743 5 46 36 0.026
722 26 37 47 0.024
357 354 51 67 0.021
477 15 36 52 0.019
0 20 39 55 0.018
-1 82 28 84 0.016
206 30 51 58 0.016
940 -6 53 53 0.015
810 21 61 70 0.015
429 10 33 49 0.015
112 452 67 92 0.014
914 2 44 30 0.014
954 631 71 98 0.013
989 -4 37 35 0.012
749 66 53 67 0.011
591 66 44 55 0.010
