2_Demonstration_Political_Rally_2_339
82
887 459 29 35 0.835
782 494 74 100 0.810
620 292 34 57 0.735
978 414 28 48 0.475
885 427 13 16 0.468
283 423 7 10 0.308
717 425 19 22 0.239
624 419 16 36 0.239
929 421 10 14 0.234
254 421 8 10 0.184
858 422 9 13 0.179
953 438 35 40 0.173
830 448 22 31 0.158
58 424 18 44 0.121
839 453 15 22 0.120
777 435 14 16 0.118
701 361 9 11 0.111
206 423 6 9 0.107
931 422 12 16 0.104
724 426 18 20 0.091
678 361 7 8 0.085
877 406 11 14 0.073
291 448 11 16 0.072
944 440 19 26 0.066
270 424 24 11 0.056
741 352 7 8 0.043
962 429 34 47 0.041
778 429 12 17 0.040
722 358 8 12 0.040
954 443 23 29 0.038
701 354 10 24 0.033
89 417 8 11 0.033
721 350 8 22 0.030
941 439 16 21 0.028
779 417 9 12 0.027
853 425 14 21 0.026
660 332 11 16 0.026
638 332 14 20 0.025
59 269 7 8 0.025
631 315 22 37 0.025
677 348 9 31 0.023
941 449 17 23 0.022
888 416 17 27 0.021
883 408 15 19 0.021
892 430 16 20 0.020
942 430 13 23 0.020
179 427 7 8 0.020
711 424 19 21 0.020
94 419 11 11 0.019
840 442 17 23 0.018
946 455 18 23 0.018
833 423 25 48 0.018
856 433 13 16 0.018
90 420 10 12 0.018
719 342 9 17 0.018
663 337 7 9 0.017
157 421 7 10 0.017
555 339 6 12 0.016
870 408 14 19 0.016
716 417 16 22 0.015
285 420 11 16 0.015
687 428 17 22 0.014
677 434 17 18 0.014
677 364 7 9 0.014
192 441 9 12 0.014
682 427 17 25 0.014
623 413 15 31 0.014
713 344 10 13 0.013
891 409 14 17 0.013
963 447 22 28 0.013
285 423 8 10 0.013
133 430 7 9 0.012
75 276 7 7 0.012
279 427 10 14 0.012
134 429 9 16 0.011
51 427 22 50 0.011
66 437 13 23 0.011
728 350 16 17 0.011
691 424 12 16 0.011
753 435 14 15 0.011
874 402 12 14 0.010
617 418 17 33 0.010
