2_Demonstration_Demonstrators_2_41
25
205 191 48 57 0.860
394 379 93 156 0.847
818 494 51 60 0.833
405 183 41 52 0.829
635 443 39 55 0.820
955 503 45 57 0.817
254 91 37 41 0.745
889 515 10 13 0.706
560 550 14 16 0.170
880 540 11 12 0.168
764 504 13 15 0.093
877 536 12 14 0.050
906 447 7 9 0.047
744 560 8 9 0.034
566 556 12 15 0.023
541 488 17 21 0.019
906 539 10 12 0.018
714 541 8 10 0.016
566 549 13 15 0.014
853 534 16 20 0.014
726 520 9 12 0.013
764 510 13 14 0.012
576 247 8 9 0.012
909 540 9 12 0.011
719 524 10 13 0.010
