2_Demonstration_Political_Rally_2_204
127
465 394 10 12 0.610
764 386 11 14 0.558
340 397 10 13 0.517
384 396 10 11 0.497
496 400 10 13 0.476
1001 387 9 11 0.475
404 390 11 12 0.438
420 393 9 12 0.391
444 397 9 11 0.341
58 407 10 15 0.325
838 392 9 12 0.310
136 436 10 12 0.289
275 402 10 12 0.251
413 392 16 13 0.248
226 437 11 14 0.231
659 391 8 12 0.225
518 322 5 6 0.208
202 432 9 11 0.187
923 391 8 10 0.186
689 413 8 11 0.178
318 395 10 13 0.141
998 386 9 11 0.126
838 386 9 14 0.112
747 405 9 11 0.109
228 436 14 14 0.105
526 402 9 10 0.100
278 403 10 13 0.099
812 397 8 11 0.092
978 411 8 10 0.092
244 435 10 10 0.089
492 400 10 12 0.085
137 435 16 13 0.078
874 387 9 12 0.074
940 384 9 12 0.073
247 432 9 11 0.072
993 378 6 9 0.069
133 432 10 13 0.068
168 432 9 11 0.066
662 390 12 13 0.063
442 399 8 11 0.063
201 424 12 24 0.059
575 398 9 13 0.055
117 431 9 11 0.054
849 369 7 10 0.052
976 408 7 10 0.052
151 430 9 10 0.049
190 426 15 14 0.047
616 397 9 12 0.046
639 380 9 11 0.046
612 396 9 12 0.044
482 392 11 12 0.044
921 389 23 10 0.041
674 392 10 11 0.040
163 431 20 12 0.039
144 431 11 11 0.039
641 379 10 10 0.037
148 430 10 12 0.035
480 391 9 11 0.035
435 391 11 17 0.035
863 388 12 12 0.034
251 426 9 11 0.034
24 402 10 14 0.033
244 438 8 10 0.033
861 392 8 10 0.033
548 399 10 12 0.031
839 381 9 11 0.031
995 380 9 10 0.030
710 408 10 12 0.030
896 378 9 11 0.030
579 396 10 13 0.029
178 428 16 12 0.029
875 384 14 15 0.027
806 389 11 20 0.027
608 394 9 12 0.026
232 418 9 9 0.026
646 375 11 11 0.026
707 407 10 12 0.025
666 388 10 12 0.025
870 371 6 8 0.024
657 392 25 12 0.024
869 369 8 18 0.024
893 377 9 11 0.024
614 391 12 20 0.024
704 408 13 15 0.023
689 406 10 13 0.023
688 417 8 11 0.023
579 389 10 14 0.023
808 393 11 12 0.021
229 418 11 17 0.021
522 397 28 16 0.021
290 405 10 13 0.021
703 414 11 10 0.021
791 395 10 13 0.020
103 422 8 9 0.020
838 384 8 10 0.020
518 325 5 6 0.020
497 395 10 12 0.018
320 399 10 11 0.018
582 387 9 11 0.017
642 383 28 14 0.016
700 385 9 11 0.015
806 379 15 43 0.015
796 390 12 19 0.015
189 359 6 7 0.015
896 379 12 15 0.015
171 430 28 11 0.014
643 375 10 13 0.014
417 371 9 12 0.013
796 387 18 12 0.013
944 380 10 13 0.013
572 379 15 51 0.012
869 360 16 67 0.012
819 403 10 11 0.012
993 383 9 11 0.012
233 413 9 12 0.012
59 411 11 13 0.012
20 403 11 14 0.012
940 384 10 23 0.011
691 419 13 12 0.011
550 383 9 21 0.011
862 365 15 23 0.011
111 428 13 18 0.011
238 415 10 11 0.011
947 401 9 10 0.010
90 433 10 10 0.010
204 421 10 10 0.010
103 421 11 18 0.010
