2_Demonstration_Political_Rally_2_410
221
4 528 60 75 0.885
504 490 38 51 0.873
247 502 74 83 0.859
635 448 91 113 0.855
728 475 48 59 0.854
857 418 39 49 0.849
353 428 43 49 0.845
467 455 37 41 0.842
561 514 40 65 0.834
179 491 54 59 0.819
509 427 18 22 0.775
808 448 20 24 0.762
116 423 19 24 0.754
831 427 18 22 0.733
932 446 29 37 0.689
6 416 36 37 0.677
742 412 20 24 0.630
177 410 10 13 0.594
151 414 13 16 0.586
329 420 8 10 0.569
406 421 11 13 0.567
606 433 22 28 0.546
286 417 10 12 0.536
543 419 9 11 0.532
149 395 8 10 0.524
1011 547 13 71 0.522
564 422 13 19 0.495
956 427 19 20 0.484
101 398 9 13 0.477
66 412 14 18 0.449
121 400 12 14 0.405
956 431 22 24 0.405
531 419 10 12 0.384
251 414 11 13 0.357
1006 426 10 15 0.349
217 411 14 15 0.343
954 440 22 28 0.331
460 419 11 14 0.319
206 414 19 17 0.280
290 433 14 20 0.270
516 421 15 18 0.252
53 409 13 17 0.246
607 420 16 17 0.230
387 416 11 14 0.227
323 424 9 12 0.210
916 413 7 8 0.205
403 420 10 14 0.198
49 383 9 12 0.186
261 401 9 8 0.186
1009 414 9 10 0.183
802 475 16 22 0.183
391 418 14 13 0.175
178 396 8 9 0.172
436 407 10 14 0.169
899 458 14 18 0.169
1018 449 7 19 0.161
319 429 9 12 0.155
464 419 12 14 0.154
25 378 20 22 0.145
212 412 16 17 0.143
960 438 18 23 0.140
844 402 10 11 0.139
383 417 17 18 0.135
319 453 15 17 0.131
263 399 10 18 0.129
285 419 14 17 0.129
602 399 11 12 0.122
88 434 14 17 0.121
265 402 9 9 0.119
563 420 12 15 0.115
1007 415 11 13 0.110
537 419 17 11 0.109
526 422 16 17 0.108
97 398 37 13 0.104
40 382 17 15 0.100
544 411 9 17 0.096
255 420 14 16 0.094
431 406 10 12 0.093
607 405 18 49 0.093
199 416 17 17 0.085
118 395 29 21 0.084
259 395 11 25 0.075
266 413 13 15 0.073
603 446 27 41 0.069
605 399 12 17 0.068
1016 456 9 20 0.066
606 403 13 19 0.066
80 413 12 16 0.065
69 397 11 13 0.064
544 441 10 14 0.063
41 415 19 24 0.057
261 398 8 9 0.055
323 412 10 12 0.055
997 432 12 15 0.053
916 412 13 15 0.053
528 418 12 16 0.053
556 420 15 16 0.051
222 409 13 13 0.050
254 399 9 9 0.049
460 412 9 16 0.049
438 404 12 16 0.048
543 433 13 18 0.047
789 435 14 18 0.047
612 402 9 10 0.047
320 436 12 25 0.046
592 410 10 13 0.046
153 363 9 101 0.045
76 395 14 14 0.045
21 365 29 57 0.045
433 413 9 14 0.045
81 394 13 12 0.044
427 405 7 8 0.043
214 417 16 16 0.043
148 390 7 11 0.043
993 429 11 16 0.041
490 407 9 12 0.040
3 394 43 40 0.040
397 412 12 14 0.039
894 461 18 22 0.039
804 457 19 29 0.038
227 404 41 33 0.037
561 419 12 26 0.037
564 427 14 21 0.035
74 404 14 27 0.035
266 437 20 21 0.035
601 398 9 10 0.034
253 393 18 43 0.034
595 405 11 14 0.033
318 407 12 83 0.033
969 290 10 13 0.032
990 422 16 25 0.032
353 391 7 9 0.031
265 433 31 23 0.031
256 432 19 20 0.030
986 418 13 17 0.030
316 440 14 15 0.030
437 403 9 12 0.029
74 416 16 18 0.029
537 379 24 94 0.029
602 439 20 28 0.028
193 419 17 16 0.028
0 433 16 27 0.028
423 406 23 11 0.028
532 415 9 12 0.027
467 421 14 15 0.027
437 421 9 13 0.027
398 449 14 21 0.026
26 375 16 16 0.025
246 383 17 68 0.025
987 432 17 17 0.025
550 403 8 8 0.025
261 425 19 25 0.024
30 383 25 18 0.023
1015 275 9 21 0.023
0 397 15 32 0.022
588 460 38 32 0.022
979 417 10 19 0.022
981 419 14 12 0.022
322 441 12 14 0.021
784 437 17 21 0.021
205 394 10 13 0.021
304 413 11 21 0.020
316 441 16 32 0.020
91 387 9 10 0.020
747 422 23 29 0.020
607 401 18 11 0.020
606 432 38 50 0.019
937 432 13 17 0.019
564 401 11 25 0.019
271 409 30 30 0.018
312 400 13 24 0.018
835 432 20 26 0.018
543 444 12 16 0.018
789 469 22 30 0.018
250 421 14 18 0.018
571 450 14 20 0.018
594 463 20 26 0.018
608 412 14 20 0.017
50 405 12 17 0.017
953 411 8 10 0.017
547 399 11 29 0.017
898 433 13 18 0.017
797 471 16 24 0.016
352 384 7 11 0.016
190 407 16 19 0.016
586 427 14 19 0.016
574 429 16 22 0.015
1006 411 11 12 0.015
391 452 21 26 0.015
544 436 14 26 0.014
576 452 22 24 0.014
429 408 13 18 0.014
400 426 14 43 0.014
19 377 20 20 0.014
545 448 15 17 0.014
841 408 14 19 0.014
892 443 15 20 0.014
0 445 13 34 0.013
0 405 21 29 0.013
719 322 8 11 0.013
717 318 9 13 0.013
516 436 15 18 0.013
1007 594 17 68 0.013
791 427 15 24 0.013
318 462 22 23 0.012
808 427 17 20 0.012
397 456 13 18 0.012
454 421 14 16 0.012
770 436 17 18 0.012
911 423 15 16 0.012
280 440 19 22 0.011
492 404 7 9 0.011
178 392 8 9 0.011
249 435 23 21 0.011
7 376 35 80 0.011
770 417 12 14 0.011
289 442 15 19 0.011
330 415 9 11 0.010
843 400 12 17 0.010
476 400 9 9 0.010
843 399 9 11 0.010
