2_Demonstration_Political_Rally_2_329
273
137 345 62 71 0.882
267 199 41 45 0.878
481 311 82 105 0.867
308 315 67 74 0.860
648 234 39 49 0.859
931 283 63 74 0.856
740 399 100 124 0.855
866 335 64 77 0.854
124 232 49 59 0.854
693 328 45 48 0.847
196 197 39 42 0.845
464 241 38 44 0.843
925 212 31 40 0.838
498 143 20 23 0.824
771 178 26 32 0.822
130 179 30 35 0.809
616 209 27 36 0.808
847 224 30 40 0.798
801 207 40 49 0.797
478 135 16 22 0.788
878 162 29 38 0.788
566 147 14 17 0.786
833 183 28 31 0.782
0 194 36 48 0.780
60 170 18 23 0.725
665 188 31 35 0.718
327 177 31 37 0.709
782 118 11 13 0.708
1008 242 16 52 0.697
903 144 12 15 0.690
998 138 11 14 0.675
768 129 11 15 0.660
69 134 11 14 0.648
967 147 12 16 0.619
301 184 28 33 0.609
56 206 25 41 0.599
417 182 27 39 0.584
956 193 21 26 0.580
742 131 11 14 0.578
949 142 13 17 0.567
462 148 16 22 0.565
805 134 9 12 0.556
918 148 12 14 0.556
70 152 14 20 0.550
611 156 14 17 0.536
49 133 11 16 0.535
845 130 12 15 0.532
978 221 30 35 0.530
864 139 10 13 0.524
542 150 17 20 0.510
28 149 15 17 0.500
111 154 14 20 0.482
513 119 8 9 0.479
1011 150 11 16 0.473
936 139 10 12 0.455
108 130 13 15 0.429
603 124 11 14 0.423
988 221 21 26 0.378
999 174 14 20 0.376
907 124 10 13 0.368
557 126 10 12 0.331
584 116 8 11 0.318
486 120 9 11 0.310
531 124 9 13 0.293
572 223 34 40 0.287
974 132 11 12 0.279
1011 117 10 13 0.227
537 153 18 20 0.217
532 120 8 13 0.214
747 121 10 13 0.210
971 226 31 42 0.198
6 121 9 17 0.194
497 126 10 12 0.184
609 120 12 15 0.180
818 123 10 14 0.180
1000 139 12 19 0.176
681 189 40 34 0.174
69 129 15 24 0.171
979 131 14 11 0.166
461 133 15 21 0.165
369 294 26 33 0.160
588 131 9 11 0.142
27 113 8 10 0.140
579 123 13 12 0.140
359 180 17 23 0.129
700 195 23 26 0.128
463 135 10 13 0.127
607 101 12 62 0.127
606 123 13 14 0.123
173 211 21 28 0.121
52 132 31 15 0.121
998 181 16 22 0.120
770 123 22 14 0.119
787 141 12 15 0.119
483 120 13 21 0.106
110 120 12 64 0.106
591 130 13 13 0.104
906 146 20 15 0.104
27 109 8 22 0.100
580 106 10 37 0.098
819 190 44 52 0.096
539 148 36 20 0.095
960 144 19 16 0.093
13 133 11 15 0.092
84 149 18 22 0.089
421 202 20 27 0.088
24 123 11 11 0.087
503 119 17 12 0.083
586 113 9 11 0.082
969 137 12 26 0.082
893 149 23 27 0.081
955 188 35 26 0.072
865 163 20 26 0.070
8 125 13 17 0.069
21 146 15 17 0.069
532 114 7 25 0.068
131 110 10 14 0.067
696 132 8 11 0.066
847 125 12 15 0.065
6 106 7 15 0.064
790 137 16 17 0.064
458 137 14 20 0.062
40 140 15 17 0.062
338 178 41 27 0.061
5 101 13 54 0.061
140 146 13 17 0.061
468 156 16 20 0.061
100 171 17 22 0.061
571 121 9 12 0.057
781 144 14 17 0.057
544 102 14 98 0.057
47 126 42 30 0.056
613 159 16 22 0.055
481 139 21 24 0.055
939 177 18 21 0.055
140 139 12 18 0.052
89 143 15 21 0.051
795 133 18 30 0.049
728 156 15 23 0.049
108 160 17 23 0.047
612 102 10 16 0.047
890 141 24 53 0.046
509 118 29 18 0.046
73 129 23 14 0.045
2 83 6 12 0.045
105 126 12 13 0.045
734 154 17 20 0.044
26 95 9 52 0.044
589 215 50 43 0.042
99 164 31 27 0.041
418 171 26 36 0.040
740 117 11 13 0.040
585 128 29 12 0.039
111 130 14 18 0.039
95 176 18 22 0.039
137 151 17 21 0.038
460 132 10 15 0.038
790 144 17 16 0.037
81 118 11 17 0.037
988 123 10 18 0.036
521 148 18 19 0.036
39 106 10 19 0.034
521 227 24 32 0.033
941 142 14 21 0.033
1009 183 16 29 0.033
83 127 14 15 0.032
744 115 11 17 0.032
734 139 17 51 0.032
725 163 15 20 0.031
44 112 10 22 0.031
17 108 18 27 0.031
737 158 18 22 0.030
613 101 8 9 0.030
867 142 12 16 0.030
678 192 24 28 0.030
727 152 13 19 0.030
121 158 19 23 0.030
25 152 18 21 0.029
1014 195 11 26 0.029
1011 105 9 24 0.029
872 166 22 30 0.029
838 131 13 15 0.028
528 100 10 24 0.028
516 106 9 20 0.027
565 113 13 26 0.027
861 169 16 22 0.027
554 97 9 25 0.026
36 134 26 23 0.025
894 77 10 13 0.025
1015 233 12 22 0.025
123 152 18 20 0.024
602 127 12 25 0.024
927 168 31 37 0.024
897 107 12 27 0.024
1010 244 16 30 0.023
615 155 16 19 0.023
802 148 12 16 0.023
132 103 11 14 0.022
838 236 20 27 0.022
572 230 24 27 0.022
1007 151 15 30 0.021
144 151 12 19 0.021
56 211 35 46 0.021
739 140 12 18 0.021
610 148 14 18 0.021
110 101 21 74 0.020
446 187 16 23 0.020
11 137 10 16 0.020
996 187 15 20 0.020
86 151 20 27 0.020
48 144 16 22 0.020
532 108 7 17 0.019
518 236 23 28 0.019
56 165 19 24 0.019
122 119 12 14 0.019
533 159 31 22 0.019
179 220 20 27 0.018
558 100 9 25 0.018
135 161 21 22 0.018
1016 205 9 23 0.018
559 161 16 21 0.018
518 163 16 20 0.018
615 161 21 23 0.018
500 111 9 11 0.017
746 161 15 21 0.017
363 178 31 33 0.017
132 139 15 22 0.017
579 226 24 28 0.017
1012 112 9 14 0.017
899 108 12 15 0.016
35 93 7 10 0.016
73 130 14 15 0.016
526 132 13 26 0.016
707 191 20 25 0.016
1018 94 6 12 0.016
992 226 21 27 0.016
959 181 19 24 0.015
964 154 13 19 0.015
144 143 10 15 0.015
867 139 10 12 0.015
493 75 8 9 0.015
731 91 8 12 0.015
88 116 14 18 0.014
817 119 9 14 0.014
742 168 18 21 0.014
523 122 17 15 0.014
128 123 15 19 0.014
36 105 15 29 0.013
787 174 21 26 0.013
518 99 9 11 0.013
2 72 7 46 0.013
532 212 22 33 0.013
776 152 14 18 0.013
1011 107 9 11 0.013
651 135 10 11 0.013
159 216 34 42 0.013
57 204 19 28 0.012
834 225 21 27 0.012
5 103 11 18 0.012
1000 191 17 22 0.012
30 100 13 22 0.012
574 93 10 13 0.012
558 169 15 18 0.012
710 155 34 61 0.012
566 226 22 28 0.012
106 168 18 23 0.011
524 98 10 14 0.011
-1 213 18 37 0.011
797 175 16 22 0.011
931 123 19 28 0.011
522 213 24 36 0.010
646 132 11 13 0.010
950 138 12 15 0.010
