2_Demonstration_Protesters_2_912
130
835 325 29 37 0.837
146 432 24 30 0.836
880 332 25 34 0.807
719 278 32 41 0.797
997 350 25 30 0.771
41 348 15 19 0.762
351 347 19 25 0.735
170 363 17 20 0.733
549 312 20 24 0.723
478 309 26 34 0.710
130 370 12 21 0.702
525 315 15 21 0.675
510 338 19 27 0.674
255 338 13 16 0.659
647 344 14 19 0.634
65 349 11 15 0.586
596 315 24 38 0.557
261 386 17 34 0.539
440 312 12 15 0.513
421 306 10 12 0.495
788 334 16 21 0.459
920 337 13 17 0.453
636 318 12 17 0.372
369 327 12 15 0.361
654 324 14 16 0.337
617 317 17 24 0.314
511 306 15 20 0.310
178 359 16 21 0.306
269 318 8 10 0.293
293 325 8 11 0.286
194 335 11 14 0.261
185 352 13 17 0.234
635 329 18 24 0.225
193 340 12 17 0.223
410 326 12 13 0.178
261 336 13 15 0.172
299 350 11 15 0.159
271 337 10 12 0.148
939 338 18 21 0.147
189 344 12 16 0.146
894 319 18 29 0.140
291 321 9 12 0.132
336 313 8 10 0.132
755 355 14 18 0.129
518 314 20 33 0.124
637 318 18 23 0.116
799 339 16 21 0.116
931 337 18 21 0.106
324 406 17 24 0.100
392 315 9 12 0.099
290 329 12 12 0.098
528 292 13 17 0.097
638 316 10 12 0.097
63 345 11 17 0.093
572 294 14 17 0.086
339 330 10 13 0.085
56 343 19 22 0.085
899 320 14 16 0.083
489 309 21 26 0.077
237 331 10 13 0.076
657 320 12 16 0.076
192 334 10 12 0.073
184 322 16 73 0.072
394 306 10 17 0.072
372 304 9 9 0.068
917 332 14 19 0.064
329 334 15 16 0.064
797 330 16 22 0.062
896 323 26 23 0.059
306 366 14 31 0.055
953 310 11 14 0.054
302 343 13 43 0.052
374 327 12 15 0.047
278 403 16 33 0.046
309 374 13 19 0.045
365 313 15 25 0.043
286 315 10 11 0.043
389 298 9 11 0.043
296 309 10 12 0.041
237 330 7 10 0.041
370 299 12 25 0.040
389 292 13 52 0.037
391 300 10 11 0.034
324 336 13 15 0.032
641 284 20 101 0.031
597 307 20 27 0.030
803 344 15 18 0.029
624 331 17 19 0.028
194 329 9 11 0.028
280 335 12 13 0.027
416 278 27 78 0.027
448 296 12 15 0.026
947 296 14 70 0.025
778 337 12 16 0.024
596 293 15 17 0.024
311 323 10 15 0.023
131 365 11 16 0.023
626 329 22 26 0.023
124 372 15 21 0.022
920 343 12 18 0.021
306 379 12 17 0.020
681 311 13 16 0.020
791 343 17 18 0.020
772 329 12 17 0.019
559 306 19 24 0.018
453 293 12 16 0.017
272 405 17 30 0.017
511 295 14 22 0.016
369 320 13 16 0.015
322 325 15 24 0.015
238 326 24 24 0.015
367 276 16 89 0.014
612 331 19 21 0.014
655 312 12 15 0.013
555 316 18 23 0.013
201 349 11 16 0.013
919 334 17 26 0.013
887 340 22 25 0.012
235 333 9 12 0.012
118 368 13 18 0.012
333 335 24 23 0.011
185 359 13 18 0.011
356 309 24 32 0.011
308 300 11 28 0.011
76 389 7 9 0.011
313 369 14 20 0.011
1005 347 19 27 0.010
279 425 14 23 0.010
286 403 14 21 0.010
230 332 8 10 0.010
