2_Demonstration_Political_Rally_2_867
158
67 520 45 49 0.829
915 373 30 33 0.828
176 551 50 64 0.823
796 427 35 41 0.823
648 497 31 39 0.817
926 512 44 51 0.799
951 374 21 23 0.748
614 502 25 30 0.739
332 547 31 50 0.713
71 457 17 19 0.708
129 490 16 18 0.686
853 382 13 15 0.636
171 504 32 42 0.587
64 517 36 39 0.561
883 596 78 68 0.550
825 403 21 26 0.550
43 425 12 14 0.530
190 385 11 14 0.521
168 386 12 14 0.513
798 372 9 12 0.486
0 520 18 24 0.485
820 362 10 13 0.455
153 402 10 12 0.393
865 362 12 14 0.391
119 404 9 11 0.315
883 362 11 14 0.312
725 378 11 14 0.304
837 367 10 12 0.302
124 523 19 23 0.295
838 616 114 65 0.293
767 376 11 12 0.284
1000 368 12 15 0.284
9 400 9 11 0.264
887 394 19 21 0.260
818 387 16 19 0.249
983 356 9 11 0.243
784 370 10 11 0.233
0 418 7 13 0.211
769 359 9 12 0.191
872 362 24 14 0.190
517 475 43 57 0.180
59 515 21 25 0.174
160 440 14 17 0.152
7 397 10 18 0.119
56 421 9 12 0.119
1015 394 10 23 0.111
94 396 8 11 0.110
740 375 11 12 0.104
162 385 18 23 0.098
75 400 9 11 0.097
842 636 89 40 0.096
887 366 13 15 0.095
50 421 14 14 0.090
111 508 20 25 0.088
1 407 12 16 0.087
1014 382 10 39 0.085
883 367 14 15 0.074
768 360 11 25 0.073
819 391 18 23 0.070
72 511 67 56 0.070
820 329 11 86 0.070
802 352 11 14 0.066
731 405 16 21 0.064
642 481 30 35 0.062
38 396 9 10 0.062
178 416 11 13 0.062
918 587 49 65 0.061
172 434 15 19 0.056
29 400 9 11 0.055
1000 364 11 13 0.053
858 335 16 85 0.053
167 437 17 26 0.052
175 431 14 18 0.052
165 488 14 17 0.050
31 395 11 12 0.047
1014 346 7 10 0.047
949 351 11 11 0.043
801 353 8 10 0.042
898 387 21 25 0.041
117 492 20 20 0.040
730 420 17 25 0.038
168 485 28 55 0.038
722 380 12 17 0.035
169 451 16 21 0.034
1009 380 15 21 0.033
811 375 16 16 0.032
763 363 33 12 0.032
159 487 13 16 0.032
733 412 16 21 0.032
870 386 15 18 0.031
177 417 12 36 0.030
867 380 14 16 0.029
196 388 10 14 0.029
108 512 19 26 0.029
154 410 10 14 0.029
947 349 16 15 0.029
799 349 10 20 0.028
129 397 12 15 0.028
918 358 16 18 0.027
155 364 10 107 0.027
0 515 14 20 0.026
111 505 14 22 0.025
112 399 13 17 0.025
961 350 12 12 0.025
4 518 25 28 0.024
960 375 16 19 0.024
33 396 20 9 0.024
764 366 21 26 0.023
18 482 13 17 0.023
302 502 18 22 0.022
730 429 14 19 0.021
165 465 15 48 0.021
756 366 15 22 0.021
153 486 14 17 0.020
741 364 11 11 0.019
130 398 21 22 0.019
978 347 10 12 0.019
894 368 14 15 0.019
874 398 14 18 0.019
107 395 16 12 0.018
172 509 21 30 0.018
843 356 12 22 0.018
66 450 16 18 0.018
920 498 39 45 0.017
1 530 16 23 0.017
113 492 17 18 0.017
734 359 14 76 0.017
108 494 16 21 0.016
796 323 20 104 0.016
914 361 24 30 0.016
161 401 15 15 0.015
158 399 13 77 0.015
608 503 20 27 0.014
45 393 16 20 0.014
900 351 11 11 0.014
748 369 28 16 0.014
0 607 12 61 0.013
67 491 33 52 0.013
728 361 12 25 0.013
940 350 10 11 0.013
411 505 23 36 0.013
804 354 9 8 0.013
168 493 21 26 0.012
831 409 18 23 0.012
143 383 11 15 0.012
125 529 22 25 0.012
52 396 12 24 0.011
72 383 35 43 0.011
1010 346 9 11 0.011
956 343 20 27 0.011
993 374 13 16 0.011
725 401 15 24 0.010
94 391 10 11 0.010
52 520 18 23 0.010
116 391 9 10 0.010
773 353 17 29 0.010
1006 343 16 13 0.010
19 471 11 14 0.010
