2_Demonstration_Demonstration_Or_Protest_2_619
243
855 103 13 16 0.746
990 195 15 19 0.735
945 224 16 19 0.719
293 177 13 16 0.710
909 118 14 20 0.707
678 97 12 15 0.701
201 230 15 20 0.690
526 127 12 15 0.688
595 24 9 12 0.686
501 112 11 14 0.682
891 186 15 20 0.678
552 114 12 14 0.671
418 115 12 14 0.667
985 287 13 19 0.660
620 115 10 13 0.656
807 86 12 15 0.652
203 152 14 16 0.605
417 394 16 18 0.598
735 51 10 13 0.597
759 118 10 13 0.567
21 143 10 11 0.558
497 134 11 14 0.555
550 14 9 11 0.554
736 138 12 14 0.552
157 199 12 15 0.547
251 233 16 18 0.547
818 139 13 17 0.543
784 150 13 14 0.532
394 128 11 14 0.528
818 149 14 20 0.524
785 180 13 19 0.499
454 116 11 13 0.495
982 257 14 19 0.484
340 109 10 14 0.479
571 130 12 14 0.464
283 137 10 13 0.460
432 96 12 14 0.457
579 154 12 16 0.455
472 547 19 22 0.455
10 148 11 13 0.454
647 138 12 16 0.448
198 271 14 18 0.440
618 172 10 15 0.439
204 199 13 15 0.438
558 196 12 17 0.425
336 136 11 14 0.423
17 145 11 12 0.391
848 246 14 22 0.391
735 55 11 13 0.335
464 205 13 17 0.332
680 207 12 19 0.306
650 185 13 15 0.286
258 131 12 14 0.285
417 267 14 16 0.275
813 142 18 19 0.254
756 166 12 15 0.252
225 351 15 21 0.239
908 39 9 12 0.230
210 160 16 18 0.216
628 235 11 17 0.210
96 257 13 17 0.203
419 108 13 26 0.203
589 23 18 12 0.198
798 112 13 13 0.198
786 297 15 18 0.196
618 116 16 16 0.181
214 164 13 17 0.180
893 267 14 16 0.177
474 123 10 13 0.163
788 177 13 21 0.150
737 120 10 13 0.148
0 151 9 15 0.147
682 211 12 19 0.142
273 132 15 15 0.129
273 81 11 13 0.120
428 185 14 16 0.119
760 111 11 15 0.109
927 199 15 16 0.109
343 102 10 14 0.105
500 94 10 60 0.104
547 137 12 16 0.104
647 270 13 18 0.103
933 201 13 16 0.100
343 97 11 15 0.093
575 110 10 64 0.091
471 545 15 18 0.086
463 123 22 17 0.084
906 132 12 17 0.084
922 194 12 16 0.083
297 173 14 17 0.075
434 299 14 17 0.074
549 142 11 16 0.073
779 208 12 18 0.071
346 89 14 23 0.069
559 120 13 16 0.068
63 139 10 11 0.067
479 552 20 19 0.066
753 163 11 14 0.065
707 213 13 18 0.063
464 130 12 15 0.057
736 60 10 13 0.056
422 264 17 39 0.056
292 267 15 19 0.050
778 147 13 16 0.050
332 135 11 13 0.049
153 200 12 15 0.049
318 170 12 16 0.048
463 211 14 17 0.048
9 146 21 12 0.048
762 103 11 12 0.047
372 154 11 13 0.047
874 136 13 17 0.046
612 171 14 16 0.046
339 102 11 33 0.045
515 242 13 18 0.045
877 140 14 17 0.045
860 258 16 20 0.045
782 182 13 27 0.045
422 397 16 18 0.042
788 151 17 16 0.042
247 259 14 19 0.042
344 90 12 12 0.040
982 263 14 28 0.040
272 158 11 15 0.039
358 85 11 13 0.039
764 105 11 15 0.039
458 112 10 12 0.039
357 88 15 13 0.038
881 144 13 17 0.038
828 325 14 19 0.038
867 264 14 17 0.038
523 108 11 13 0.036
342 161 11 14 0.036
740 61 10 13 0.034
869 367 15 17 0.034
534 259 13 15 0.033
790 184 13 19 0.033
804 95 12 15 0.033
649 173 37 53 0.033
513 133 16 15 0.032
397 182 10 14 0.032
779 181 13 18 0.032
563 121 19 16 0.031
791 112 12 14 0.030
371 144 12 25 0.030
674 206 15 19 0.030
474 555 18 20 0.030
277 79 11 14 0.029
850 250 27 27 0.029
519 117 14 17 0.029
711 215 14 17 0.029
159 209 13 21 0.029
273 160 15 16 0.028
601 30 9 12 0.028
363 152 21 15 0.028
784 126 12 103 0.028
851 239 16 21 0.025
59 145 15 15 0.025
246 232 15 20 0.025
515 247 27 18 0.024
735 142 12 15 0.024
55 143 14 14 0.024
265 124 12 15 0.024
155 208 13 17 0.023
431 56 9 10 0.023
459 129 12 16 0.023
781 144 14 16 0.023
851 244 18 25 0.022
367 91 12 13 0.022
340 89 12 12 0.021
426 177 13 22 0.021
361 152 14 14 0.021
623 108 11 11 0.021
164 217 13 16 0.021
417 267 19 25 0.021
370 93 13 13 0.021
859 103 14 17 0.021
260 86 13 14 0.020
228 159 15 16 0.020
293 166 12 17 0.020
338 139 13 16 0.020
431 293 15 19 0.020
599 27 12 13 0.019
314 365 18 23 0.019
649 132 11 13 0.019
470 118 11 13 0.019
681 218 13 18 0.019
257 136 12 15 0.019
296 178 13 18 0.018
513 237 15 18 0.018
524 111 12 16 0.017
713 211 14 17 0.017
398 185 12 16 0.017
974 266 13 16 0.017
886 194 14 20 0.017
459 208 13 17 0.017
859 230 13 16 0.017
580 160 11 16 0.016
491 136 11 14 0.016
275 75 11 14 0.016
106 232 14 18 0.016
429 53 8 13 0.016
599 24 9 12 0.015
375 157 10 12 0.015
489 123 15 16 0.015
498 173 14 18 0.015
884 181 12 15 0.015
525 122 11 17 0.014
884 142 12 44 0.014
23 139 10 12 0.014
897 264 13 15 0.014
313 146 12 16 0.014
247 240 15 22 0.014
266 88 12 15 0.014
671 200 14 17 0.014
256 235 16 18 0.014
324 144 13 51 0.013
870 254 16 20 0.013
269 85 14 14 0.013
567 196 10 15 0.012
810 91 12 15 0.012
688 206 32 25 0.012
656 182 18 18 0.012
289 264 15 18 0.012
408 192 12 15 0.012
606 32 8 11 0.011
287 148 11 15 0.011
912 44 9 12 0.011
829 319 16 20 0.011
654 272 14 17 0.011
425 264 12 16 0.011
789 118 12 14 0.011
434 55 10 11 0.011
674 164 12 36 0.011
983 251 18 20 0.011
941 217 17 20 0.010
560 136 15 26 0.010
844 266 14 24 0.010
795 182 13 18 0.010
429 90 12 14 0.010
595 171 12 16 0.010
673 175 13 17 0.010
233 154 12 15 0.010
