2_Demonstration_Political_Rally_2_83
260
602 498 92 129 0.877
404 310 88 116 0.872
885 558 108 123 0.872
118 527 109 118 0.870
887 159 50 57 0.869
879 336 80 86 0.853
228 268 67 89 0.851
232 119 40 56 0.850
292 573 106 120 0.844
563 298 69 72 0.840
446 117 40 49 0.840
176 392 73 91 0.839
179 157 48 59 0.829
2 401 85 94 0.826
627 393 86 96 0.821
74 221 50 59 0.817
42 282 40 60 0.813
505 212 51 67 0.809
46 183 43 59 0.808
168 1 31 37 0.808
975 445 49 111 0.805
743 154 45 54 0.804
327 167 50 59 0.800
406 197 52 60 0.795
398 110 33 40 0.792
383 153 34 45 0.789
676 614 107 84 0.784
810 134 38 51 0.784
202 107 34 44 0.778
465 183 53 64 0.778
473 84 37 41 0.772
558 83 33 38 0.769
110 80 39 47 0.767
95 300 62 69 0.760
207 227 54 70 0.758
0 70 34 45 0.737
5 125 54 67 0.735
928 201 50 59 0.733
264 17 23 33 0.727
217 60 38 46 0.726
384 63 28 31 0.720
290 32 31 38 0.718
425 32 30 36 0.713
973 218 50 83 0.713
884 77 32 37 0.688
870 32 24 30 0.674
994 127 28 36 0.674
557 190 25 32 0.669
231 10 28 36 0.661
790 121 32 40 0.660
620 245 51 57 0.659
626 65 31 37 0.656
957 164 45 49 0.652
309 71 30 37 0.649
750 20 22 27 0.633
737 384 68 88 0.632
473 17 26 31 0.627
340 22 29 43 0.609
367 230 60 75 0.607
970 84 32 44 0.600
476 47 18 24 0.597
133 172 41 48 0.568
592 100 51 58 0.553
0 140 31 69 0.553
946 11 26 33 0.538
99 615 105 79 0.517
824 63 24 34 0.517
918 0 23 25 0.504
667 45 25 29 0.502
603 58 28 30 0.495
943 79 33 40 0.444
780 45 22 25 0.444
665 89 32 39 0.439
760 94 30 38 0.430
244 185 38 47 0.404
814 39 25 29 0.403
77 41 31 35 0.401
34 62 27 36 0.397
790 124 51 46 0.376
536 392 46 67 0.375
692 2 19 24 0.357
495 43 23 29 0.351
117 44 31 41 0.336
409 -1 27 23 0.312
824 332 40 50 0.310
23 2 34 33 0.294
566 43 18 25 0.266
110 306 65 84 0.245
990 92 32 41 0.244
937 173 60 76 0.226
584 18 28 27 0.222
1003 99 22 39 0.212
878 123 35 42 0.212
299 1 20 23 0.210
3 30 23 36 0.208
537 53 25 36 0.202
254 65 24 37 0.191
59 143 40 48 0.186
379 97 32 39 0.178
0 341 13 72 0.160
382 203 59 74 0.151
1 102 33 49 0.144
18 141 56 74 0.141
990 645 29 44 0.139
386 4 29 34 0.134
68 46 40 46 0.131
349 130 34 39 0.128
0 254 29 71 0.125
766 104 42 48 0.125
361 147 48 56 0.122
610 237 48 55 0.121
306 52 43 52 0.115
508 0 28 25 0.113
0 43 9 35 0.112
793 17 24 27 0.110
546 43 35 36 0.108
607 4 20 22 0.106
778 40 57 29 0.106
448 73 25 32 0.106
881 77 37 71 0.094
357 1 28 22 0.093
830 16 23 27 0.090
603 25 23 25 0.090
555 82 59 42 0.082
80 57 22 27 0.080
264 0 24 26 0.075
15 5 34 38 0.074
0 157 20 56 0.072
986 25 22 29 0.070
0 355 21 67 0.070
540 65 21 28 0.070
389 15 22 26 0.069
602 5 25 42 0.064
988 662 32 34 0.063
196 59 28 39 0.063
594 169 42 52 0.061
85 42 57 43 0.058
793 28 22 26 0.058
649 81 39 45 0.056
590 56 19 23 0.055
335 12 30 41 0.054
6 107 45 58 0.052
0 112 17 36 0.051
788 7 25 21 0.050
700 80 29 38 0.049
669 20 21 25 0.047
581 192 50 58 0.047
668 29 23 28 0.046
597 7 25 22 0.046
100 66 44 53 0.045
994 309 31 72 0.044
79 287 58 69 0.042
700 33 24 31 0.039
387 84 36 46 0.037
409 79 20 25 0.036
292 59 42 49 0.036
-3 41 15 28 0.036
827 24 23 25 0.034
540 43 22 28 0.034
131 36 28 37 0.034
596 216 49 51 0.034
203 65 45 52 0.033
327 3 40 26 0.032
326 85 32 40 0.031
132 339 59 80 0.031
164 385 64 76 0.031
8 28 26 31 0.030
972 72 31 42 0.030
388 1 24 26 0.028
142 364 54 70 0.028
374 82 36 43 0.028
127 0 28 23 0.028
119 50 22 28 0.027
951 201 67 84 0.027
763 107 22 27 0.027
224 197 48 63 0.027
912 2 23 27 0.026
204 73 23 27 0.026
709 439 41 55 0.025
84 38 23 27 0.025
611 42 22 27 0.025
526 21 29 33 0.025
29 135 61 54 0.025
960 433 53 89 0.025
337 180 68 75 0.025
345 43 20 26 0.023
101 515 34 61 0.023
569 38 21 26 0.023
981 -1 23 22 0.023
704 91 29 42 0.022
112 193 54 59 0.021
797 110 32 43 0.021
708 68 30 40 0.020
947 159 42 41 0.019
252 170 32 43 0.019
94 -2 30 19 0.019
777 4 25 21 0.019
668 102 24 29 0.019
614 34 22 24 0.019
605 114 43 53 0.018
370 429 45 72 0.018
104 216 51 59 0.018
42 0 44 23 0.017
1012 41 14 25 0.017
95 3 31 41 0.017
-2 42 27 44 0.017
500 94 28 41 0.017
1014 53 12 21 0.017
341 9 24 27 0.017
0 30 19 29 0.017
787 73 29 33 0.016
65 0 44 19 0.016
588 145 52 61 0.015
656 116 38 49 0.015
485 18 21 25 0.015
793 73 17 25 0.015
547 403 44 67 0.015
494 33 21 26 0.015
75 60 29 35 0.015
536 26 24 30 0.014
64 -2 49 36 0.014
671 56 22 26 0.014
125 74 44 54 0.014
955 37 22 27 0.014
298 7 22 26 0.014
100 21 22 25 0.013
949 167 24 28 0.013
0 493 38 71 0.013
267 -3 25 21 0.013
762 87 24 28 0.013
32 543 74 96 0.013
258 186 38 49 0.013
898 6 20 24 0.013
1001 118 23 30 0.013
680 87 30 37 0.012
944 21 26 34 0.012
863 113 29 39 0.012
665 101 33 43 0.012
840 4 32 20 0.012
0 278 19 89 0.012
691 2 34 35 0.012
813 291 47 67 0.012
131 47 36 44 0.012
446 61 24 31 0.012
538 341 44 70 0.012
813 258 42 60 0.011
604 66 30 33 0.011
769 77 46 50 0.011
739 45 34 56 0.011
1 470 38 69 0.011
817 3 31 19 0.011
749 60 22 26 0.011
796 68 18 25 0.011
969 159 37 41 0.010
946 427 54 74 0.010
419 12 23 28 0.010
936 88 34 41 0.010
515 34 41 48 0.010
696 32 20 25 0.010
676 0 35 23 0.010
