2_Demonstration_Demonstration_Or_Protest_2_771
92
469 131 97 129 0.873
672 473 26 31 0.780
688 168 20 25 0.744
800 497 22 22 0.743
132 457 21 24 0.702
294 284 14 18 0.695
340 320 15 20 0.694
758 166 15 21 0.690
351 347 14 20 0.632
735 315 13 19 0.626
296 318 13 16 0.619
316 358 14 18 0.617
270 301 14 18 0.567
731 176 18 27 0.541
257 275 12 15 0.536
2 487 14 17 0.524
51 485 14 18 0.510
308 298 13 16 0.490
373 312 13 17 0.457
268 335 14 18 0.457
916 127 15 19 0.374
667 175 13 17 0.284
278 320 14 17 0.249
728 169 18 22 0.227
197 280 15 18 0.224
282 248 15 16 0.223
277 357 16 19 0.168
762 179 15 20 0.164
727 166 15 19 0.143
271 292 13 41 0.142
707 322 11 12 0.139
896 142 10 12 0.129
271 310 15 21 0.128
243 294 13 16 0.123
786 333 9 12 0.114
1008 493 12 16 0.108
259 251 12 15 0.102
290 300 21 57 0.095
980 167 20 24 0.087
765 186 12 16 0.087
131 463 16 22 0.082
380 356 16 20 0.081
270 331 15 19 0.079
296 324 15 19 0.059
631 432 9 11 0.055
200 277 16 18 0.049
259 253 24 89 0.048
687 160 18 22 0.046
228 295 11 16 0.044
214 277 12 14 0.038
665 173 11 15 0.036
258 247 11 14 0.035
683 480 23 26 0.034
266 248 19 16 0.034
701 486 10 14 0.033
726 161 14 16 0.030
703 481 10 17 0.027
290 355 19 21 0.026
391 312 12 16 0.025
968 319 14 15 0.024
340 294 15 18 0.024
429 26 12 16 0.023
737 312 13 18 0.023
263 312 14 19 0.023
706 325 11 13 0.021
391 296 12 15 0.021
201 286 14 17 0.020
298 330 14 19 0.020
367 282 14 19 0.020
983 161 20 20 0.019
258 317 15 19 0.018
766 191 12 17 0.017
197 286 13 16 0.017
63 495 13 18 0.016
908 131 18 21 0.016
1015 159 10 18 0.016
470 350 12 13 0.016
81 143 17 25 0.015
304 238 12 14 0.015
561 21 8 9 0.014
983 493 13 15 0.014
382 313 18 18 0.013
669 182 15 20 0.013
234 244 12 15 0.012
1015 6 9 18 0.012
243 327 14 18 0.012
395 312 16 20 0.012
478 318 12 15 0.011
541 25 9 10 0.011
166 267 14 19 0.011
269 252 19 24 0.011
724 351 11 15 0.010
