2_Demonstration_Protesters_2_178
28
264 496 65 83 0.897
548 541 66 78 0.871
629 517 61 74 0.863
739 509 67 65 0.859
64 538 69 94 0.846
677 27 43 47 0.802
914 568 70 74 0.771
767 108 50 59 0.763
591 109 46 55 0.756
357 61 40 50 0.731
473 67 40 45 0.632
0 77 35 55 0.612
2 157 38 47 0.569
872 281 30 55 0.530
140 59 33 35 0.520
237 630 59 48 0.414
237 78 51 57 0.253
66 76 45 51 0.133
610 451 52 48 0.057
139 59 23 25 0.041
278 392 53 56 0.036
148 59 23 25 0.034
-1 169 36 53 0.027
294 13 17 20 0.020
424 166 42 39 0.014
625 445 40 44 0.012
54 86 49 56 0.011
26 78 28 43 0.011
