2_Demonstration_Protesters_2_362
53
810 406 74 77 0.850
235 371 59 84 0.830
417 495 14 16 0.725
869 535 18 31 0.483
452 505 16 19 0.469
383 516 13 18 0.329
709 555 14 20 0.268
702 532 10 10 0.256
457 509 12 17 0.197
359 492 12 14 0.145
147 470 19 27 0.143
446 505 15 18 0.143
884 522 22 33 0.129
947 473 14 18 0.122
356 492 10 14 0.119
714 559 11 18 0.109
692 503 11 12 0.090
725 509 11 12 0.082
463 548 10 14 0.078
409 499 53 19 0.074
398 496 12 14 0.069
364 492 11 12 0.061
684 505 12 14 0.056
705 548 15 27 0.055
943 470 15 21 0.054
701 554 14 18 0.054
681 508 11 15 0.049
399 494 9 11 0.047
978 499 9 11 0.042
984 478 8 10 0.040
701 528 12 17 0.038
988 501 11 11 0.032
154 472 20 26 0.027
953 479 9 11 0.026
412 497 15 16 0.022
367 491 10 12 0.022
352 487 13 20 0.019
991 498 11 13 0.019
977 498 21 15 0.018
980 483 9 13 0.017
712 534 11 14 0.017
678 508 10 14 0.017
987 566 12 13 0.016
983 474 9 12 0.014
501 554 10 12 0.014
682 506 10 11 0.013
687 502 15 17 0.013
696 522 12 16 0.012
463 539 11 17 0.011
980 465 10 65 0.011
728 506 12 13 0.011
352 492 10 14 0.011
947 471 31 32 0.011
