2_Demonstration_Political_Rally_2_335
457
280 429 49 62 0.897
823 481 67 77 0.894
786 566 70 86 0.887
670 417 57 67 0.881
312 328 52 61 0.879
109 269 46 48 0.877
352 503 57 73 0.873
703 319 49 60 0.870
378 333 54 59 0.866
232 227 42 47 0.865
557 571 67 83 0.865
474 296 43 52 0.860
212 286 46 58 0.859
271 267 48 56 0.859
0 230 30 48 0.856
942 116 28 35 0.851
404 257 51 67 0.850
474 174 34 42 0.850
84 236 42 49 0.849
6 329 46 59 0.849
252 558 66 78 0.849
920 196 33 39 0.846
171 188 42 45 0.843
331 431 66 64 0.837
64 207 38 42 0.835
158 261 35 43 0.835
752 175 36 44 0.834
339 57 21 28 0.834
337 276 53 62 0.833
880 152 30 36 0.830
480 444 47 65 0.830
573 330 42 53 0.827
777 198 35 44 0.824
488 245 43 50 0.823
447 376 41 57 0.822
608 162 33 40 0.819
135 479 45 75 0.818
894 337 51 66 0.813
272 194 31 38 0.811
878 308 34 54 0.809
74 400 45 57 0.805
611 413 49 48 0.804
579 62 27 28 0.803
275 327 43 52 0.801
700 215 35 40 0.800
736 445 55 72 0.799
859 117 22 29 0.789
445 152 28 42 0.781
0 407 49 60 0.780
327 104 29 37 0.775
0 495 39 54 0.773
847 214 44 45 0.772
107 148 29 32 0.771
862 65 23 28 0.770
247 93 23 35 0.769
146 147 31 40 0.766
846 168 34 37 0.764
60 139 38 38 0.762
119 350 51 59 0.759
575 478 46 58 0.757
520 198 29 40 0.750
355 230 42 43 0.749
1 141 20 38 0.748
742 141 26 35 0.748
32 147 27 33 0.738
70 88 27 32 0.736
660 230 43 47 0.734
547 222 38 43 0.734
240 175 32 36 0.734
756 249 34 47 0.730
826 429 41 47 0.727
731 80 28 34 0.726
988 5 17 21 0.717
657 129 32 35 0.707
581 140 28 33 0.702
909 7 17 22 0.701
33 219 31 41 0.698
616 80 29 34 0.693
483 128 31 37 0.685
26 0 19 14 0.684
14 32 19 21 0.681
159 398 63 74 0.667
169 76 21 24 0.663
362 159 38 39 0.656
460 654 43 40 0.656
147 227 30 39 0.644
193 266 35 42 0.641
923 403 52 64 0.641
906 64 17 23 0.640
331 35 16 21 0.638
578 194 32 37 0.636
141 98 26 32 0.635
533 257 37 46 0.635
665 178 38 36 0.633
566 117 25 28 0.621
211 10 15 19 0.619
336 152 27 37 0.618
470 59 21 26 0.613
473 31 22 24 0.611
688 121 24 30 0.607
505 374 49 61 0.606
406 436 44 59 0.598
459 259 34 41 0.596
714 75 16 22 0.594
930 31 17 21 0.594
300 103 26 35 0.585
919 97 18 25 0.580
641 236 27 36 0.580
647 82 22 27 0.578
186 112 25 34 0.576
32 37 17 20 0.573
815 73 25 30 0.573
263 146 25 31 0.571
315 194 24 32 0.568
457 118 29 37 0.564
0 73 18 28 0.559
179 27 16 21 0.558
661 40 15 20 0.558
772 153 32 34 0.558
832 56 21 24 0.552
411 94 17 26 0.550
530 372 46 60 0.550
405 67 17 22 0.536
638 133 22 27 0.527
35 76 25 31 0.511
242 398 40 54 0.489
15 51 20 23 0.488
63 62 27 28 0.487
102 529 45 66 0.485
614 57 17 20 0.449
281 168 32 34 0.447
750 56 17 20 0.442
666 64 26 31 0.440
346 208 30 31 0.439
75 180 34 44 0.427
813 107 30 42 0.426
0 555 46 103 0.421
814 180 24 32 0.416
45 375 39 53 0.396
643 301 40 42 0.395
219 265 47 60 0.381
895 216 31 40 0.377
856 51 21 25 0.372
0 499 47 92 0.371
364 203 43 48 0.363
1012 295 12 54 0.359
14 40 22 29 0.347
739 27 16 20 0.335
777 53 17 25 0.335
809 119 27 38 0.335
75 223 47 52 0.319
968 1 11 14 0.318
779 98 19 23 0.308
200 59 14 23 0.299
204 631 41 54 0.291
210 94 19 25 0.289
356 114 21 27 0.273
785 16 12 16 0.270
213 41 15 18 0.263
466 30 17 23 0.261
688 64 17 23 0.258
784 126 38 32 0.253
19 403 51 59 0.251
822 66 23 27 0.244
691 298 36 44 0.244
273 246 42 43 0.241
114 67 19 26 0.238
308 53 15 22 0.236
100 66 18 25 0.231
63 31 18 22 0.228
301 254 39 45 0.227
328 677 52 21 0.223
0 28 10 21 0.220
64 7 19 22 0.220
349 216 51 47 0.217
484 182 47 47 0.211
314 251 33 42 0.210
578 144 62 41 0.207
756 12 13 16 0.207
181 56 17 20 0.204
192 57 18 23 0.204
538 159 31 34 0.194
290 91 26 32 0.191
25 77 20 26 0.191
65 39 24 26 0.188
1015 290 10 45 0.179
595 46 15 17 0.176
22 66 21 28 0.176
732 188 53 47 0.174
864 158 37 41 0.169
917 66 20 24 0.166
819 190 23 28 0.164
321 297 54 71 0.154
784 34 15 21 0.154
407 236 49 52 0.154
235 2 11 17 0.150
177 16 17 27 0.147
0 118 16 33 0.143
73 43 21 25 0.142
532 296 39 52 0.141
162 144 37 45 0.130
676 203 29 35 0.129
205 40 21 31 0.128
88 250 60 54 0.127
63 14 18 25 0.126
16 79 20 25 0.126
924 68 18 23 0.118
49 33 36 27 0.117
175 7 15 17 0.116
139 79 46 48 0.113
967 0 12 32 0.113
859 36 17 20 0.110
170 54 15 18 0.110
1008 313 15 43 0.104
583 112 23 27 0.101
932 0 12 12 0.099
589 53 20 25 0.099
659 183 31 36 0.095
776 246 35 50 0.095
311 55 18 22 0.094
167 125 29 37 0.092
448 135 22 26 0.092
742 42 19 27 0.089
691 11 12 16 0.088
820 106 24 29 0.088
783 11 12 16 0.086
967 16 14 20 0.086
-1 170 17 41 0.078
457 113 23 27 0.077
334 161 21 27 0.077
0 128 19 41 0.076
802 124 26 29 0.076
155 135 36 43 0.076
326 665 53 28 0.074
24 56 21 24 0.073
821 2 13 14 0.071
823 189 27 35 0.068
821 322 33 58 0.066
21 494 46 65 0.066
782 43 18 24 0.066
126 122 20 24 0.066
719 13 11 15 0.064
131 118 22 27 0.064
710 162 29 34 0.064
886 4 12 17 0.062
300 46 24 25 0.061
494 2 14 20 0.061
779 129 29 31 0.059
152 2 12 14 0.059
145 437 61 90 0.058
49 138 38 43 0.057
719 6 12 16 0.057
601 53 22 24 0.056
911 414 51 63 0.055
119 42 17 24 0.055
173 121 24 28 0.055
743 30 15 20 0.053
362 464 64 78 0.053
1017 26 8 21 0.053
913 279 33 48 0.053
826 307 36 57 0.051
589 109 22 25 0.050
0 35 11 19 0.049
652 91 21 26 0.047
544 305 33 47 0.046
399 9 18 23 0.046
524 148 34 32 0.046
194 109 22 29 0.046
528 277 33 45 0.046
650 100 21 26 0.045
687 9 24 18 0.045
767 438 49 74 0.045
536 162 22 27 0.045
319 60 16 21 0.044
920 79 19 30 0.044
936 135 34 47 0.043
187 54 16 22 0.043
0 176 10 35 0.043
721 73 22 29 0.042
281 38 14 22 0.041
545 374 40 51 0.040
276 163 23 27 0.039
47 75 22 29 0.039
810 135 21 26 0.039
340 145 23 30 0.038
531 616 45 64 0.038
679 208 33 41 0.037
914 100 21 27 0.037
495 373 39 61 0.036
832 192 24 29 0.035
716 129 21 26 0.034
670 186 36 45 0.033
5 0 12 16 0.032
151 16 11 15 0.032
693 309 22 28 0.032
305 113 22 35 0.032
120 73 17 25 0.032
220 498 36 69 0.031
489 1 18 38 0.031
205 100 23 31 0.031
56 2 19 20 0.030
861 32 13 15 0.030
819 97 24 28 0.030
454 123 22 29 0.030
922 72 15 24 0.029
348 157 35 39 0.027
406 144 25 35 0.027
435 633 37 49 0.027
70 3 17 17 0.027
661 21 26 48 0.026
119 16 13 19 0.026
734 117 35 47 0.026
276 188 24 32 0.026
812 434 38 61 0.026
995 10 17 26 0.025
509 136 19 29 0.025
210 38 21 27 0.025
398 16 18 30 0.025
932 0 16 18 0.025
335 148 21 30 0.025
843 167 24 26 0.025
670 173 50 36 0.024
268 284 53 65 0.024
802 134 25 32 0.024
224 40 20 23 0.024
646 105 19 24 0.024
780 3 13 13 0.023
890 4 18 19 0.023
-5 542 48 59 0.023
7 1 17 17 0.023
838 52 22 25 0.023
693 8 14 15 0.023
738 73 23 28 0.022
232 10 13 18 0.022
116 6 13 16 0.022
682 265 21 27 0.022
143 2 23 14 0.022
1014 20 11 33 0.022
1016 1 10 15 0.022
885 299 46 52 0.022
1016 294 7 28 0.021
173 4 16 13 0.021
303 53 15 22 0.021
408 101 20 29 0.021
665 42 18 22 0.021
742 0 11 10 0.021
-2 168 13 29 0.020
342 140 20 24 0.020
942 4 12 16 0.020
704 165 23 28 0.020
623 283 36 46 0.020
768 146 28 33 0.020
1018 0 6 28 0.019
823 81 22 30 0.019
118 0 13 38 0.019
963 71 14 21 0.019
753 90 19 27 0.019
296 109 21 28 0.019
659 523 61 67 0.019
810 1 28 16 0.019
929 63 18 24 0.019
134 56 16 23 0.018
19 28 20 23 0.018
178 106 22 28 0.018
107 124 43 45 0.018
285 43 15 22 0.018
128 56 19 26 0.018
847 687 68 14 0.018
659 185 19 28 0.018
627 299 38 46 0.018
148 6 15 20 0.018
465 132 24 29 0.017
873 67 22 26 0.017
404 43 17 45 0.017
739 42 15 21 0.017
170 93 19 26 0.017
183 399 62 69 0.017
2 0 13 27 0.017
32 130 23 28 0.017
575 191 23 28 0.017
487 2 19 14 0.017
151 1 23 18 0.016
458 273 28 37 0.016
633 318 44 56 0.016
992 3 22 20 0.016
189 121 27 39 0.016
812 176 19 25 0.016
450 239 38 52 0.016
662 200 22 26 0.016
467 152 28 37 0.015
51 0 17 14 0.015
483 10 20 48 0.015
656 34 14 20 0.015
940 1 13 13 0.015
240 40 14 21 0.015
833 172 23 26 0.015
882 138 35 44 0.014
305 91 19 22 0.014
43 19 17 21 0.014
120 7 15 23 0.014
405 8 16 18 0.014
470 139 23 29 0.014
19 201 29 40 0.014
536 5 11 15 0.014
672 193 25 31 0.014
750 2 17 27 0.013
736 1 17 13 0.013
804 40 16 21 0.013
38 20 16 21 0.013
66 179 34 36 0.013
355 34 13 20 0.013
169 141 24 29 0.013
692 73 15 20 0.013
160 152 25 30 0.013
376 431 62 63 0.013
3 312 33 55 0.013
770 132 26 29 0.013
694 65 13 17 0.013
425 238 38 43 0.012
671 247 32 44 0.012
811 330 34 53 0.012
859 173 23 29 0.012
753 4 15 16 0.012
881 320 53 70 0.012
114 0 15 9 0.012
369 154 53 37 0.012
826 60 20 25 0.012
460 61 19 29 0.012
914 18 17 22 0.012
232 40 20 28 0.012
545 164 30 34 0.012
315 90 22 28 0.012
924 278 30 44 0.012
525 636 40 47 0.012
590 201 23 29 0.012
475 0 14 10 0.012
970 52 15 20 0.012
740 62 22 27 0.012
421 145 22 28 0.011
172 151 23 29 0.011
111 0 13 11 0.011
53 395 40 59 0.011
721 134 25 31 0.011
285 38 13 17 0.011
324 200 20 26 0.011
321 257 21 29 0.011
475 66 21 30 0.011
349 126 21 26 0.011
250 96 38 44 0.011
637 243 25 39 0.011
692 284 38 45 0.011
761 15 17 20 0.011
81 84 20 28 0.011
217 94 19 25 0.010
713 173 21 27 0.010
62 88 26 34 0.010
206 53 18 26 0.010
