2_Demonstration_Protesters_2_826
130
545 168 41 54 0.904
892 239 64 77 0.876
702 202 53 67 0.854
605 141 34 42 0.848
627 74 30 42 0.804
500 155 26 36 0.804
581 76 25 33 0.758
545 104 16 26 0.739
515 124 23 26 0.694
90 82 14 17 0.688
548 65 12 17 0.663
57 91 27 33 0.649
425 86 18 22 0.646
517 68 17 20 0.643
615 66 14 18 0.634
229 101 17 23 0.609
563 57 17 22 0.607
683 72 20 29 0.522
535 74 13 17 0.433
404 88 12 16 0.418
181 119 11 15 0.291
357 89 17 24 0.244
256 68 10 12 0.236
383 85 12 15 0.213
310 95 16 22 0.201
212 83 15 17 0.179
549 58 36 23 0.175
181 89 9 10 0.171
142 101 12 19 0.161
491 80 8 15 0.153
684 68 16 22 0.140
454 56 7 10 0.136
679 59 14 24 0.122
202 107 12 17 0.120
334 136 33 40 0.119
373 86 21 19 0.119
532 67 32 18 0.116
381 86 26 15 0.110
473 157 17 22 0.107
618 74 24 31 0.104
158 83 8 14 0.103
599 67 22 26 0.099
209 79 14 16 0.095
87 84 15 23 0.090
676 58 12 14 0.090
488 76 17 16 0.073
509 70 49 20 0.068
235 74 10 12 0.067
485 68 8 10 0.063
261 73 9 14 0.063
173 86 17 14 0.062
402 57 7 9 0.062
490 72 36 19 0.060
721 78 28 41 0.059
546 34 7 8 0.058
181 122 13 18 0.055
779 85 11 17 0.053
591 78 23 29 0.052
35 93 37 31 0.049
206 74 11 12 0.048
599 68 15 18 0.046
576 70 21 27 0.043
177 114 13 17 0.043
354 94 16 23 0.043
484 97 14 27 0.037
677 81 18 24 0.036
546 33 9 12 0.035
204 77 9 12 0.034
314 101 18 21 0.032
221 105 21 22 0.032
168 86 12 14 0.031
143 95 13 20 0.031
38 96 21 25 0.030
564 52 15 20 0.029
360 85 16 19 0.029
341 129 40 39 0.029
465 148 24 27 0.028
430 63 8 11 0.028
508 67 10 13 0.028
667 81 18 23 0.026
260 69 12 14 0.025
227 95 17 23 0.025
401 175 28 58 0.024
401 53 11 17 0.024
426 59 13 19 0.024
58 10 8 9 0.022
176 123 14 19 0.021
687 87 15 23 0.021
477 100 18 23 0.020
301 87 19 30 0.020
38 7 8 10 0.019
590 65 21 22 0.019
60 12 8 11 0.019
557 94 20 24 0.019
322 99 17 21 0.018
157 113 45 19 0.018
20 99 19 22 0.017
531 38 6 7 0.017
135 96 18 24 0.017
362 122 24 32 0.017
368 83 17 19 0.017
456 59 10 12 0.016
993 158 7 8 0.016
542 34 10 13 0.016
489 100 14 20 0.016
731 82 29 40 0.015
0 126 12 30 0.015
14 82 9 16 0.015
412 63 10 17 0.015
120 93 13 18 0.014
1011 87 12 23 0.014
467 52 8 11 0.013
11 80 10 12 0.013
523 122 19 24 0.013
88 81 12 15 0.013
692 74 18 26 0.013
16 98 13 17 0.012
0 127 7 32 0.012
443 139 26 32 0.012
854 93 18 28 0.012
67 99 21 29 0.012
203 115 15 17 0.012
592 96 36 48 0.011
52 4 13 14 0.011
424 52 10 21 0.011
346 135 21 27 0.011
80 124 12 17 0.011
51 89 21 27 0.010
717 81 20 28 0.010
466 48 8 10 0.010
