2_Demonstration_Demonstrators_2_290
64
696 163 67 98 0.885
508 562 90 109 0.870
171 363 84 92 0.865
413 146 77 106 0.861
728 504 55 72 0.847
856 464 55 68 0.837
18 495 23 28 0.785
635 482 49 44 0.781
379 507 18 23 0.733
458 505 24 31 0.727
413 506 14 19 0.684
937 448 20 23 0.633
359 506 15 20 0.620
562 508 21 24 0.545
481 493 16 19 0.382
55 525 20 24 0.350
513 502 12 15 0.275
1006 452 18 62 0.245
701 490 14 13 0.240
57 519 17 23 0.167
541 504 10 13 0.120
32 629 13 20 0.108
426 492 9 13 0.101
983 450 10 14 0.097
413 514 16 20 0.092
21 445 10 12 0.091
473 493 45 25 0.069
54 499 16 20 0.068
362 490 9 11 0.060
543 506 34 20 0.054
898 453 27 32 0.053
991 456 29 44 0.052
475 494 17 22 0.046
979 452 15 16 0.041
496 495 18 19 0.034
539 498 12 14 0.034
917 454 18 22 0.033
56 503 16 23 0.032
1010 455 14 39 0.030
477 505 17 24 0.029
359 489 16 15 0.026
64 520 18 22 0.025
706 490 15 19 0.024
427 490 8 10 0.023
890 456 22 40 0.022
335 486 15 26 0.022
515 500 16 16 0.022
19 448 10 13 0.018
507 502 16 17 0.018
53 531 17 24 0.018
878 466 36 59 0.018
910 455 21 25 0.018
567 498 26 35 0.017
62 532 28 33 0.017
905 458 18 25 0.016
337 487 16 15 0.016
386 507 18 21 0.015
55 529 25 29 0.014
253 472 12 14 0.014
667 486 24 20 0.013
557 514 20 20 0.012
341 487 16 22 0.011
896 457 18 26 0.011
425 488 13 15 0.011
