2_Demonstration_Political_Rally_2_301
148
674 321 17 20 0.735
47 229 12 14 0.447
369 256 11 13 0.405
642 271 14 17 0.386
544 281 12 16 0.293
504 272 13 14 0.284
126 233 11 13 0.220
408 277 15 17 0.217
593 270 16 19 0.198
344 251 12 14 0.194
475 265 11 13 0.180
310 316 11 13 0.175
680 287 15 16 0.174
499 268 13 15 0.148
487 265 12 13 0.141
600 263 16 19 0.138
255 242 12 15 0.136
178 238 10 11 0.134
161 275 10 11 0.134
30 266 9 10 0.133
353 233 12 12 0.125
522 259 13 15 0.124
429 257 10 13 0.103
342 243 15 16 0.101
570 277 12 16 0.101
24 227 12 14 0.101
474 258 12 23 0.097
793 296 16 20 0.095
409 268 12 16 0.092
626 274 13 16 0.088
316 252 12 14 0.078
470 243 10 12 0.077
34 227 25 18 0.074
419 310 11 13 0.074
44 232 12 14 0.074
342 242 13 30 0.073
509 277 13 16 0.069
208 250 11 12 0.064
486 262 22 22 0.062
480 346 11 12 0.061
504 267 13 28 0.061
182 271 8 10 0.061
610 202 6 7 0.060
454 260 11 14 0.059
27 221 13 14 0.055
514 263 17 17 0.054
185 243 10 11 0.053
164 276 10 11 0.051
429 256 19 16 0.048
231 249 10 12 0.047
471 242 12 24 0.046
25 234 11 13 0.046
504 270 20 19 0.045
473 306 9 12 0.045
416 274 16 16 0.045
464 261 16 15 0.045
475 307 11 12 0.043
107 269 12 11 0.043
23 231 10 12 0.042
431 259 10 14 0.041
429 249 16 36 0.041
538 272 13 15 0.041
664 285 11 15 0.040
366 258 12 14 0.039
513 280 12 14 0.039
407 285 14 15 0.039
665 282 10 13 0.037
339 240 12 14 0.036
427 275 10 14 0.036
485 243 11 13 0.036
550 270 12 15 0.035
426 257 14 25 0.035
686 265 12 13 0.034
319 249 12 13 0.034
310 256 11 11 0.033
23 236 9 11 0.033
198 287 8 9 0.032
493 247 26 59 0.031
405 251 13 22 0.030
626 280 14 15 0.030
91 245 8 10 0.030
106 269 9 10 0.029
483 316 9 11 0.028
460 257 13 17 0.028
406 264 14 14 0.027
479 311 11 13 0.026
124 273 9 11 0.026
657 289 14 17 0.025
396 247 13 13 0.025
32 219 13 14 0.025
338 237 10 12 0.025
258 241 16 19 0.025
654 295 14 15 0.024
398 248 15 14 0.023
23 265 9 11 0.023
413 286 12 15 0.022
685 257 14 43 0.022
467 288 11 13 0.021
205 240 18 31 0.021
465 283 11 14 0.021
259 249 17 14 0.021
614 268 24 14 0.021
192 248 13 11 0.020
643 281 15 17 0.020
48 224 12 13 0.020
389 243 15 12 0.020
469 287 14 40 0.020
142 258 12 12 0.019
520 257 13 14 0.019
558 271 14 16 0.019
385 261 12 14 0.019
517 286 12 15 0.018
406 248 11 12 0.017
560 260 35 48 0.017
383 253 13 19 0.017
486 244 14 28 0.016
455 263 30 14 0.016
138 252 11 14 0.016
125 268 13 14 0.016
574 272 16 18 0.016
257 236 13 15 0.016
404 246 38 42 0.015
184 268 12 12 0.015
290 250 18 13 0.015
152 239 9 13 0.015
555 302 13 16 0.015
565 272 49 19 0.015
657 316 15 19 0.015
501 236 31 85 0.014
496 255 15 16 0.014
408 254 13 22 0.014
369 248 11 15 0.014
528 274 16 18 0.014
678 317 17 21 0.014
152 235 9 12 0.013
142 249 12 20 0.012
659 296 13 16 0.012
738 232 6 8 0.012
696 277 11 15 0.012
197 282 10 12 0.012
262 259 11 13 0.011
155 233 12 86 0.011
144 270 11 12 0.011
597 277 16 19 0.010
590 277 17 19 0.010
264 257 13 13 0.010
553 321 13 17 0.010
236 248 18 14 0.010
