2_Demonstration_Protesters_2_476
64
274 380 43 58 0.844
411 373 47 61 0.819
919 373 25 31 0.805
685 383 22 30 0.787
768 357 24 30 0.782
187 411 27 38 0.763
104 317 35 35 0.714
24 339 21 44 0.695
203 359 24 32 0.692
786 469 21 28 0.614
877 371 20 24 0.553
333 376 25 32 0.538
66 320 7 8 0.464
112 388 45 52 0.310
222 340 12 13 0.288
166 333 8 8 0.186
221 341 15 18 0.170
204 336 11 13 0.157
190 355 12 16 0.143
194 333 7 8 0.109
194 334 10 12 0.094
438 377 35 48 0.083
177 340 13 13 0.080
233 339 13 14 0.080
239 339 10 10 0.070
166 332 13 18 0.058
175 340 10 11 0.057
184 337 13 13 0.057
158 332 18 11 0.056
116 319 23 26 0.049
192 343 10 30 0.042
145 333 13 16 0.040
66 326 9 17 0.037
260 362 28 30 0.035
882 377 18 25 0.032
629 355 12 15 0.031
126 451 25 30 0.031
65 333 11 15 0.030
194 357 18 24 0.030
149 336 13 14 0.028
227 346 13 18 0.027
678 361 21 24 0.027
263 346 18 48 0.026
26 329 10 13 0.025
323 371 35 48 0.025
132 326 23 25 0.024
61 334 9 12 0.024
188 313 18 87 0.024
24 332 16 26 0.020
174 338 26 12 0.019
334 383 36 32 0.019
189 355 18 23 0.019
136 397 48 38 0.016
154 331 11 11 0.016
70 320 11 17 0.016
259 345 13 20 0.015
582 400 19 31 0.015
676 352 21 27 0.014
683 355 20 21 0.013
210 366 22 26 0.012
375 394 24 35 0.012
870 443 20 26 0.012
650 373 17 21 0.011
256 348 18 26 0.010
