2_Demonstration_Political_Rally_2_341
28
129 342 20 26 0.826
566 331 22 28 0.815
206 362 15 17 0.765
62 369 14 17 0.758
472 355 15 19 0.743
505 346 17 26 0.692
181 353 17 19 0.686
402 361 12 16 0.681
794 336 14 19 0.613
235 367 11 13 0.574
107 349 15 22 0.486
406 363 12 16 0.140
45 374 9 11 0.085
867 341 16 21 0.082
411 367 11 13 0.067
417 368 9 12 0.048
859 345 16 22 0.045
992 379 16 18 0.041
104 357 13 18 0.027
804 340 15 18 0.023
100 354 13 17 0.022
919 322 8 11 0.020
50 367 13 16 0.015
234 364 9 12 0.015
237 378 12 17 0.013
853 352 15 18 0.012
862 338 16 19 0.011
872 343 13 17 0.010
