2_Demonstration_Protesters_2_519
41
795 102 53 64 0.901
550 116 58 78 0.883
162 127 64 87 0.861
896 180 39 42 0.827
675 593 14 15 0.323
342 261 9 12 0.220
595 648 9 11 0.201
344 263 10 13 0.171
319 259 7 7 0.155
368 255 19 24 0.104
599 649 8 9 0.082
642 620 14 16 0.076
740 630 14 15 0.059
589 650 8 10 0.051
657 596 15 17 0.044
663 594 16 17 0.038
646 619 14 15 0.036
343 255 10 18 0.035
531 626 9 13 0.030
544 645 10 12 0.027
638 637 11 12 0.026
641 624 14 23 0.024
648 622 14 15 0.022
322 176 6 7 0.022
652 596 18 25 0.020
732 632 15 15 0.020
635 639 11 12 0.019
342 256 9 14 0.017
532 627 12 18 0.017
642 607 15 18 0.016
349 269 12 15 0.014
436 660 11 13 0.014
673 662 8 11 0.014
678 598 15 17 0.013
5 288 7 13 0.013
680 591 16 18 0.012
39 176 10 14 0.012
591 636 33 30 0.011
9 167 11 16 0.011
683 602 14 18 0.011
12 164 15 16 0.010
