2_Demonstration_Political_Rally_2_365
95
736 105 243 347 0.883
463 294 70 98 0.868
0 354 72 235 0.782
385 400 15 19 0.745
405 394 13 17 0.666
353 408 13 15 0.584
374 378 9 11 0.530
362 395 12 14 0.479
425 365 10 14 0.408
538 349 11 16 0.408
448 347 12 16 0.327
378 358 8 11 0.319
325 416 11 15 0.306
217 341 66 75 0.262
345 396 11 14 0.236
333 349 8 11 0.208
554 343 9 11 0.175
385 383 14 45 0.166
394 359 9 11 0.159
371 426 11 16 0.151
518 333 35 46 0.139
309 383 10 14 0.135
432 355 9 11 0.133
303 371 11 15 0.130
340 361 10 12 0.119
303 365 10 14 0.116
335 349 8 17 0.114
442 351 15 15 0.109
554 347 9 12 0.107
388 392 14 18 0.105
435 334 8 11 0.100
249 584 87 69 0.099
352 396 15 31 0.082
304 369 12 27 0.078
377 357 16 16 0.077
415 370 11 12 0.067
453 322 50 62 0.064
305 358 12 48 0.062
365 349 9 89 0.061
425 328 10 80 0.055
1 349 65 104 0.052
350 340 10 14 0.051
395 350 9 24 0.049
363 373 15 21 0.047
328 417 12 14 0.046
552 352 10 13 0.038
354 366 9 12 0.038
376 360 28 11 0.037
355 438 14 20 0.036
375 322 7 107 0.034
924 276 98 217 0.034
353 443 13 17 0.032
317 416 12 15 0.029
416 359 12 25 0.029
334 365 11 22 0.028
325 400 33 39 0.028
536 326 9 13 0.028
341 387 13 18 0.027
359 378 25 13 0.027
432 351 29 13 0.027
427 371 12 16 0.027
325 413 19 18 0.026
347 370 16 15 0.025
538 338 11 29 0.025
354 364 12 19 0.023
421 391 12 16 0.023
306 386 11 16 0.022
305 362 9 10 0.022
422 387 16 18 0.022
312 392 10 19 0.021
330 376 10 13 0.021
300 360 9 12 0.020
307 419 12 12 0.020
426 363 12 31 0.020
57 293 32 44 0.019
348 340 10 30 0.018
314 399 12 17 0.018
407 347 11 23 0.018
346 360 24 104 0.017
190 329 64 77 0.016
303 416 10 13 0.016
532 322 15 20 0.016
533 330 8 23 0.016
427 346 35 31 0.015
385 329 11 13 0.015
307 406 12 18 0.013
378 347 17 29 0.013
528 353 15 18 0.013
428 382 13 16 0.011
431 306 32 105 0.011
358 339 16 27 0.011
534 346 19 26 0.011
416 316 8 9 0.011
240 330 45 60 0.010
416 314 12 12 0.010
