2_Demonstration_Demonstration_Or_Protest_2_32
159
522 1152 61 91 0.835
240 1243 83 111 0.833
728 1102 59 71 0.801
49 1050 41 49 0.801
168 1090 55 65 0.790
455 1063 51 67 0.788
309 1098 52 77 0.771
892 1022 25 30 0.762
-2 1255 57 111 0.762
628 1064 27 36 0.754
516 1062 28 35 0.722
864 1105 32 38 0.720
367 1034 22 27 0.675
576 1078 24 32 0.673
427 1033 32 43 0.648
337 1032 29 33 0.634
526 1112 39 53 0.582
933 1080 22 28 0.550
329 930 23 26 0.531
286 1077 40 56 0.529
697 1099 36 52 0.525
548 1023 14 17 0.504
989 1046 28 31 0.457
298 1033 23 29 0.442
722 1056 17 19 0.403
248 1038 23 27 0.372
749 1075 23 25 0.369
276 1062 36 51 0.350
193 1039 33 40 0.277
170 1157 33 47 0.272
297 1088 51 73 0.265
689 1041 14 18 0.261
744 1070 23 24 0.259
273 1057 30 37 0.246
581 1035 19 20 0.243
264 1046 31 43 0.226
975 1053 24 28 0.223
936 1053 20 22 0.216
925 1023 19 24 0.210
490 1018 14 19 0.207
136 982 26 28 0.194
118 1030 22 30 0.184
546 1060 18 25 0.179
524 1030 17 20 0.166
-2 1095 16 54 0.164
692 1042 21 21 0.155
522 1034 21 24 0.153
-1 1007 32 49 0.146
600 1049 15 18 0.144
518 1015 25 116 0.132
177 1052 46 56 0.127
772 1062 17 21 0.124
351 1035 40 30 0.121
532 1025 23 22 0.116
388 1043 25 32 0.110
246 1046 25 32 0.106
820 1051 17 19 0.100
826 1099 26 35 0.100
627 1032 16 19 0.100
547 1024 24 21 0.099
289 1029 26 30 0.083
234 1077 24 32 0.082
521 1027 29 22 0.082
274 1046 28 34 0.080
628 1040 23 74 0.077
539 1022 17 20 0.062
259 1036 69 36 0.061
113 1086 33 35 0.061
497 1060 98 48 0.061
289 1100 33 51 0.060
990 1039 23 27 0.059
1012 989 14 20 0.058
35 1012 25 31 0.057
14 1006 42 39 0.056
607 1043 20 25 0.053
820 1042 19 48 0.053
529 1025 14 18 0.052
859 1028 17 23 0.052
600 1017 13 15 0.051
957 1053 25 25 0.047
126 1036 50 41 0.045
548 991 17 95 0.044
924 1021 25 43 0.043
587 1025 18 29 0.041
973 1061 23 28 0.039
813 1098 33 39 0.038
657 1044 16 19 0.037
121 1033 26 33 0.037
627 1030 17 37 0.037
686 1032 14 19 0.036
585 1019 19 19 0.034
0 1001 24 31 0.034
689 1049 16 19 0.033
511 1041 25 25 0.032
241 1070 27 37 0.030
20 1011 53 61 0.029
275 1031 25 28 0.028
653 1042 16 17 0.027
679 1033 14 19 0.027
155 1038 25 33 0.026
240 1052 25 35 0.025
341 1014 23 28 0.024
230 1086 24 32 0.023
681 1023 14 18 0.023
603 1012 17 26 0.022
391 1054 25 32 0.022
824 1046 21 29 0.022
527 1086 46 60 0.022
855 1033 16 20 0.021
958 1048 33 24 0.021
446 1011 21 24 0.021
444 1139 42 51 0.020
521 1116 28 40 0.020
433 1012 23 28 0.020
166 1053 28 35 0.020
375 1047 28 29 0.019
145 984 26 55 0.019
498 1043 18 27 0.019
156 1022 25 34 0.018
974 1039 23 25 0.018
1007 1008 16 25 0.017
967 1099 35 42 0.017
253 1056 55 66 0.017
583 1122 20 27 0.017
567 1038 19 28 0.017
961 1106 34 44 0.017
821 1040 16 21 0.016
716 1069 26 32 0.016
813 1058 21 21 0.016
0 968 21 59 0.016
692 1104 29 44 0.016
165 1040 25 32 0.016
830 1053 20 20 0.016
175 1058 32 37 0.015
690 1036 16 18 0.015
862 1077 26 30 0.015
626 1025 16 19 0.015
391 1035 57 70 0.014
782 1105 38 44 0.014
699 1085 26 28 0.013
657 1072 27 37 0.012
950 1068 43 81 0.012
298 1064 27 33 0.012
351 1047 25 30 0.012
514 1023 19 18 0.012
167 1120 53 68 0.011
821 1027 21 97 0.011
430 1003 46 45 0.011
1006 1017 21 23 0.011
362 933 17 20 0.011
955 1068 25 28 0.010
199 1027 22 31 0.010
443 1005 18 24 0.010
173 1029 25 30 0.010
145 980 23 29 0.010
528 1102 27 33 0.010
100 1036 26 37 0.010
0 955 15 29 0.010
-2 1105 25 36 0.010
