2_Demonstration_Demonstration_Or_Protest_2_655
32
511 93 24 31 0.757
277 110 27 31 0.756
682 63 27 35 0.755
75 183 14 17 0.732
833 100 29 38 0.510
159 211 30 40 0.440
23 208 23 26 0.132
493 10 20 27 0.132
221 105 24 26 0.109
58 56 12 15 0.109
475 52 26 32 0.081
171 216 20 26 0.080
25 198 18 22 0.067
86 127 13 16 0.052
27 192 14 17 0.050
91 97 13 16 0.029
152 218 37 49 0.029
23 220 32 39 0.028
832 99 23 27 0.027
146 209 35 43 0.026
613 31 14 17 0.023
88 106 13 35 0.021
626 120 18 20 0.016
14 178 14 23 0.016
1018 95 6 13 0.015
12 178 11 14 0.014
251 100 20 23 0.014
32 210 24 28 0.013
476 64 21 25 0.011
28 232 29 32 0.011
231 105 19 25 0.011
834 112 23 30 0.010
