2_Demonstration_Demonstrators_2_268
161
972 259 43 49 0.824
840 278 23 26 0.817
574 281 24 31 0.817
166 284 20 26 0.802
78 285 33 40 0.800
363 263 22 29 0.756
537 249 13 17 0.742
879 255 17 18 0.733
947 264 14 17 0.730
31 268 16 17 0.723
135 270 13 16 0.671
409 248 10 11 0.661
682 246 20 25 0.656
602 259 9 11 0.646
218 252 13 15 0.644
268 257 25 30 0.634
239 262 15 17 0.633
446 262 14 17 0.624
721 361 21 27 0.557
103 269 10 12 0.519
507 266 9 15 0.519
769 261 7 9 0.515
783 258 6 6 0.497
926 254 8 10 0.475
76 255 14 18 0.437
156 265 19 19 0.436
728 257 8 10 0.391
787 272 8 10 0.361
424 288 11 13 0.357
443 267 14 18 0.351
312 261 8 10 0.324
818 257 6 8 0.284
59 265 10 11 0.263
291 262 13 18 0.238
669 255 10 11 0.236
0 279 12 22 0.211
615 275 11 13 0.205
642 247 9 11 0.202
281 255 23 30 0.201
525 253 11 12 0.172
341 281 13 15 0.168
72 257 14 17 0.166
703 250 12 15 0.158
324 261 9 10 0.153
75 251 14 16 0.150
80 260 12 15 0.147
641 293 9 11 0.145
755 256 7 9 0.144
347 258 8 10 0.143
310 261 16 11 0.142
910 254 9 10 0.120
57 263 19 20 0.120
768 260 20 9 0.097
327 258 11 10 0.093
439 275 12 14 0.088
314 262 19 8 0.082
126 261 11 16 0.075
346 256 11 24 0.073
819 260 6 8 0.073
516 259 10 14 0.070
153 268 19 21 0.070
71 241 41 54 0.066
14 270 39 21 0.062
803 253 7 8 0.062
254 259 13 16 0.062
637 248 11 13 0.061
248 261 15 18 0.058
617 278 11 14 0.058
806 252 8 9 0.053
9 275 15 14 0.052
124 261 8 11 0.052
658 256 10 12 0.052
759 260 9 9 0.050
722 273 8 11 0.048
1 302 9 16 0.048
366 250 10 12 0.048
584 258 10 12 0.048
902 253 15 13 0.048
33 258 57 23 0.046
354 252 16 25 0.046
615 290 10 14 0.046
295 270 11 14 0.044
603 250 9 14 0.043
834 261 7 9 0.043
339 285 11 14 0.042
620 249 9 11 0.041
107 286 14 23 0.041
63 255 15 16 0.041
109 281 12 20 0.040
613 280 12 14 0.040
833 257 10 15 0.039
324 276 10 13 0.039
656 260 9 10 0.038
755 260 7 9 0.036
423 287 9 12 0.036
333 256 10 9 0.036
0 291 10 21 0.034
714 251 11 10 0.033
769 256 8 9 0.032
413 248 9 11 0.032
301 295 11 13 0.031
803 260 12 13 0.030
323 260 27 8 0.030
800 259 12 8 0.030
234 258 19 16 0.029
1 276 9 18 0.029
901 251 10 11 0.028
296 251 38 32 0.028
626 252 12 10 0.028
219 273 11 13 0.027
753 257 12 10 0.026
509 270 9 13 0.026
74 256 20 26 0.026
926 252 11 14 0.026
589 260 12 13 0.025
524 248 18 16 0.025
802 241 6 43 0.024
393 275 10 13 0.023
609 251 14 19 0.023
62 249 15 14 0.023
908 260 10 10 0.022
652 255 19 13 0.020
872 257 16 18 0.020
326 256 8 9 0.020
5 276 22 17 0.019
205 274 14 16 0.019
96 285 24 27 0.019
328 258 11 22 0.019
503 259 10 13 0.019
188 269 13 17 0.018
185 268 12 15 0.018
708 259 16 20 0.018
749 254 8 9 0.018
59 248 9 12 0.016
204 267 23 23 0.016
121 258 10 12 0.016
934 250 10 12 0.016
216 752 67 16 0.016
797 247 14 29 0.016
789 219 8 107 0.016
585 260 11 14 0.015
644 242 8 10 0.015
217 259 16 23 0.015
189 273 14 19 0.015
204 266 13 21 0.014
1 409 5 15 0.014
392 268 9 18 0.014
178 266 18 16 0.013
791 267 14 13 0.013
581 250 9 11 0.013
709 250 23 9 0.013
963 259 30 39 0.013
540 247 14 15 0.012
334 226 20 98 0.012
643 293 10 12 0.011
858 248 8 13 0.011
347 254 28 12 0.011
173 286 19 22 0.011
330 311 9 10 0.011
792 272 11 10 0.011
401 249 13 12 0.010
