2_Demonstration_Demonstrators_2_162
40
585 347 37 48 0.789
655 354 42 54 0.782
498 386 39 67 0.781
243 346 73 75 0.773
558 438 39 62 0.669
622 358 23 34 0.544
629 355 49 46 0.334
472 357 12 15 0.274
198 326 44 55 0.094
546 292 20 26 0.085
393 317 12 14 0.084
468 342 12 14 0.065
543 284 17 29 0.061
378 318 10 13 0.048
363 361 20 26 0.044
386 316 17 15 0.042
545 280 14 18 0.036
424 440 30 45 0.035
382 317 15 15 0.027
477 358 13 16 0.026
550 301 15 19 0.025
463 420 38 65 0.024
463 345 14 17 0.023
461 402 46 61 0.020
917 346 11 14 0.019
474 404 27 46 0.019
532 332 18 21 0.018
481 359 15 16 0.017
322 378 22 34 0.017
526 328 19 23 0.015
471 340 10 11 0.015
961 352 8 9 0.015
638 579 60 91 0.014
628 353 25 34 0.013
510 328 38 43 0.012
528 330 23 38 0.012
984 346 8 10 0.012
452 444 44 52 0.011
982 342 10 15 0.011
326 378 13 18 0.010
