2_Demonstration_Protesters_2_493
542
923 159 36 50 0.869
771 128 33 45 0.868
456 133 39 46 0.861
719 133 36 44 0.855
302 153 39 53 0.849
647 174 46 55 0.839
18 100 24 29 0.827
313 85 23 29 0.811
92 114 26 31 0.811
544 77 18 22 0.811
986 148 38 61 0.804
277 115 29 34 0.803
555 131 35 47 0.801
877 213 44 50 0.800
0 407 85 171 0.795
386 149 38 46 0.794
868 92 23 33 0.786
848 141 31 43 0.786
832 182 29 44 0.778
737 91 21 24 0.777
219 66 17 22 0.767
255 98 22 28 0.754
749 196 34 39 0.751
161 81 21 26 0.750
340 90 21 25 0.750
267 74 22 27 0.748
803 21 11 15 0.745
377 100 22 29 0.742
923 48 21 24 0.740
80 89 21 25 0.739
67 63 21 25 0.730
292 70 20 25 0.729
937 127 33 44 0.725
187 58 15 19 0.725
32 69 21 28 0.725
522 88 19 23 0.723
481 59 20 24 0.715
201 80 22 27 0.709
918 76 24 29 0.701
210 116 22 27 0.699
639 52 17 22 0.694
568 52 14 18 0.690
387 73 19 23 0.682
962 69 20 25 0.681
719 81 18 22 0.669
711 111 27 29 0.666
745 47 16 20 0.660
604 86 21 26 0.660
409 111 25 30 0.657
97 56 12 16 0.654
433 72 19 22 0.652
949 53 17 21 0.642
136 105 21 26 0.642
816 120 27 35 0.639
523 118 25 32 0.637
704 52 15 17 0.636
14 60 17 19 0.634
520 66 17 20 0.627
585 58 16 21 0.613
321 59 16 19 0.609
810 48 15 17 0.607
763 46 15 17 0.605
638 108 23 28 0.605
343 118 29 36 0.601
663 63 19 23 0.597
305 49 14 17 0.594
469 37 10 12 0.591
846 47 16 21 0.591
380 32 12 14 0.584
333 43 12 15 0.580
554 17 10 12 0.575
565 31 11 14 0.565
0 45 11 18 0.565
787 59 15 18 0.558
186 117 24 29 0.547
244 82 19 25 0.543
3 135 23 32 0.540
783 84 21 30 0.537
459 57 14 18 0.536
129 66 13 17 0.532
836 75 21 28 0.525
0 89 14 26 0.518
502 54 13 17 0.506
131 83 21 25 0.504
544 54 14 16 0.499
889 50 17 21 0.499
420 36 12 15 0.495
247 63 14 17 0.493
823 9 11 14 0.488
653 91 21 27 0.486
496 96 21 28 0.486
838 167 32 50 0.481
846 19 10 13 0.475
620 23 10 11 0.473
139 51 12 15 0.464
655 22 11 13 0.457
255 47 12 14 0.455
692 38 11 15 0.447
604 3 9 10 0.438
1007 84 16 32 0.423
824 73 28 34 0.402
630 2 10 11 0.399
340 96 27 37 0.389
230 85 20 25 0.386
614 53 18 21 0.380
615 62 19 24 0.374
78 44 11 14 0.361
455 89 22 27 0.357
158 46 14 16 0.353
663 48 16 19 0.349
490 92 21 27 0.345
518 39 11 13 0.343
549 37 12 16 0.343
609 45 14 16 0.343
499 9 11 13 0.342
782 7 10 13 0.341
35 52 14 17 0.339
704 11 11 12 0.338
754 7 10 12 0.337
694 74 20 24 0.331
548 113 28 32 0.311
369 54 14 17 0.306
588 132 17 27 0.301
472 118 24 32 0.294
934 67 21 27 0.293
709 51 19 20 0.288
232 48 13 18 0.286
278 42 12 15 0.280
177 59 16 21 0.279
72 73 23 28 0.279
942 59 19 25 0.275
583 96 18 23 0.273
869 149 46 49 0.266
582 -1 9 9 0.266
388 51 14 17 0.266
110 60 14 18 0.263
522 20 9 11 0.256
522 152 29 40 0.251
464 2 8 8 0.249
477 18 8 12 0.244
406 89 18 22 0.243
732 0 10 10 0.234
485 43 11 14 0.234
163 46 15 17 0.234
767 0 9 9 0.231
689 33 13 15 0.225
369 50 13 16 0.225
906 122 21 30 0.222
654 11 12 31 0.221
563 80 17 21 0.213
427 140 18 26 0.213
911 15 13 14 0.205
900 24 15 21 0.204
765 2 9 11 0.199
653 3 10 12 0.198
818 35 13 16 0.195
719 53 15 18 0.192
438 32 11 14 0.186
101 58 14 18 0.186
563 5 9 11 0.180
844 13 11 21 0.178
185 38 17 56 0.175
702 41 16 33 0.172
872 15 10 14 0.171
355 25 10 11 0.170
452 97 21 26 0.170
701 79 35 26 0.169
7 53 23 21 0.167
380 72 21 66 0.166
709 10 11 12 0.164
472 38 16 15 0.164
703 91 22 25 0.164
151 65 16 18 0.163
437 132 45 40 0.162
533 78 31 24 0.160
1010 108 14 40 0.160
945 33 14 17 0.158
771 0 14 13 0.151
282 29 9 18 0.151
424 52 14 17 0.151
20 43 13 16 0.150
153 81 53 27 0.149
221 55 18 39 0.148
317 89 44 25 0.148
432 59 18 43 0.147
91 58 14 19 0.144
133 69 21 70 0.140
1005 269 19 59 0.137
499 30 9 13 0.136
142 34 12 13 0.135
50 66 40 27 0.133
432 402 57 88 0.130
973 91 19 28 0.129
951 47 16 21 0.124
354 153 28 39 0.124
250 83 26 35 0.123
587 76 16 71 0.123
174 40 13 14 0.122
366 60 17 21 0.122
690 25 12 14 0.120
836 5 11 12 0.117
417 125 22 27 0.117
586 36 16 57 0.115
812 24 16 60 0.111
363 39 12 16 0.110
653 65 23 66 0.110
476 10 10 21 0.110
458 81 37 75 0.109
521 79 23 66 0.109
640 20 15 74 0.108
545 38 17 25 0.107
268 41 19 79 0.106
654 44 18 20 0.105
1002 121 23 49 0.105
494 56 18 23 0.104
590 63 17 21 0.104
102 51 13 17 0.102
786 53 42 19 0.101
485 87 21 25 0.100
179 110 23 28 0.100
279 46 13 16 0.098
105 76 15 20 0.096
821 46 15 18 0.095
620 140 18 24 0.092
498 84 19 25 0.091
335 126 35 43 0.089
660 167 38 50 0.089
187 39 11 14 0.088
664 76 19 26 0.087
573 48 17 21 0.086
461 100 33 39 0.085
357 22 12 26 0.085
399 26 11 14 0.085
943 70 20 26 0.085
48 75 19 25 0.084
78 32 13 41 0.083
887 47 61 24 0.083
319 27 10 17 0.082
680 24 14 15 0.081
364 81 19 22 0.081
808 38 16 31 0.080
449 80 21 22 0.080
320 24 9 12 0.078
159 16 13 71 0.078
256 31 10 11 0.077
586 48 15 19 0.077
691 107 18 24 0.077
706 29 14 15 0.076
604 1 17 18 0.075
766 72 17 22 0.074
366 89 22 27 0.074
370 22 10 13 0.074
60 68 20 25 0.073
771 90 33 38 0.073
264 59 13 17 0.073
436 35 15 21 0.073
402 80 25 34 0.072
120 38 11 13 0.072
884 59 17 28 0.072
16 23 10 12 0.071
414 12 8 11 0.070
50 39 13 14 0.070
300 48 36 29 0.070
916 12 12 15 0.070
1011 13 12 20 0.069
603 37 13 15 0.069
440 12 10 46 0.069
751 29 14 18 0.069
446 109 21 27 0.068
207 166 32 52 0.067
817 69 23 30 0.067
584 65 17 21 0.064
894 7 15 80 0.064
63 117 19 23 0.064
767 0 13 16 0.063
922 28 20 91 0.063
193 59 16 19 0.063
1011 100 14 31 0.062
387 11 9 10 0.062
47 32 12 20 0.062
673 53 19 22 0.062
168 64 21 22 0.061
538 61 17 22 0.061
769 38 38 49 0.061
584 76 17 22 0.061
554 -16 9 77 0.060
899 52 22 22 0.060
568 2 11 92 0.060
594 56 21 22 0.059
726 0 12 12 0.059
864 33 12 15 0.059
409 13 12 15 0.058
760 66 19 22 0.058
510 75 17 22 0.057
570 19 9 13 0.057
95 29 9 13 0.057
688 0 8 9 0.057
17 20 10 21 0.057
858 195 45 52 0.057
130 47 15 49 0.055
300 78 22 27 0.054
655 42 40 23 0.054
364 1 8 11 0.054
869 8 11 14 0.053
533 66 19 25 0.053
363 155 22 29 0.053
500 5 10 11 0.052
35 17 14 73 0.052
237 47 31 14 0.051
480 53 37 26 0.051
900 12 13 16 0.050
790 45 17 21 0.049
832 49 20 21 0.049
176 32 14 23 0.049
666 162 31 37 0.048
317 32 10 15 0.048
519 0 11 91 0.048
689 22 14 29 0.047
472 112 22 26 0.047
368 26 15 75 0.046
344 1 8 15 0.045
28 27 11 25 0.045
620 69 18 23 0.045
434 75 28 22 0.045
207 85 23 26 0.045
448 0 10 11 0.044
543 52 19 62 0.044
92 53 41 32 0.043
444 37 13 14 0.043
692 84 22 25 0.043
289 56 44 42 0.043
616 -4 13 105 0.042
612 3 11 10 0.042
625 46 16 20 0.042
564 0 31 11 0.042
351 27 11 22 0.042
875 180 28 34 0.041
221 49 16 16 0.041
460 113 24 26 0.041
500 -27 9 91 0.040
470 -18 9 107 0.040
660 0 14 23 0.040
-1 118 15 23 0.040
655 -30 9 103 0.039
688 1 13 10 0.039
503 3 12 23 0.039
115 35 18 28 0.038
147 29 16 24 0.038
888 75 16 21 0.038
41 32 15 16 0.038
1 166 45 71 0.038
261 150 29 43 0.038
236 27 13 23 0.038
195 120 22 27 0.038
910 115 27 36 0.037
517 0 9 11 0.036
395 10 15 28 0.036
123 37 17 26 0.036
170 32 14 21 0.036
712 10 11 14 0.036
700 0 10 12 0.035
802 84 19 27 0.035
777 -28 16 82 0.035
515 121 39 45 0.035
355 28 18 15 0.035
663 3 11 11 0.034
74 51 33 18 0.034
99 15 15 88 0.034
599 33 11 15 0.033
63 31 10 19 0.033
844 76 18 25 0.032
866 1 9 9 0.032
917 8 15 13 0.032
668 88 18 24 0.032
971 162 41 50 0.032
99 44 19 26 0.032
551 367 54 89 0.032
320 6 9 50 0.031
607 23 11 13 0.031
586 117 18 26 0.031
907 129 23 35 0.031
527 146 28 34 0.030
552 1 10 10 0.030
393 8 12 22 0.030
822 31 16 16 0.029
340 66 15 18 0.029
484 242 28 59 0.029
899 43 16 20 0.029
809 81 21 31 0.029
901 9 22 14 0.029
806 1 13 14 0.029
608 91 22 26 0.029
807 63 19 25 0.028
419 15 10 22 0.028
301 115 19 29 0.028
689 114 23 34 0.028
1009 41 15 22 0.028
779 0 14 30 0.028
414 8 12 12 0.027
448 0 8 15 0.027
611 27 31 80 0.027
447 0 7 9 0.027
317 16 12 24 0.027
2 143 16 27 0.027
256 0 13 104 0.027
657 4 21 14 0.027
805 -10 13 105 0.027
503 79 21 24 0.026
1007 7 13 17 0.026
721 70 19 27 0.026
131 17 14 104 0.026
162 16 17 115 0.026
392 15 17 11 0.026
228 12 18 80 0.026
642 -1 18 16 0.025
461 83 20 22 0.025
96 27 13 22 0.025
626 26 15 26 0.025
416 47 17 22 0.025
227 195 36 61 0.025
421 1 8 10 0.025
542 20 13 15 0.025
756 73 18 21 0.024
688 1 10 19 0.024
44 49 15 19 0.024
2 7 13 21 0.024
866 36 14 18 0.024
4 62 15 19 0.024
713 239 20 29 0.024
238 31 28 14 0.024
685 116 18 23 0.023
615 15 14 28 0.023
561 -29 14 112 0.023
967 91 19 25 0.023
711 14 25 108 0.023
206 40 13 15 0.023
171 292 65 78 0.022
194 40 43 89 0.022
798 22 12 18 0.022
447 -4 11 25 0.021
419 130 24 34 0.021
724 47 16 20 0.021
416 -7 33 103 0.021
658 -3 24 24 0.020
874 8 13 17 0.020
263 81 25 31 0.020
843 4 20 13 0.020
470 9 13 26 0.020
637 27 16 26 0.020
242 24 16 27 0.019
163 22 12 20 0.019
500 -35 18 110 0.018
96 85 19 23 0.018
113 85 17 23 0.018
154 20 15 21 0.018
926 81 21 25 0.018
344 61 14 19 0.018
633 1 29 10 0.018
488 3 11 11 0.018
54 83 14 21 0.018
867 1 13 24 0.018
247 15 11 28 0.018
209 25 10 26 0.018
569 112 22 24 0.018
121 33 29 19 0.018
214 85 33 26 0.017
686 107 17 22 0.017
999 38 19 24 0.017
176 89 22 25 0.017
977 -1 13 12 0.017
384 5 15 42 0.017
-2 11 36 91 0.017
949 30 15 19 0.017
258 4 8 9 0.017
764 14 12 17 0.017
360 0 18 12 0.017
717 43 22 72 0.017
1010 38 13 86 0.016
1011 19 13 21 0.016
666 33 14 18 0.016
908 60 21 26 0.016
812 125 22 28 0.016
621 -36 12 111 0.016
66 -2 26 103 0.015
842 3 11 12 0.015
445 13 14 27 0.015
887 -1 19 102 0.015
283 3 10 9 0.015
691 -26 26 102 0.015
726 97 22 27 0.015
980 84 20 26 0.015
238 5 35 97 0.015
948 136 48 52 0.014
103 82 16 21 0.014
893 29 14 18 0.014
660 2 46 100 0.014
416 1 11 27 0.014
255 14 12 30 0.014
1000 89 21 35 0.014
222 5 11 21 0.014
780 43 24 19 0.014
144 18 12 25 0.014
818 1 12 14 0.013
547 -11 11 120 0.013
573 392 49 87 0.013
822 131 23 27 0.013
209 123 25 30 0.013
214 180 42 69 0.013
338 114 21 30 0.013
986 270 38 60 0.013
289 27 14 26 0.013
903 143 27 41 0.013
750 11 12 21 0.013
49 24 27 31 0.013
507 158 33 41 0.012
336 -2 16 27 0.012
134 -2 24 107 0.012
92 21 46 96 0.012
180 27 11 13 0.012
211 26 14 21 0.012
508 108 21 26 0.012
21 16 18 29 0.012
274 162 21 27 0.012
446 119 21 26 0.012
993 39 16 21 0.011
945 26 13 18 0.011
538 16 13 22 0.011
280 161 30 40 0.011
595 93 20 27 0.011
232 3 10 10 0.011
365 53 21 34 0.011
610 229 22 41 0.011
294 135 30 46 0.011
444 1 11 22 0.011
671 27 13 25 0.011
949 132 29 41 0.011
609 -37 15 114 0.011
196 16 11 23 0.010
361 -13 35 109 0.010
231 172 42 57 0.010
773 91 19 25 0.010
542 0 13 12 0.010
