2_Demonstration_Demonstration_Or_Protest_2_225
413
985 502 15 20 0.809
446 431 16 19 0.796
257 411 16 19 0.759
135 411 16 22 0.735
320 441 17 23 0.710
353 442 17 19 0.708
661 415 16 18 0.688
857 427 18 23 0.686
918 409 15 19 0.686
944 435 16 20 0.684
39 407 16 21 0.661
761 416 16 18 0.660
206 453 15 19 0.654
698 425 16 20 0.648
993 403 12 17 0.632
798 433 17 19 0.623
501 435 16 18 0.605
883 436 16 17 0.569
559 428 17 20 0.562
225 436 16 18 0.556
830 398 14 16 0.528
171 429 18 22 0.517
359 346 9 10 0.479
347 347 7 10 0.477
462 412 14 17 0.477
537 343 9 10 0.466
677 427 12 15 0.408
848 409 14 18 0.388
588 395 13 15 0.376
392 424 13 16 0.364
732 431 16 20 0.341
1014 404 11 18 0.337
595 347 9 12 0.319
451 355 10 13 0.313
503 351 9 10 0.310
573 401 13 17 0.310
414 351 10 12 0.308
170 412 16 18 0.302
865 421 16 22 0.284
583 408 15 19 0.282
109 399 15 18 0.230
157 379 11 13 0.204
848 412 19 23 0.204
918 388 13 15 0.195
589 375 12 13 0.191
702 349 9 11 0.186
316 343 9 11 0.183
803 359 11 13 0.170
0 417 9 21 0.163
290 354 8 10 0.160
639 409 15 17 0.153
574 398 19 22 0.151
917 393 16 23 0.151
863 356 10 12 0.147
852 393 13 17 0.147
426 416 14 19 0.146
324 432 17 19 0.146
934 306 11 13 0.138
818 417 13 17 0.138
346 419 15 17 0.132
544 404 13 17 0.131
384 380 12 16 0.128
636 413 16 20 0.121
231 436 16 18 0.120
272 440 14 17 0.118
602 410 13 16 0.118
176 412 15 17 0.114
769 361 12 15 0.110
890 364 12 15 0.109
977 424 14 17 0.107
568 358 9 11 0.106
350 412 16 18 0.106
674 352 10 14 0.104
906 365 12 16 0.103
106 395 16 43 0.102
99 430 17 22 0.101
724 400 15 18 0.101
167 398 14 34 0.100
380 306 7 9 0.099
709 392 11 15 0.099
778 398 15 18 0.094
184 433 15 17 0.093
314 348 8 11 0.092
325 367 10 12 0.092
277 366 9 12 0.090
994 384 11 14 0.090
367 331 9 11 0.090
993 341 12 14 0.090
398 406 13 16 0.090
780 365 11 15 0.089
948 349 13 15 0.087
989 359 11 13 0.085
385 351 11 19 0.084
843 359 10 13 0.082
827 393 25 32 0.080
760 403 15 38 0.079
627 372 10 13 0.079
0 396 5 17 0.079
448 426 18 19 0.079
932 400 16 23 0.077
380 342 9 12 0.077
776 359 11 15 0.076
676 349 9 14 0.075
866 405 14 20 0.073
572 431 17 19 0.073
999 516 16 18 0.073
105 402 15 18 0.069
831 385 34 50 0.069
981 355 11 14 0.068
985 408 14 19 0.068
156 340 10 15 0.067
820 373 12 16 0.067
635 426 15 17 0.066
797 384 14 17 0.065
827 388 14 18 0.065
762 437 15 19 0.065
677 295 11 15 0.064
845 324 8 11 0.064
256 365 9 12 0.064
898 315 11 14 0.063
187 366 10 13 0.063
996 347 12 14 0.063
240 352 9 11 0.062
353 408 15 18 0.062
884 445 19 19 0.061
985 354 14 16 0.060
1013 501 9 17 0.060
850 399 18 26 0.059
822 376 12 16 0.058
671 387 15 17 0.058
57 436 15 20 0.058
592 395 17 15 0.057
762 404 17 26 0.056
217 357 8 11 0.055
996 335 12 18 0.055
475 386 11 16 0.055
101 333 12 16 0.055
722 427 19 18 0.055
801 381 15 17 0.054
944 351 12 15 0.053
767 363 13 19 0.053
889 364 24 17 0.053
992 391 12 28 0.052
404 388 13 17 0.051
430 410 14 18 0.049
605 405 13 17 0.048
541 390 12 15 0.047
916 331 11 13 0.046
589 349 11 75 0.046
765 394 15 19 0.046
104 416 17 20 0.046
0 334 8 15 0.045
869 331 10 13 0.045
691 449 14 19 0.045
53 383 10 14 0.045
990 386 13 19 0.045
1003 512 14 19 0.044
573 394 13 16 0.044
858 389 16 42 0.044
378 303 8 15 0.044
396 363 10 12 0.044
181 415 13 16 0.043
265 333 7 9 0.042
266 342 8 18 0.042
633 406 16 19 0.042
588 383 14 22 0.042
321 339 9 11 0.042
89 432 24 24 0.042
978 408 24 30 0.042
428 289 9 10 0.041
332 417 36 20 0.040
86 305 11 12 0.040
689 455 14 17 0.040
105 424 16 20 0.040
391 354 13 19 0.040
342 334 26 38 0.039
713 379 12 16 0.039
533 397 22 20 0.038
723 394 14 18 0.038
578 434 14 17 0.038
519 399 14 16 0.038
693 439 15 23 0.037
1018 437 7 19 0.037
375 335 11 22 0.036
277 438 12 15 0.036
851 309 8 11 0.036
258 357 11 15 0.036
297 390 11 14 0.036
810 342 10 13 0.036
867 399 14 17 0.036
243 347 9 12 0.035
581 361 20 95 0.034
906 367 13 27 0.034
330 423 14 17 0.034
736 421 18 20 0.033
1000 329 12 15 0.033
383 358 12 26 0.033
992 362 10 14 0.033
923 443 16 21 0.033
433 350 10 11 0.033
928 368 11 15 0.032
321 401 10 12 0.032
625 375 11 14 0.031
785 297 10 12 0.031
815 328 9 12 0.031
728 415 20 25 0.031
665 383 15 16 0.031
490 406 12 15 0.030
682 383 15 17 0.030
691 366 11 14 0.030
348 442 17 22 0.030
289 330 8 10 0.029
316 341 9 21 0.029
801 291 11 15 0.028
628 350 14 60 0.028
708 382 29 43 0.028
565 427 23 20 0.028
702 328 10 53 0.027
189 433 15 19 0.027
790 436 15 18 0.027
395 407 12 16 0.027
424 425 14 17 0.027
516 398 13 15 0.027
954 346 10 14 0.026
669 355 12 14 0.026
845 315 9 21 0.026
740 380 10 13 0.026
688 376 13 21 0.025
472 389 11 14 0.025
318 340 9 11 0.025
865 360 11 13 0.025
256 368 10 13 0.025
672 302 13 15 0.025
1004 325 13 13 0.025
885 357 12 21 0.025
176 450 17 20 0.025
942 430 15 22 0.024
993 318 14 65 0.024
803 295 12 13 0.024
546 368 11 12 0.024
600 421 17 19 0.023
828 413 20 20 0.023
678 290 11 26 0.023
112 359 11 13 0.023
710 369 11 15 0.023
683 457 16 20 0.023
758 388 17 22 0.022
582 437 13 17 0.022
655 418 19 18 0.021
918 347 14 82 0.021
390 379 16 22 0.021
918 330 11 20 0.021
190 366 13 21 0.021
268 346 9 27 0.021
316 340 13 30 0.021
302 374 10 14 0.021
987 332 13 82 0.021
503 356 11 13 0.021
1013 323 8 13 0.020
945 328 14 54 0.020
712 395 27 21 0.020
82 432 14 19 0.020
678 312 13 20 0.020
579 400 20 26 0.020
898 313 12 26 0.020
978 356 11 14 0.020
404 413 18 20 0.020
382 387 11 14 0.020
357 365 13 15 0.020
538 406 16 18 0.019
707 379 13 33 0.019
98 318 10 14 0.019
221 381 9 13 0.019
608 394 16 17 0.019
994 347 11 71 0.019
743 381 15 19 0.019
753 385 13 17 0.019
995 453 13 17 0.019
289 342 8 26 0.019
817 353 14 19 0.019
55 356 11 15 0.019
503 346 10 11 0.019
644 408 14 16 0.019
377 362 15 22 0.019
633 394 18 39 0.019
782 400 15 17 0.019
288 386 21 19 0.019
275 390 13 15 0.018
158 320 10 23 0.018
416 404 26 33 0.018
872 417 13 18 0.018
893 319 10 13 0.018
266 430 16 22 0.018
792 373 26 44 0.018
185 363 10 13 0.018
679 326 13 15 0.018
937 414 14 18 0.018
464 407 14 18 0.018
1018 470 8 18 0.018
499 351 9 12 0.018
851 310 9 18 0.017
964 381 12 16 0.017
746 367 12 15 0.017
455 415 15 19 0.017
925 451 14 19 0.017
432 348 16 20 0.017
96 415 15 19 0.017
809 437 15 20 0.017
350 300 9 11 0.017
910 437 18 21 0.017
108 354 14 14 0.016
298 376 13 24 0.016
480 393 12 18 0.016
424 356 13 20 0.016
278 445 12 14 0.016
777 377 12 16 0.016
385 330 11 98 0.016
262 330 10 25 0.016
160 319 9 11 0.016
595 366 13 18 0.016
501 442 15 18 0.016
802 321 12 105 0.015
863 354 12 17 0.015
86 298 14 24 0.015
386 434 13 19 0.015
700 343 12 15 0.015
670 351 12 13 0.015
891 368 17 17 0.015
686 357 12 22 0.015
194 387 14 16 0.015
892 450 15 18 0.015
683 326 13 14 0.015
298 360 12 24 0.015
359 370 11 12 0.015
98 324 14 23 0.015
788 297 14 15 0.015
921 350 12 15 0.015
853 379 14 34 0.015
884 340 10 14 0.015
993 337 15 29 0.014
811 341 17 15 0.014
682 301 11 14 0.014
908 332 14 14 0.014
325 282 8 10 0.014
928 375 13 22 0.014
832 319 13 19 0.014
976 381 17 20 0.014
902 400 15 19 0.014
256 440 19 17 0.014
994 446 13 19 0.014
581 420 18 28 0.014
985 341 17 33 0.014
677 284 10 43 0.013
839 356 15 23 0.013
851 303 11 20 0.013
968 380 16 16 0.013
711 373 13 26 0.013
709 342 10 14 0.013
169 358 12 16 0.013
272 368 12 15 0.013
701 346 12 19 0.013
428 281 8 25 0.013
81 321 10 13 0.013
430 373 12 15 0.013
984 318 21 78 0.013
826 335 11 21 0.013
183 357 12 21 0.013
2 436 8 17 0.013
384 381 28 17 0.013
581 433 20 19 0.012
937 313 12 15 0.012
382 326 11 25 0.012
401 332 9 12 0.012
351 293 9 11 0.012
879 399 16 18 0.012
816 320 11 18 0.012
411 351 15 25 0.012
527 410 14 17 0.012
332 369 11 12 0.012
669 399 14 21 0.012
264 440 16 15 0.012
993 370 13 34 0.012
901 389 16 21 0.012
743 360 30 22 0.012
431 383 18 65 0.012
230 342 10 18 0.011
368 346 16 24 0.011
888 322 11 24 0.011
447 387 12 15 0.011
97 408 13 16 0.011
194 435 14 15 0.011
54 351 10 15 0.011
857 324 11 103 0.011
105 438 15 20 0.011
992 336 12 13 0.011
894 326 26 82 0.011
408 419 15 16 0.011
830 421 18 23 0.011
933 311 11 15 0.011
688 322 12 14 0.011
1007 345 13 26 0.011
705 366 12 19 0.011
303 363 12 23 0.010
580 363 14 22 0.010
813 323 11 13 0.010
652 376 17 19 0.010
138 318 9 11 0.010
932 344 13 15 0.010
56 390 11 17 0.010
105 337 11 15 0.010
0 355 8 23 0.010
814 320 16 26 0.010
53 438 16 23 0.010
