2_Demonstration_Demonstrators_2_414
53
400 33 21 26 0.816
200 41 21 24 0.803
133 42 23 27 0.767
762 47 21 24 0.754
818 50 23 26 0.747
598 39 23 27 0.739
248 53 20 22 0.729
481 29 25 27 0.726
685 55 23 27 0.710
936 42 27 30 0.656
310 44 28 32 0.602
926 45 28 30 0.482
12 40 23 27 0.455
1007 54 16 33 0.230
917 48 21 26 0.222
228 41 14 17 0.197
0 49 14 26 0.139
44 49 17 24 0.123
672 57 20 24 0.123
911 51 18 22 0.107
1002 55 16 29 0.104
91 60 21 26 0.104
998 61 16 24 0.068
38 38 18 23 0.066
302 39 28 30 0.041
318 51 23 27 0.037
716 51 16 19 0.035
276 47 18 23 0.033
313 39 21 25 0.032
668 58 16 21 0.031
163 43 17 24 0.030
841 107 19 23 0.029
166 49 18 24 0.029
863 59 20 27 0.026
997 68 13 19 0.025
0 55 10 26 0.024
476 32 20 25 0.024
98 55 23 25 0.023
228 47 16 19 0.021
740 51 15 19 0.020
143 42 23 26 0.019
243 50 20 22 0.019
222 36 18 21 0.018
173 51 18 24 0.018
96 63 24 26 0.018
721 53 21 22 0.012
870 22 7 9 0.012
421 31 18 21 0.012
110 50 18 27 0.011
543 43 21 24 0.011
582 48 21 25 0.011
165 42 13 17 0.011
1003 52 12 21 0.010
