2_Demonstration_Political_Rally_2_114
415
648 318 26 34 0.820
953 343 25 44 0.740
823 274 12 18 0.545
308 92 7 8 0.525
364 167 8 10 0.519
382 100 7 9 0.497
258 173 9 10 0.473
796 282 15 23 0.469
358 97 7 8 0.464
597 284 15 21 0.461
5 351 25 52 0.451
96 320 27 45 0.445
65 212 9 10 0.440
285 89 6 8 0.414
430 181 6 7 0.401
830 247 9 12 0.401
93 269 12 12 0.399
773 166 7 9 0.374
973 237 9 12 0.361
474 180 8 9 0.343
340 64 6 7 0.314
343 90 7 9 0.293
679 234 9 11 0.277
275 173 10 12 0.275
509 326 19 34 0.264
853 241 9 12 0.261
889 271 16 23 0.257
291 165 10 13 0.235
454 181 7 8 0.222
952 470 39 39 0.220
607 261 10 12 0.213
77 212 9 9 0.210
355 94 9 12 0.205
822 179 6 8 0.204
272 96 7 9 0.198
762 223 8 10 0.194
9 148 9 12 0.186
283 90 9 9 0.184
342 240 11 16 0.184
963 197 6 9 0.183
880 243 8 10 0.180
312 340 20 33 0.179
422 99 8 9 0.178
506 269 12 19 0.174
1004 204 7 9 0.170
921 204 7 8 0.164
791 163 7 8 0.154
328 90 7 9 0.154
986 208 8 10 0.153
874 169 7 8 0.143
948 208 7 10 0.143
271 170 24 13 0.140
860 221 9 10 0.140
963 173 6 8 0.135
352 94 7 10 0.135
675 258 12 14 0.134
548 253 8 11 0.133
334 102 7 8 0.129
568 210 6 7 0.129
716 163 8 10 0.127
232 114 6 7 0.126
148 271 17 19 0.126
651 238 9 10 0.124
946 210 9 11 0.123
960 216 7 11 0.122
328 94 7 10 0.121
862 187 8 10 0.121
642 168 8 9 0.120
259 172 28 12 0.119
950 333 17 27 0.117
684 264 13 15 0.115
973 229 8 32 0.115
1008 171 9 10 0.114
297 91 13 9 0.113
341 86 9 16 0.112
246 424 43 62 0.109
827 275 13 17 0.107
283 253 13 19 0.106
678 261 16 16 0.104
593 228 7 10 0.104
770 165 16 10 0.104
755 169 9 9 0.102
271 97 6 9 0.101
1001 235 8 12 0.100
305 94 11 10 0.100
962 170 7 15 0.099
626 244 10 12 0.099
96 270 12 13 0.098
524 284 13 20 0.096
45 262 19 25 0.092
907 320 18 26 0.090
960 175 7 10 0.085
334 78 6 8 0.085
312 224 10 14 0.081
734 233 9 16 0.080
626 212 6 15 0.080
832 241 27 15 0.080
470 203 8 9 0.079
925 208 7 11 0.078
998 250 9 14 0.078
793 162 7 7 0.074
651 231 8 20 0.073
232 165 9 10 0.070
416 274 12 17 0.069
364 170 8 10 0.069
499 248 13 16 0.068
838 220 7 9 0.068
606 249 10 34 0.067
592 282 15 21 0.067
965 259 11 17 0.067
339 57 6 29 0.066
530 207 6 9 0.065
828 243 8 12 0.065
1002 225 9 20 0.064
332 93 11 20 0.064
933 219 8 10 0.063
595 226 10 19 0.063
1005 224 8 10 0.062
294 169 9 13 0.062
876 225 9 12 0.061
874 296 15 22 0.061
673 255 10 13 0.060
890 180 7 10 0.060
564 232 8 10 0.059
477 245 8 12 0.059
504 257 12 27 0.059
608 213 8 9 0.058
417 239 8 11 0.058
302 341 25 35 0.057
892 182 7 7 0.056
601 234 12 16 0.056
732 210 8 9 0.053
761 217 8 22 0.053
712 159 12 17 0.052
78 215 9 11 0.052
471 201 8 14 0.052
625 215 7 8 0.051
719 222 7 9 0.050
228 165 8 10 0.050
521 227 7 9 0.049
882 279 16 23 0.047
159 142 7 8 0.047
49 112 8 8 0.047
507 275 26 26 0.046
699 228 8 10 0.045
679 216 8 47 0.044
417 180 7 9 0.044
470 151 6 10 0.044
88 96 8 10 0.044
650 209 9 18 0.043
978 287 17 27 0.043
978 207 12 18 0.043
871 168 7 8 0.043
570 250 11 14 0.042
998 161 8 25 0.042
989 166 10 18 0.041
794 193 8 10 0.041
143 211 7 9 0.041
817 170 12 24 0.041
238 164 9 11 0.041
637 202 13 12 0.040
503 233 11 55 0.040
825 265 13 23 0.040
556 213 8 16 0.040
382 97 8 9 0.039
1003 195 9 30 0.039
683 234 12 12 0.039
950 244 9 11 0.039
785 242 11 15 0.039
404 397 34 53 0.038
597 116 8 8 0.038
309 77 7 42 0.038
296 212 11 13 0.038
801 282 13 20 0.037
1000 233 8 32 0.037
987 238 13 13 0.036
35 272 23 35 0.036
119 256 10 13 0.036
792 283 13 21 0.036
292 152 11 12 0.035
883 222 11 72 0.034
438 103 7 8 0.034
545 249 27 19 0.034
963 183 7 32 0.034
888 268 12 19 0.033
622 247 11 13 0.033
10 341 21 44 0.033
296 102 9 9 0.032
467 221 8 10 0.032
964 256 9 16 0.031
670 174 6 7 0.031
377 100 9 13 0.031
870 205 10 12 0.031
734 222 8 37 0.031
890 176 7 21 0.030
707 210 7 18 0.030
623 238 10 18 0.030
249 218 8 10 0.030
146 264 15 19 0.030
391 262 10 13 0.030
421 216 8 10 0.029
787 191 10 11 0.029
738 186 7 14 0.028
750 155 8 27 0.028
709 185 8 15 0.028
782 193 11 10 0.028
886 275 15 23 0.028
89 97 9 12 0.028
792 187 10 19 0.028
999 163 14 27 0.028
489 176 10 23 0.027
530 201 7 25 0.027
563 203 14 23 0.027
751 154 15 31 0.027
360 164 12 25 0.027
331 176 7 9 0.026
964 192 11 24 0.026
868 219 15 22 0.026
975 191 7 99 0.025
994 173 24 8 0.025
233 109 6 9 0.025
592 224 10 23 0.025
50 192 7 10 0.025
965 164 10 26 0.025
272 101 8 8 0.024
582 234 9 22 0.024
903 213 10 13 0.024
968 270 12 18 0.024
536 221 9 12 0.024
788 166 7 9 0.024
632 189 6 20 0.024
828 248 14 17 0.023
17 220 10 12 0.023
63 261 12 20 0.023
103 321 20 28 0.023
333 81 18 26 0.023
794 161 11 19 0.023
961 237 13 56 0.023
222 291 20 24 0.022
286 91 31 8 0.022
285 251 15 17 0.022
520 361 19 41 0.022
774 237 8 13 0.022
100 210 9 10 0.022
415 102 8 9 0.022
718 214 10 19 0.022
978 157 8 9 0.022
55 244 12 19 0.022
297 206 11 14 0.021
523 229 8 9 0.021
414 93 8 12 0.021
114 136 9 12 0.021
278 250 15 23 0.021
648 201 9 25 0.021
119 251 10 13 0.021
93 103 8 10 0.021
862 223 23 11 0.021
511 207 8 14 0.021
469 220 10 11 0.021
226 164 22 10 0.021
573 217 12 24 0.021
874 288 15 22 0.020
596 259 12 16 0.020
454 176 13 26 0.020
456 179 9 18 0.020
944 201 9 17 0.020
566 252 12 14 0.020
224 119 6 9 0.020
703 151 9 21 0.019
292 341 23 35 0.019
422 147 6 7 0.019
855 544 62 14 0.019
491 171 11 26 0.019
634 194 8 26 0.019
520 226 12 11 0.018
943 324 23 35 0.018
49 189 10 22 0.018
14 179 8 8 0.018
674 229 11 15 0.018
983 280 16 25 0.018
820 173 17 22 0.018
415 230 10 27 0.018
909 220 11 17 0.018
31 168 9 10 0.018
840 173 7 17 0.018
515 279 17 28 0.018
716 149 9 36 0.018
417 234 9 13 0.018
119 211 11 14 0.018
120 211 8 9 0.018
638 275 19 19 0.018
643 215 11 26 0.018
679 206 12 100 0.017
428 161 15 49 0.017
83 264 15 15 0.017
222 169 8 11 0.017
619 219 8 24 0.017
441 102 6 8 0.017
115 243 9 12 0.017
115 133 8 11 0.017
985 167 17 15 0.016
960 261 15 21 0.016
778 240 17 18 0.016
619 232 18 28 0.016
532 205 11 28 0.016
550 231 12 19 0.016
648 207 14 80 0.016
874 544 64 14 0.016
785 234 15 25 0.016
62 252 11 21 0.016
820 193 10 11 0.016
728 236 10 13 0.016
920 198 7 10 0.016
700 230 10 12 0.016
502 130 10 9 0.016
754 200 19 61 0.016
954 177 8 28 0.016
764 217 9 19 0.016
945 242 9 12 0.016
970 184 10 108 0.015
424 216 8 21 0.015
134 205 16 21 0.015
303 109 7 9 0.015
907 206 9 24 0.015
493 176 7 16 0.015
416 398 27 45 0.015
847 194 9 25 0.015
992 221 10 19 0.015
304 215 14 19 0.015
304 251 12 12 0.015
89 206 16 23 0.015
357 182 9 12 0.015
855 185 8 106 0.015
703 211 9 19 0.015
646 203 9 30 0.014
643 280 12 16 0.014
1001 190 8 100 0.014
542 254 11 13 0.014
430 178 12 22 0.014
545 237 9 16 0.014
218 280 18 29 0.014
968 208 25 18 0.014
22 143 9 10 0.014
602 285 15 20 0.014
299 245 16 23 0.014
970 270 14 23 0.014
467 211 9 21 0.014
283 102 10 9 0.014
788 160 7 9 0.014
411 96 13 8 0.014
643 157 7 32 0.014
556 214 10 30 0.014
926 220 13 11 0.014
840 208 11 24 0.013
640 243 12 12 0.013
333 177 10 12 0.013
236 108 8 18 0.013
83 238 13 15 0.013
599 117 8 7 0.013
416 231 11 79 0.013
699 218 13 23 0.013
1010 199 13 29 0.013
868 205 14 29 0.013
703 156 8 12 0.013
791 158 9 18 0.013
284 245 11 17 0.013
772 234 10 19 0.013
463 71 8 11 0.013
6 151 10 15 0.013
941 287 15 20 0.013
505 210 9 18 0.012
570 204 15 30 0.012
278 176 12 12 0.012
788 244 11 14 0.012
443 265 10 17 0.012
678 234 24 11 0.012
737 181 8 25 0.012
901 217 13 21 0.012
548 252 14 16 0.012
519 228 8 12 0.012
341 45 8 91 0.012
408 258 17 42 0.012
103 230 14 12 0.012
572 250 16 18 0.012
499 220 8 14 0.011
949 260 15 17 0.011
911 196 8 11 0.011
924 215 14 22 0.011
314 215 9 12 0.011
142 240 9 12 0.011
952 327 27 41 0.011
690 331 16 22 0.011
16 349 18 29 0.011
152 219 10 16 0.011
13 176 12 12 0.011
974 237 33 13 0.011
810 226 9 18 0.011
446 150 8 11 0.011
479 235 10 22 0.011
286 85 6 8 0.011
20 217 12 16 0.011
762 229 9 20 0.010
800 288 13 21 0.010
234 112 10 10 0.010
741 180 13 26 0.010
905 197 9 20 0.010
359 98 8 15 0.010
745 160 13 31 0.010
115 216 12 16 0.010
984 296 18 32 0.010
808 244 12 13 0.010
943 237 14 46 0.010
24 210 13 19 0.010
732 239 10 14 0.010
7 145 10 12 0.010
