2_Demonstration_Political_Rally_2_57
87
895 254 34 43 0.858
491 165 34 43 0.853
279 145 26 35 0.828
212 146 34 45 0.823
665 180 28 38 0.817
782 147 30 40 0.811
147 135 30 36 0.811
527 154 31 39 0.796
826 122 32 43 0.793
275 203 33 41 0.791
360 142 32 41 0.789
443 79 21 25 0.780
758 145 26 33 0.774
385 121 28 38 0.761
943 170 29 36 0.753
79 139 32 44 0.742
927 213 26 32 0.726
465 154 23 37 0.704
644 149 21 32 0.698
261 130 20 29 0.679
919 170 24 32 0.676
103 116 30 37 0.671
588 134 34 46 0.667
934 151 25 31 0.501
486 135 23 32 0.493
1 125 19 40 0.478
104 148 24 32 0.462
267 132 25 35 0.441
25 139 20 28 0.285
755 144 47 37 0.278
8 127 18 35 0.242
367 125 38 47 0.232
287 117 22 30 0.198
482 305 54 68 0.189
429 151 18 23 0.171
579 129 15 21 0.140
13 129 19 27 0.129
18 110 17 22 0.122
1017 142 7 33 0.113
445 204 13 20 0.107
492 140 23 28 0.104
273 173 40 50 0.069
98 156 24 28 0.063
357 123 37 38 0.062
640 128 22 36 0.058
347 153 21 25 0.057
548 173 22 29 0.054
409 148 17 24 0.047
343 145 38 37 0.047
412 150 23 27 0.045
577 122 15 22 0.043
436 152 17 24 0.041
470 146 21 29 0.039
23 147 19 26 0.038
465 142 32 42 0.033
576 126 22 31 0.033
474 111 23 37 0.031
28 133 18 24 0.031
109 109 26 30 0.029
107 133 24 30 0.028
52 139 34 36 0.028
638 138 32 45 0.026
17 146 16 23 0.025
-2 121 16 30 0.025
505 145 17 24 0.025
1017 246 7 39 0.023
587 155 21 27 0.022
714 178 21 26 0.022
421 147 20 26 0.020
477 145 23 30 0.018
358 122 23 30 0.018
557 176 18 29 0.018
399 139 19 27 0.017
362 120 18 22 0.017
655 121 20 27 0.016
902 148 38 45 0.015
568 139 13 18 0.015
635 125 23 31 0.015
434 202 19 23 0.014
117 107 21 25 0.013
552 116 13 19 0.013
665 120 16 22 0.013
395 162 24 27 0.012
887 244 30 37 0.012
954 145 18 24 0.011
661 155 20 27 0.011
124 134 21 28 0.011
