2_Demonstration_Demonstration_Or_Protest_2_367
36
386 251 70 82 0.875
505 243 48 58 0.839
122 263 26 30 0.836
782 349 50 57 0.818
201 273 17 21 0.805
39 276 26 36 0.780
306 305 23 28 0.747
90 261 16 21 0.739
180 308 35 40 0.711
50 252 20 23 0.684
260 278 26 35 0.574
292 285 17 20 0.554
454 231 35 49 0.417
235 276 16 20 0.277
335 308 14 19 0.150
931 307 94 160 0.136
278 279 22 26 0.125
284 285 22 26 0.113
238 272 16 21 0.053
59 256 16 20 0.039
669 298 29 45 0.024
609 233 30 30 0.020
712 352 43 31 0.019
68 107 8 11 0.018
65 104 10 11 0.018
345 286 14 18 0.017
246 268 16 22 0.017
237 279 18 23 0.016
184 284 14 17 0.016
609 238 18 21 0.015
93 257 17 22 0.014
327 306 22 26 0.013
0 228 11 47 0.011
103 241 13 16 0.011
625 232 34 37 0.011
100 240 12 25 0.011
