2_Demonstration_Demonstration_Or_Protest_2_604
63
402 137 58 72 0.851
279 39 87 117 0.839
94 162 47 65 0.831
654 124 60 105 0.807
538 137 20 25 0.754
519 95 12 15 0.733
72 136 13 16 0.709
171 171 23 30 0.697
468 150 15 19 0.612
43 130 13 16 0.605
13 177 24 32 0.534
15 136 10 11 0.492
104 132 13 17 0.447
824 409 139 161 0.405
34 207 21 29 0.397
565 96 10 13 0.327
86 120 10 13 0.280
472 187 20 25 0.271
84 126 11 13 0.268
482 98 11 13 0.241
801 169 27 37 0.241
11 220 18 26 0.101
7 222 20 35 0.083
513 97 43 14 0.074
349 171 21 30 0.064
800 170 21 25 0.057
89 137 16 19 0.055
330 168 44 33 0.046
6 234 22 33 0.046
766 176 33 36 0.045
24 172 18 25 0.045
23 169 15 21 0.033
460 126 11 14 0.030
481 101 12 15 0.027
471 156 16 22 0.026
422 445 45 78 0.025
560 144 16 21 0.023
167 167 33 44 0.023
41 206 26 31 0.019
784 181 20 25 0.019
99 136 16 18 0.018
171 165 20 24 0.018
70 134 11 14 0.018
179 177 20 27 0.017
3 241 18 26 0.017
1 203 16 23 0.017
556 92 11 13 0.016
8 160 18 25 0.015
474 118 17 15 0.014
480 121 12 16 0.014
474 99 17 33 0.014
84 147 31 40 0.013
317 160 32 30 0.013
88 115 11 14 0.013
360 138 12 19 0.012
755 175 32 39 0.012
467 180 19 22 0.012
471 113 11 15 0.011
475 150 14 18 0.011
70 134 19 24 0.011
1 156 16 24 0.011
108 153 41 51 0.011
519 99 13 15 0.010
