2_Demonstration_Demonstration_Or_Protest_2_162
41
250 95 135 212 0.889
442 142 48 57 0.886
687 107 143 190 0.826
607 153 30 41 0.816
525 180 30 40 0.788
1 220 27 32 0.775
95 223 26 30 0.749
555 182 20 31 0.586
485 196 23 30 0.549
153 215 23 24 0.465
71 243 16 21 0.230
964 193 18 21 0.183
179 263 36 39 0.157
470 176 34 41 0.106
76 231 44 27 0.082
150 224 21 23 0.062
189 205 13 15 0.060
27 270 22 28 0.056
919 195 21 23 0.049
148 210 19 23 0.036
931 194 15 20 0.036
917 196 15 18 0.034
0 158 11 31 0.031
865 194 18 26 0.029
98 191 21 24 0.023
564 182 22 27 0.021
128 199 16 19 0.020
880 164 13 15 0.019
918 200 17 23 0.018
954 207 16 20 0.016
486 170 17 24 0.015
97 198 16 20 0.015
1016 182 9 21 0.014
519 178 28 36 0.014
978 162 14 18 0.013
487 177 24 30 0.012
581 179 22 28 0.012
587 177 17 22 0.012
489 187 21 25 0.012
162 262 45 36 0.012
942 194 21 24 0.011
