2_Demonstration_Political_Rally_2_746
181
352 2332 90 93 0.865
583 91 67 80 0.856
582 363 67 80 0.843
166 2369 92 109 0.837
779 1350 71 101 0.796
505 354 66 85 0.790
851 2258 58 73 0.773
59 2335 40 57 0.723
203 2255 39 51 0.695
965 121 37 56 0.685
718 2367 59 95 0.638
756 2332 27 33 0.601
597 2301 29 37 0.582
131 2305 39 44 0.535
283 1332 25 38 0.513
647 2287 26 34 0.403
717 1389 30 41 0.318
254 2320 44 52 0.304
620 1327 43 68 0.300
307 2282 35 39 0.264
245 193 16 19 0.263
277 209 17 19 0.263
379 1320 35 56 0.220
732 2325 46 124 0.210
334 192 16 21 0.199
316 2281 39 45 0.190
105 1276 22 37 0.182
427 2295 36 47 0.163
386 1335 34 49 0.161
593 2294 77 36 0.161
341 2262 26 32 0.159
474 2300 27 35 0.158
351 215 15 18 0.141
267 203 28 25 0.133
438 1310 19 26 0.132
716 1364 30 59 0.128
480 1314 18 25 0.126
332 2266 30 36 0.124
442 2303 35 41 0.119
344 210 17 20 0.111
46 193 26 30 0.108
177 1325 26 32 0.104
798 2316 26 30 0.100
713 1359 28 34 0.092
483 1308 20 56 0.090
716 1344 19 31 0.085
334 2257 22 28 0.085
256 2283 63 91 0.083
793 2309 26 29 0.079
230 1288 28 38 0.077
449 2296 45 47 0.076
860 138 15 22 0.073
276 211 30 23 0.071
425 2292 87 50 0.070
537 2276 33 41 0.067
173 1313 21 33 0.066
482 2274 33 35 0.063
858 133 15 21 0.060
917 1321 30 48 0.059
314 2296 41 48 0.057
471 2288 80 47 0.057
671 1395 35 56 0.055
160 1320 27 27 0.054
190 2253 38 55 0.054
419 1310 25 52 0.052
940 2247 20 38 0.052
710 1342 27 68 0.051
176 1290 27 95 0.050
427 2286 28 33 0.049
79 1187 20 29 0.048
59 190 24 27 0.045
141 2313 42 49 0.044
805 2323 27 33 0.043
480 1342 26 27 0.043
131 2301 68 102 0.042
512 2270 63 45 0.041
451 1396 28 38 0.040
829 206 16 22 0.040
459 1355 21 28 0.038
322 187 29 42 0.038
777 1372 51 70 0.037
395 1350 25 35 0.037
704 1399 34 45 0.036
790 1301 67 87 0.035
861 129 15 23 0.035
253 2245 26 35 0.035
499 2271 46 42 0.035
273 2305 52 54 0.035
756 2276 30 30 0.034
354 2261 23 25 0.033
253 2257 35 46 0.032
880 117 17 22 0.032
231 192 21 26 0.031
740 2277 27 33 0.031
257 2299 40 58 0.030
740 205 21 29 0.030
150 2289 35 44 0.029
11 442 68 93 0.029
195 1329 31 40 0.028
50 184 24 26 0.028
550 2272 30 33 0.027
317 2230 22 30 0.027
270 200 18 22 0.027
450 1406 32 42 0.026
938 2255 24 46 0.025
775 1313 42 57 0.025
137 2288 113 182 0.025
441 1295 42 51 0.025
745 211 20 29 0.025
327 186 33 66 0.024
235 2235 31 36 0.024
431 1312 72 23 0.024
544 2302 30 38 0.023
289 1280 26 24 0.023
862 114 18 21 0.022
229 2225 39 59 0.022
167 157 17 21 0.022
222 1309 31 38 0.022
328 228 22 22 0.021
336 2274 38 45 0.021
268 1284 31 64 0.021
316 209 56 27 0.021
660 2297 35 38 0.021
246 2336 48 56 0.020
371 1313 33 49 0.019
446 1296 20 27 0.019
827 178 20 56 0.019
454 2275 34 32 0.019
468 1315 31 69 0.018
800 2296 39 45 0.018
929 1343 32 47 0.018
302 230 21 20 0.018
775 1314 28 40 0.018
44 206 27 36 0.017
90 1250 27 49 0.017
982 116 27 54 0.017
178 2255 32 47 0.017
827 182 19 23 0.017
593 2311 39 47 0.017
93 1226 26 62 0.017
209 203 17 19 0.017
325 228 16 18 0.017
529 1326 23 32 0.016
507 1315 34 62 0.016
477 1303 18 21 0.016
713 1381 44 61 0.015
173 1334 35 40 0.015
175 2249 26 33 0.015
21 427 68 85 0.015
239 1314 88 62 0.014
448 1418 31 55 0.014
653 1345 35 63 0.014
641 1363 40 63 0.014
742 237 17 24 0.014
760 2287 48 33 0.014
660 2282 32 39 0.013
516 1329 30 43 0.013
935 1359 27 36 0.013
649 2241 17 23 0.013
354 213 19 25 0.013
812 180 23 50 0.013
438 1297 20 25 0.012
776 2264 24 39 0.012
201 1269 28 60 0.012
670 1337 35 46 0.012
91 2336 38 45 0.012
601 2286 27 33 0.012
731 2253 48 74 0.012
987 1345 29 47 0.012
798 2331 31 34 0.011
127 1300 63 43 0.011
779 1302 42 47 0.011
141 1289 36 64 0.011
131 1258 33 65 0.011
407 2289 37 34 0.011
666 1427 32 41 0.011
756 2274 39 60 0.011
365 2267 32 31 0.011
743 198 19 57 0.011
300 1325 31 46 0.011
264 190 19 16 0.010
