2_Demonstration_Demonstrators_2_518
28
84 256 66 78 0.895
941 419 62 83 0.879
473 149 47 57 0.849
389 142 52 62 0.840
616 413 55 69 0.819
982 259 42 65 0.816
232 195 38 66 0.783
697 143 35 48 0.772
936 46 31 40 0.738
762 54 26 44 0.724
340 154 33 63 0.681
753 129 27 39 0.667
832 84 32 42 0.651
190 292 31 57 0.582
191 1 30 32 0.564
561 137 35 44 0.549
1007 81 18 35 0.520
605 140 33 45 0.337
584 138 45 48 0.099
738 131 35 50 0.087
495 6 28 21 0.056
0 53 13 27 0.028
617 139 26 38 0.027
849 89 21 28 0.020
561 142 24 30 0.017
570 139 39 47 0.017
184 487 38 85 0.015
923 45 38 48 0.012
