2_Demonstration_Political_Rally_2_64
57
632 457 32 37 0.824
584 392 32 35 0.794
634 295 9 12 0.763
852 381 32 35 0.758
791 261 21 29 0.739
639 396 18 27 0.675
516 353 21 26 0.424
924 184 10 13 0.421
703 335 16 19 0.299
552 287 9 11 0.290
903 239 16 23 0.249
198 260 8 10 0.170
531 360 23 26 0.152
716 342 17 17 0.107
200 203 7 9 0.103
676 342 13 15 0.074
256 280 9 12 0.070
784 411 22 34 0.067
637 357 18 26 0.064
146 234 8 10 0.052
264 220 7 15 0.035
558 294 9 12 0.035
713 335 16 17 0.035
572 355 16 20 0.031
612 352 13 17 0.028
922 187 12 14 0.028
508 354 15 23 0.026
551 292 10 13 0.025
520 360 22 27 0.024
562 294 11 14 0.024
179 255 7 9 0.023
267 277 10 11 0.022
719 337 14 18 0.020
930 184 13 13 0.020
634 368 15 21 0.019
527 286 10 13 0.019
182 223 7 9 0.017
244 238 8 10 0.016
204 214 7 9 0.016
182 218 8 17 0.015
696 339 18 18 0.015
579 357 16 19 0.015
198 253 8 13 0.014
225 190 7 9 0.013
900 231 16 27 0.013
448 336 15 18 0.012
88 247 8 10 0.012
224 238 7 10 0.012
552 299 9 12 0.012
633 382 14 20 0.011
222 239 8 24 0.011
427 229 8 10 0.011
217 252 11 18 0.010
725 344 14 17 0.010
641 356 18 21 0.010
904 247 18 23 0.010
243 237 11 21 0.010
