2_Demonstration_Demonstration_Or_Protest_2_665
30
476 460 219 275 0.877
789 568 69 96 0.845
384 571 106 132 0.748
846 484 55 112 0.742
165 389 30 56 0.710
715 603 41 60 0.702
769 470 15 20 0.679
328 577 38 54 0.614
815 587 58 79 0.478
173 458 35 51 0.405
845 605 36 52 0.399
701 581 61 96 0.203
830 485 13 17 0.113
799 501 16 30 0.090
300 546 14 18 0.061
774 471 17 18 0.056
329 589 43 64 0.054
796 512 16 22 0.040
800 495 17 21 0.039
853 617 25 34 0.031
338 624 36 44 0.029
298 608 29 46 0.022
625 1188 46 60 0.019
825 486 16 21 0.016
360 549 39 31 0.014
333 598 30 36 0.014
799 464 32 80 0.013
306 550 16 21 0.011
331 571 26 32 0.010
293 572 32 71 0.010
