2_Demonstration_Demonstration_Or_Protest_2_606
94
902 264 59 64 0.890
766 257 60 67 0.882
216 294 46 64 0.873
333 279 80 101 0.871
1001 278 23 60 0.867
547 302 82 108 0.852
44 256 46 50 0.850
824 238 39 46 0.846
635 245 55 61 0.832
712 259 32 43 0.805
107 305 48 48 0.798
503 236 40 65 0.790
186 248 30 39 0.788
149 257 24 28 0.744
745 273 37 51 0.730
217 240 40 44 0.726
7 284 38 41 0.719
282 238 28 33 0.686
311 231 35 41 0.660
708 220 22 27 0.634
445 224 30 47 0.611
110 238 22 28 0.466
963 239 15 19 0.449
614 205 10 13 0.424
86 234 28 31 0.406
1010 229 13 23 0.318
0 251 11 24 0.256
693 223 24 28 0.229
425 217 9 11 0.197
98 238 23 28 0.197
261 204 14 20 0.113
693 212 13 19 0.108
26 271 57 48 0.107
617 206 10 13 0.090
81 234 21 25 0.085
689 226 19 26 0.079
691 209 11 14 0.078
722 238 27 35 0.066
689 207 10 12 0.064
922 238 23 26 0.063
260 239 41 33 0.061
524 210 7 9 0.059
253 242 19 25 0.052
697 212 11 14 0.052
8 297 35 45 0.050
886 236 23 25 0.046
265 238 19 24 0.042
695 209 12 37 0.039
954 225 10 12 0.039
953 240 20 23 0.036
296 227 40 44 0.035
950 225 14 18 0.035
43 234 13 16 0.033
121 243 17 24 0.032
887 234 17 18 0.031
448 225 21 28 0.027
0 250 18 33 0.027
523 213 9 12 0.027
889 235 42 30 0.026
730 240 21 26 0.023
258 234 18 24 0.022
65 63 11 14 0.021
145 243 19 22 0.021
691 216 17 22 0.020
405 245 22 30 0.020
726 233 21 26 0.019
686 203 10 11 0.018
959 244 18 22 0.018
412 251 15 21 0.018
263 208 15 20 0.017
319 239 49 54 0.017
131 99 10 12 0.017
423 215 12 17 0.017
880 313 29 34 0.017
700 230 21 26 0.016
631 236 16 25 0.016
66 53 15 20 0.016
628 237 30 39 0.016
74 47 17 20 0.015
24 243 27 26 0.015
719 251 31 45 0.015
0 243 13 27 0.014
219 244 24 30 0.014
40 236 17 19 0.013
151 238 15 18 0.013
78 226 38 50 0.013
683 227 43 49 0.013
247 248 22 26 0.012
717 217 18 23 0.011
44 229 11 13 0.011
48 216 11 14 0.010
513 217 23 41 0.010
614 209 11 14 0.010
42 226 46 23 0.010
