2_Demonstration_Demonstration_Or_Protest_2_799
116
276 301 15 21 0.795
468 269 14 16 0.780
620 237 11 15 0.748
556 199 9 10 0.739
164 226 13 17 0.737
871 234 12 15 0.727
363 305 15 18 0.721
196 223 13 15 0.709
594 203 9 12 0.702
166 278 15 16 0.667
666 322 12 14 0.660
56 259 13 19 0.635
432 229 11 14 0.619
120 269 14 18 0.619
266 283 10 15 0.603
212 312 14 15 0.569
854 272 11 14 0.528
876 309 13 16 0.464
463 242 10 13 0.431
615 193 7 8 0.355
659 200 7 8 0.322
650 231 8 10 0.319
644 228 10 11 0.271
641 224 8 10 0.266
482 197 9 10 0.230
367 202 8 10 0.211
27 210 12 15 0.198
910 236 10 13 0.180
800 237 11 12 0.172
351 286 10 13 0.166
423 357 13 17 0.160
974 294 13 15 0.147
114 318 12 16 0.147
687 201 7 10 0.146
856 242 11 13 0.132
397 124 10 13 0.131
449 189 9 11 0.126
808 306 13 16 0.116
813 306 15 19 0.108
797 236 11 12 0.099
402 233 9 10 0.096
365 199 8 10 0.088
917 292 15 19 0.086
817 311 16 15 0.075
702 129 11 13 0.070
406 233 10 10 0.064
658 199 13 11 0.048
474 195 20 12 0.047
640 217 8 11 0.046
690 333 10 13 0.045
229 244 13 17 0.039
388 287 10 13 0.038
910 240 11 13 0.038
803 236 12 14 0.037
433 296 11 16 0.037
703 215 7 9 0.036
919 286 15 21 0.034
360 206 9 11 0.033
736 287 11 15 0.033
809 299 10 13 0.033
576 241 8 10 0.030
746 285 14 17 0.029
313 281 13 16 0.028
461 351 13 18 0.028
709 302 8 10 0.027
404 230 25 17 0.027
329 188 9 12 0.027
971 292 12 15 0.026
358 212 8 10 0.026
429 232 12 14 0.026
819 317 15 16 0.025
448 221 10 12 0.025
151 261 14 16 0.025
368 200 8 9 0.023
115 323 12 15 0.023
947 229 10 11 0.023
59 263 13 17 0.022
738 285 14 18 0.021
389 229 9 11 0.021
719 323 12 14 0.020
803 301 12 16 0.020
651 234 10 13 0.019
252 229 7 10 0.018
361 189 14 31 0.018
791 230 8 11 0.018
131 203 11 16 0.017
920 266 15 22 0.016
60 252 13 18 0.016
451 185 8 11 0.016
310 272 17 31 0.016
920 260 19 20 0.016
661 318 15 15 0.016
493 227 9 11 0.016
727 297 11 13 0.016
315 276 14 16 0.015
622 238 13 15 0.015
853 245 12 18 0.015
362 204 11 11 0.015
131 195 16 31 0.014
288 221 7 9 0.014
383 292 12 21 0.014
162 269 14 18 0.013
133 199 11 15 0.013
312 239 11 14 0.012
556 202 10 11 0.012
462 233 12 14 0.012
803 308 13 14 0.012
741 290 15 15 0.012
488 229 10 13 0.012
971 296 13 16 0.012
687 336 13 14 0.011
310 236 11 14 0.011
460 247 10 13 0.011
250 231 8 12 0.010
409 256 11 16 0.010
645 311 10 13 0.010
