2_Demonstration_Political_Rally_2_695
356
327 476 40 43 0.856
765 556 57 77 0.848
8 433 44 49 0.834
316 535 40 48 0.830
498 376 33 41 0.822
804 227 27 31 0.816
440 346 30 35 0.808
407 375 34 42 0.799
47 241 26 30 0.798
18 270 27 30 0.792
586 370 29 39 0.788
422 470 38 44 0.770
21 124 17 19 0.752
103 235 19 24 0.742
2 382 35 41 0.736
169 213 19 25 0.725
297 424 37 39 0.722
523 457 40 50 0.722
109 356 33 42 0.718
190 226 23 27 0.711
963 649 57 39 0.708
133 394 39 44 0.707
213 316 27 32 0.701
169 437 32 47 0.701
405 298 28 33 0.698
228 349 27 39 0.692
813 292 23 35 0.689
685 184 20 23 0.684
58 133 15 19 0.663
658 205 19 27 0.662
141 128 15 19 0.661
609 582 41 57 0.660
963 91 17 19 0.642
18 228 17 23 0.640
704 199 19 24 0.630
883 478 29 38 0.612
173 589 40 64 0.609
161 256 23 27 0.595
209 266 22 28 0.593
2 17 14 18 0.586
363 424 32 42 0.585
67 462 37 45 0.584
59 58 15 19 0.582
794 192 19 24 0.582
472 95 12 14 0.564
808 175 18 22 0.556
1007 99 13 21 0.550
299 606 42 50 0.503
397 526 36 38 0.492
269 248 20 25 0.486
696 242 25 35 0.470
684 149 16 20 0.453
474 596 41 60 0.443
178 447 43 50 0.437
353 317 29 41 0.425
190 453 41 49 0.425
61 222 20 22 0.414
267 154 18 21 0.408
0 486 21 68 0.399
639 170 15 21 0.388
641 186 17 24 0.386
612 129 10 13 0.382
237 99 13 16 0.324
881 360 21 31 0.318
216 131 14 17 0.299
285 414 42 41 0.297
84 137 17 18 0.293
82 359 29 37 0.288
281 405 29 39 0.283
266 145 17 22 0.271
773 134 14 16 0.263
614 504 47 54 0.252
855 179 19 23 0.232
0 203 10 19 0.230
587 181 16 20 0.228
54 134 29 19 0.218
264 141 17 21 0.199
798 182 25 27 0.198
789 444 35 45 0.170
324 324 28 32 0.169
241 95 13 17 0.159
124 140 16 17 0.153
569 322 23 27 0.151
324 320 57 37 0.146
610 205 18 23 0.146
196 117 15 18 0.139
852 405 19 25 0.131
462 293 24 22 0.129
131 111 14 16 0.124
255 143 19 21 0.119
955 124 18 21 0.115
783 133 14 17 0.113
505 469 30 38 0.112
463 85 9 12 0.111
1 343 23 34 0.111
110 656 41 28 0.109
88 216 15 21 0.107
962 116 22 25 0.099
627 156 15 19 0.094
579 511 46 59 0.092
699 285 22 24 0.089
116 90 14 19 0.088
206 3 8 10 0.085
253 146 14 19 0.083
683 280 21 26 0.083
218 51 9 10 0.080
684 479 40 55 0.079
238 361 37 44 0.079
246 93 13 17 0.077
117 122 16 18 0.075
191 139 17 21 0.075
814 271 23 30 0.074
471 47 7 9 0.072
298 327 32 32 0.070
578 157 10 14 0.070
122 122 17 20 0.069
684 281 38 29 0.069
259 136 15 22 0.068
585 173 15 22 0.067
607 595 35 61 0.064
87 143 15 18 0.064
358 326 40 50 0.063
281 248 32 27 0.063
20 204 18 20 0.063
254 372 33 41 0.062
29 21 9 13 0.062
251 92 11 15 0.062
577 331 24 28 0.062
171 8 8 9 0.061
679 114 9 13 0.060
469 66 7 9 0.059
297 251 22 27 0.059
78 136 39 23 0.058
114 85 13 20 0.058
704 115 10 17 0.058
146 302 23 31 0.057
972 117 20 23 0.057
0 459 27 48 0.054
645 130 10 13 0.053
119 93 15 23 0.053
102 279 20 28 0.053
662 175 17 22 0.053
193 124 15 39 0.053
254 198 21 31 0.050
585 186 17 22 0.047
120 30 9 10 0.046
886 356 20 30 0.044
89 20 10 13 0.044
284 395 33 39 0.044
1014 81 11 21 0.044
141 204 15 19 0.043
123 102 12 15 0.040
759 101 10 10 0.040
250 135 15 20 0.040
380 324 31 40 0.040
582 159 13 18 0.040
758 516 27 36 0.039
55 53 15 20 0.039
780 137 14 16 0.039
218 44 9 24 0.039
65 59 15 18 0.038
75 362 40 48 0.038
191 269 21 26 0.037
665 155 17 38 0.037
453 69 7 10 0.037
122 100 17 48 0.036
106 126 13 18 0.036
141 282 23 41 0.036
276 308 19 25 0.035
649 128 13 15 0.035
495 297 18 23 0.035
642 124 21 23 0.034
668 131 12 15 0.034
0 94 5 20 0.033
702 118 11 18 0.033
98 131 19 16 0.033
98 342 21 26 0.032
484 58 6 9 0.032
43 236 22 27 0.032
96 285 24 30 0.031
541 314 23 28 0.031
252 188 23 29 0.030
574 158 12 17 0.030
10 600 36 39 0.029
45 329 21 24 0.029
36 213 17 19 0.028
506 479 22 26 0.028
251 209 21 27 0.028
331 2 10 10 0.028
451 67 7 9 0.028
804 468 36 46 0.028
760 172 16 20 0.028
734 107 8 10 0.027
88 210 15 17 0.027
869 188 19 26 0.027
427 655 37 31 0.027
798 200 19 22 0.027
128 669 43 25 0.027
1016 75 8 19 0.027
416 49 12 10 0.027
238 221 20 23 0.027
334 399 31 40 0.026
300 257 24 28 0.026
272 242 20 26 0.026
753 175 17 22 0.025
766 100 13 10 0.025
405 18 6 16 0.025
477 94 11 15 0.025
210 9 8 12 0.024
141 272 20 25 0.024
0 195 8 22 0.024
71 309 26 32 0.024
193 112 15 18 0.024
274 303 36 42 0.024
349 405 33 40 0.024
92 140 15 18 0.024
468 61 10 16 0.023
757 118 13 13 0.023
252 87 12 15 0.023
497 609 47 58 0.023
318 261 22 25 0.023
186 372 27 39 0.023
773 99 7 11 0.022
3 591 33 43 0.022
215 187 17 22 0.021
221 48 10 13 0.021
473 46 7 12 0.021
277 299 19 26 0.021
171 609 39 59 0.021
193 257 21 29 0.021
206 -6 8 31 0.021
93 228 19 23 0.021
312 327 35 30 0.020
125 144 13 19 0.020
152 563 39 56 0.020
876 197 16 26 0.020
105 229 18 22 0.020
302 414 48 43 0.020
146 203 15 18 0.020
568 317 19 21 0.020
707 320 29 37 0.020
205 34 8 11 0.020
205 28 9 19 0.019
849 381 41 50 0.019
759 101 10 26 0.019
485 609 40 54 0.019
0 353 18 29 0.019
85 130 17 20 0.019
188 137 16 20 0.018
135 263 21 26 0.018
462 36 9 20 0.018
466 15 7 10 0.018
92 362 37 40 0.018
680 112 9 10 0.018
692 239 22 30 0.018
807 485 30 38 0.017
692 190 20 23 0.017
329 0 10 10 0.017
732 105 9 23 0.017
699 112 12 14 0.017
188 144 17 20 0.017
149 204 18 22 0.016
79 366 23 28 0.016
399 -1 5 6 0.016
246 213 19 23 0.016
628 128 11 11 0.016
724 310 25 31 0.016
668 177 19 22 0.016
246 148 24 23 0.016
114 659 20 26 0.016
188 48 12 13 0.016
470 66 11 11 0.016
294 330 23 27 0.015
337 323 23 29 0.015
84 396 24 32 0.015
468 13 7 14 0.015
55 314 34 32 0.015
3 503 31 54 0.015
68 226 19 22 0.015
44 34 13 17 0.015
167 118 14 17 0.015
178 39 12 11 0.015
40 38 14 15 0.015
220 34 10 22 0.015
415 47 8 13 0.015
272 386 29 38 0.014
134 244 33 64 0.014
109 74 13 18 0.014
875 373 20 26 0.014
412 -1 5 6 0.014
116 644 51 47 0.014
707 120 9 14 0.014
616 205 22 24 0.013
140 627 47 52 0.013
1017 63 8 17 0.013
635 114 9 11 0.013
78 127 17 22 0.013
620 198 21 23 0.013
245 127 14 19 0.013
53 217 21 21 0.013
727 118 12 13 0.013
696 97 20 51 0.013
697 108 9 11 0.013
789 188 17 23 0.013
534 309 24 29 0.013
872 355 33 47 0.013
28 21 12 21 0.012
526 635 48 40 0.012
787 456 41 58 0.012
403 13 7 24 0.012
31 86 15 19 0.012
108 239 21 28 0.012
115 231 25 50 0.012
423 52 11 10 0.012
663 156 14 23 0.012
96 8 10 14 0.012
638 107 8 12 0.012
84 389 22 28 0.012
687 133 17 27 0.012
60 212 17 20 0.012
758 99 9 10 0.012
428 463 56 42 0.012
2 581 23 48 0.012
763 535 51 76 0.011
0 90 10 21 0.011
216 138 15 18 0.011
135 204 16 16 0.011
580 327 21 22 0.011
181 267 20 25 0.011
402 295 23 29 0.011
467 9 7 28 0.011
829 232 22 27 0.011
219 24 9 17 0.011
795 221 18 24 0.011
287 190 20 28 0.011
58 417 26 34 0.011
462 65 12 32 0.011
385 334 21 27 0.011
200 31 12 21 0.011
581 155 11 13 0.011
517 621 46 49 0.011
175 116 17 17 0.011
25 88 16 18 0.011
123 101 20 21 0.011
634 181 18 29 0.011
593 497 50 60 0.011
992 7 12 15 0.011
88 15 28 25 0.010
87 228 16 20 0.010
222 34 9 13 0.010
132 402 21 29 0.010
691 261 36 51 0.010
471 17 9 19 0.010
105 353 25 30 0.010
308 258 25 28 0.010
746 124 11 14 0.010
