2_Demonstration_Demonstrators_2_545
151
289 434 31 39 0.798
61 496 38 47 0.788
403 404 18 24 0.785
256 500 37 44 0.775
414 455 27 37 0.761
67 433 27 35 0.751
151 421 27 32 0.706
793 414 19 26 0.688
363 419 20 27 0.647
255 404 24 30 0.621
101 394 27 31 0.602
194 412 22 28 0.580
743 328 15 18 0.565
212 382 15 19 0.543
787 350 13 16 0.423
728 394 13 16 0.402
836 371 22 27 0.399
929 416 18 24 0.383
690 301 14 17 0.364
391 305 11 14 0.351
114 351 15 19 0.347
858 333 15 18 0.331
292 358 19 21 0.330
885 442 19 31 0.308
350 367 13 16 0.304
177 350 13 15 0.299
265 353 14 17 0.295
761 358 14 18 0.292
356 294 10 12 0.280
240 404 21 27 0.252
205 318 13 14 0.243
919 348 16 19 0.243
49 324 14 17 0.241
424 365 14 17 0.224
46 366 16 19 0.220
159 322 10 14 0.186
129 328 14 16 0.146
102 348 22 22 0.122
336 355 13 16 0.120
155 282 11 13 0.108
833 369 19 23 0.106
318 312 13 16 0.095
743 302 12 15 0.089
94 347 19 22 0.088
763 350 42 19 0.080
823 287 13 15 0.078
840 387 24 31 0.075
739 285 13 16 0.074
920 288 14 17 0.072
385 372 15 20 0.067
182 348 12 17 0.065
323 351 14 15 0.063
413 359 16 16 0.060
743 317 15 22 0.060
90 345 17 20 0.057
1015 293 9 20 0.056
82 309 11 14 0.054
309 294 11 13 0.052
707 338 12 20 0.052
428 366 14 19 0.051
798 410 22 30 0.047
388 289 9 12 0.047
325 432 19 24 0.047
421 297 13 17 0.046
437 309 12 14 0.045
432 330 11 14 0.041
407 357 15 15 0.041
945 365 14 17 0.041
401 354 15 17 0.040
419 360 13 16 0.039
316 316 12 13 0.038
905 382 18 21 0.038
824 316 12 14 0.036
845 196 18 21 0.036
691 295 13 18 0.036
432 303 14 22 0.035
771 279 11 13 0.034
437 354 12 16 0.034
899 298 12 16 0.033
242 320 13 17 0.031
897 301 15 21 0.029
150 347 14 18 0.029
846 395 20 27 0.028
768 337 13 17 0.028
206 381 17 23 0.028
240 249 9 11 0.027
318 429 22 29 0.027
115 394 22 27 0.027
824 278 13 41 0.026
741 266 12 56 0.026
285 359 15 17 0.026
96 396 21 27 0.025
301 357 16 19 0.025
924 205 17 22 0.025
857 310 14 48 0.023
245 391 19 24 0.022
420 292 11 13 0.022
743 304 13 26 0.022
383 359 25 32 0.022
899 313 14 18 0.022
244 375 15 18 0.022
47 371 17 24 0.022
90 313 14 63 0.021
186 412 20 24 0.020
50 382 17 20 0.019
356 369 42 20 0.019
345 338 14 17 0.019
695 289 12 15 0.019
674 299 13 17 0.018
388 303 25 19 0.018
127 316 16 24 0.018
355 415 23 28 0.018
105 319 13 15 0.017
278 250 11 14 0.017
827 371 17 22 0.017
918 366 16 20 0.017
811 471 24 36 0.017
787 305 11 15 0.017
738 304 13 15 0.017
825 303 14 49 0.016
45 348 15 19 0.016
699 325 12 16 0.016
854 329 15 18 0.016
378 371 14 18 0.016
338 346 14 16 0.016
340 329 12 18 0.015
80 379 34 32 0.015
828 347 14 18 0.015
758 333 17 19 0.015
191 408 20 24 0.014
857 404 26 35 0.014
1016 302 8 19 0.013
263 357 13 16 0.013
810 300 15 17 0.013
737 398 15 18 0.013
815 296 17 25 0.013
850 297 14 18 0.013
51 386 19 26 0.012
735 283 12 15 0.012
278 255 12 15 0.012
339 325 12 15 0.012
245 357 15 44 0.012
179 251 10 13 0.012
347 364 18 23 0.011
426 330 13 15 0.011
444 307 13 16 0.011
672 275 14 16 0.011
86 382 22 24 0.011
844 374 17 23 0.011
148 300 12 15 0.010
934 421 17 23 0.010
