2_Demonstration_Demonstrators_2_309
29
815 287 45 58 0.868
990 381 34 49 0.827
81 230 21 27 0.702
133 262 27 34 0.692
152 235 20 23 0.560
252 296 35 54 0.488
930 365 12 14 0.464
455 174 100 115 0.428
297 266 9 10 0.353
962 376 13 18 0.262
31 223 15 18 0.231
913 357 9 12 0.136
188 255 25 35 0.130
930 370 39 16 0.057
597 186 47 63 0.056
154 243 20 23 0.049
189 256 16 24 0.035
913 355 8 9 0.033
953 306 10 14 0.032
988 317 8 9 0.029
499 194 55 71 0.029
0 264 8 22 0.027
417 215 38 67 0.020
189 255 36 48 0.017
89 233 17 24 0.017
991 317 8 10 0.016
913 357 13 16 0.016
336 258 11 12 0.013
1 244 12 52 0.011
