2_Demonstration_Protesters_2_525
594
879 519 35 43 0.846
764 302 16 19 0.834
553 484 29 38 0.832
416 516 29 37 0.831
762 400 24 30 0.829
919 375 21 28 0.824
659 482 31 42 0.819
848 424 26 33 0.815
389 438 23 28 0.815
482 436 27 34 0.814
326 415 24 28 0.813
655 428 28 31 0.813
994 459 30 34 0.811
918 478 32 35 0.807
478 397 19 25 0.807
578 402 24 31 0.804
759 459 27 33 0.801
999 398 23 28 0.799
204 381 22 29 0.795
714 361 21 26 0.794
232 486 27 31 0.794
312 384 20 27 0.793
298 490 30 36 0.791
454 270 11 14 0.791
53 433 26 31 0.788
779 344 18 21 0.786
672 321 15 20 0.784
782 317 16 20 0.783
591 343 18 22 0.783
525 394 19 25 0.780
0 373 21 28 0.778
810 227 14 20 0.778
185 337 14 19 0.777
339 348 18 22 0.775
78 379 22 26 0.774
80 317 14 16 0.774
526 276 12 16 0.773
833 339 15 20 0.767
712 308 15 18 0.765
966 248 18 21 0.763
1004 238 18 23 0.758
249 370 20 23 0.758
367 323 14 17 0.756
60 343 18 21 0.756
775 233 14 17 0.753
31 321 13 15 0.752
685 221 14 18 0.750
950 350 21 26 0.745
318 326 15 18 0.743
948 432 26 28 0.742
467 329 16 18 0.739
248 311 12 15 0.732
501 317 13 18 0.732
501 283 13 16 0.729
644 218 14 17 0.720
371 292 10 13 0.717
638 297 14 17 0.715
532 557 34 32 0.708
718 332 14 17 0.708
455 308 13 15 0.706
361 306 14 18 0.701
473 294 12 16 0.699
615 211 13 18 0.690
144 340 15 18 0.690
532 333 19 22 0.688
21 297 12 15 0.681
848 366 18 22 0.676
413 314 12 16 0.667
862 330 13 18 0.667
543 289 11 15 0.665
242 293 11 14 0.663
75 280 10 12 0.661
266 288 10 13 0.661
567 282 12 15 0.661
865 228 13 18 0.660
104 354 18 19 0.656
795 364 17 22 0.655
882 329 15 19 0.654
766 511 22 32 0.647
383 281 11 13 0.646
722 224 14 18 0.644
344 266 10 12 0.644
21 336 14 16 0.642
990 380 17 23 0.636
823 180 11 13 0.627
844 397 19 22 0.627
53 298 11 14 0.619
595 210 14 18 0.617
124 301 12 15 0.615
122 320 14 16 0.613
559 208 12 14 0.611
440 292 12 16 0.611
214 299 10 13 0.605
229 255 9 11 0.599
147 376 19 23 0.591
167 287 11 14 0.586
322 295 10 12 0.584
447 211 10 13 0.582
115 272 9 12 0.575
132 287 10 12 0.573
532 310 15 16 0.571
0 346 11 16 0.571
836 253 15 21 0.569
523 206 11 14 0.569
500 219 11 14 0.567
995 225 14 17 0.552
275 272 10 11 0.543
308 265 10 12 0.539
4 279 9 11 0.536
768 218 15 18 0.528
662 309 14 17 0.528
885 218 14 18 0.525
86 513 28 28 0.521
224 313 12 14 0.519
577 296 13 16 0.510
574 212 12 15 0.495
169 258 8 9 0.493
370 267 10 13 0.486
31 267 9 11 0.479
211 261 8 10 0.473
76 262 10 12 0.464
374 212 9 12 0.460
38 282 10 13 0.453
419 335 17 20 0.453
873 208 13 15 0.451
392 213 10 12 0.448
910 239 17 21 0.440
209 354 19 23 0.433
295 310 13 16 0.423
473 213 12 13 0.414
363 314 15 19 0.403
633 227 11 15 0.401
357 277 10 12 0.399
925 261 14 18 0.397
725 208 13 16 0.395
270 356 18 21 0.393
286 204 7 10 0.382
996 229 16 21 0.376
787 347 18 23 0.374
328 278 9 12 0.368
220 282 11 13 0.359
828 217 15 18 0.345
586 269 14 17 0.341
289 292 12 14 0.337
573 293 14 16 0.325
188 274 11 13 0.319
25 330 15 19 0.319
971 215 13 17 0.318
227 212 7 9 0.316
163 209 8 9 0.312
346 213 9 11 0.306
429 221 9 11 0.304
854 371 18 22 0.301
157 278 10 13 0.295
416 284 11 14 0.291
408 204 10 13 0.286
933 215 13 18 0.286
373 235 10 13 0.286
75 270 10 28 0.285
714 312 15 24 0.285
74 300 11 15 0.284
539 286 14 26 0.284
358 216 9 11 0.282
385 347 15 20 0.280
82 216 7 8 0.279
1000 228 18 29 0.271
310 285 10 13 0.271
563 302 12 14 0.271
467 208 9 11 0.264
415 273 10 15 0.264
558 325 14 19 0.261
192 322 13 16 0.258
192 259 8 11 0.252
961 555 41 24 0.243
375 271 11 13 0.241
868 279 15 19 0.239
872 376 15 19 0.236
188 242 7 9 0.233
102 282 9 12 0.225
163 284 11 14 0.225
284 292 10 13 0.225
774 312 24 21 0.224
957 235 16 20 0.222
502 363 15 20 0.222
218 284 11 15 0.220
763 218 14 18 0.216
887 240 13 19 0.216
262 349 16 20 0.214
324 286 11 29 0.209
713 222 12 16 0.207
306 212 8 10 0.205
215 301 14 19 0.205
434 317 13 16 0.198
83 511 21 25 0.198
427 204 9 12 0.188
147 257 8 9 0.184
479 395 22 79 0.184
890 184 12 17 0.183
247 207 8 10 0.183
294 293 12 25 0.180
594 321 15 18 0.178
918 253 17 22 0.175
790 202 14 15 0.168
466 211 10 13 0.167
266 256 10 13 0.165
773 217 15 34 0.161
157 210 8 9 0.157
325 298 13 14 0.157
891 191 13 16 0.154
908 250 19 21 0.152
96 301 9 13 0.152
105 217 8 10 0.150
184 208 7 9 0.148
631 368 19 24 0.148
415 269 11 30 0.147
259 257 12 13 0.147
85 348 14 17 0.147
329 281 11 13 0.146
71 346 18 19 0.146
467 213 10 17 0.144
635 340 16 18 0.144
145 271 10 12 0.142
750 209 12 15 0.138
155 327 14 17 0.138
790 218 14 18 0.135
108 258 10 13 0.135
267 207 9 10 0.134
335 304 10 14 0.134
151 212 8 9 0.132
227 307 13 15 0.132
544 397 17 24 0.132
33 263 10 31 0.131
803 437 18 24 0.129
56 413 20 23 0.127
324 209 9 14 0.125
443 295 15 22 0.122
264 252 10 25 0.121
765 201 15 50 0.119
272 261 10 25 0.118
706 198 10 15 0.117
341 211 15 13 0.117
0 424 7 23 0.116
414 283 11 67 0.112
108 255 9 12 0.112
155 306 11 14 0.112
808 225 27 19 0.111
225 210 7 9 0.110
501 213 10 15 0.109
791 206 14 25 0.108
278 271 10 12 0.108
394 275 12 14 0.106
373 210 11 30 0.105
911 233 15 17 0.105
348 236 11 13 0.105
428 374 19 24 0.105
310 266 12 13 0.104
127 282 10 45 0.104
190 277 10 13 0.103
466 373 15 18 0.102
414 278 12 15 0.101
154 311 13 16 0.101
569 276 18 47 0.101
283 335 13 17 0.098
809 222 28 36 0.094
185 206 9 11 0.092
753 205 11 14 0.092
356 406 17 23 0.092
746 211 13 16 0.090
886 331 16 21 0.089
155 305 13 43 0.088
411 215 10 12 0.087
73 287 17 71 0.086
75 316 12 15 0.085
469 230 11 13 0.084
889 182 11 13 0.082
938 213 12 17 0.082
1 456 15 27 0.080
192 205 7 9 0.080
967 221 15 23 0.080
906 324 15 19 0.080
942 326 13 18 0.080
866 208 20 49 0.079
306 203 8 22 0.079
543 267 12 15 0.079
218 279 10 30 0.079
215 289 12 18 0.078
121 304 13 22 0.078
253 237 8 10 0.077
1008 215 13 16 0.075
349 320 37 36 0.075
309 269 11 30 0.074
105 321 11 15 0.074
186 331 15 19 0.074
393 270 11 14 0.073
257 346 14 18 0.073
240 273 11 18 0.072
99 284 11 15 0.072
425 205 10 27 0.071
541 210 11 12 0.071
153 211 15 8 0.070
682 218 15 18 0.070
1 265 10 15 0.069
897 347 17 20 0.069
168 243 8 91 0.068
65 220 8 17 0.068
308 260 10 13 0.068
692 488 20 25 0.068
146 361 20 28 0.066
569 322 14 18 0.065
473 252 10 12 0.065
30 294 12 68 0.063
146 253 9 28 0.062
254 270 11 18 0.061
362 203 9 12 0.061
0 425 11 58 0.060
629 376 19 23 0.060
742 228 12 15 0.059
143 358 18 23 0.059
444 236 9 12 0.059
591 310 15 46 0.059
385 242 9 85 0.058
618 267 13 18 0.058
798 347 17 24 0.058
784 205 17 20 0.057
305 212 9 25 0.057
37 211 8 8 0.055
669 206 12 16 0.055
391 186 10 67 0.053
627 297 14 15 0.053
255 369 20 24 0.053
834 312 27 79 0.052
428 197 12 21 0.052
571 292 20 34 0.051
434 197 8 10 0.051
740 218 14 23 0.051
23 267 12 72 0.050
54 265 13 13 0.049
553 318 14 18 0.049
604 211 37 21 0.049
519 204 12 15 0.049
936 217 14 18 0.048
713 201 16 18 0.048
495 205 44 28 0.048
42 213 8 19 0.047
542 259 11 76 0.047
34 278 11 15 0.047
290 272 13 17 0.047
149 211 6 9 0.046
573 310 16 22 0.046
451 300 16 21 0.046
911 325 14 18 0.044
588 182 10 11 0.043
147 218 7 13 0.043
346 237 11 16 0.043
339 410 24 28 0.043
204 361 19 27 0.043
469 212 12 50 0.043
860 248 16 21 0.042
304 223 9 12 0.042
366 259 11 91 0.041
830 227 17 22 0.041
778 202 26 17 0.041
501 304 13 51 0.040
221 225 9 14 0.040
388 342 13 17 0.039
529 303 15 24 0.038
121 217 7 10 0.038
469 200 16 21 0.038
101 514 19 25 0.038
502 256 11 86 0.038
361 299 59 57 0.037
777 201 12 14 0.037
900 254 18 21 0.037
338 299 16 20 0.037
230 202 11 21 0.037
789 342 19 22 0.037
156 199 7 33 0.037
350 289 12 17 0.037
560 273 33 74 0.037
504 192 8 10 0.036
336 206 10 12 0.036
342 238 11 13 0.036
148 352 17 23 0.036
555 207 12 14 0.035
241 261 14 20 0.035
6 303 11 14 0.035
516 341 19 21 0.034
296 195 9 10 0.034
707 199 13 27 0.034
800 344 14 18 0.034
120 214 9 16 0.033
78 251 9 115 0.033
271 220 9 20 0.033
836 222 44 49 0.033
643 201 11 16 0.032
419 367 16 22 0.032
319 214 10 20 0.031
91 520 28 27 0.031
14 327 15 23 0.031
160 259 18 11 0.031
527 320 20 27 0.030
156 203 18 24 0.030
261 259 19 71 0.030
389 280 11 15 0.030
189 316 12 14 0.030
932 334 15 20 0.030
34 207 9 21 0.030
423 296 14 16 0.030
359 402 18 23 0.030
534 207 28 14 0.030
174 246 13 26 0.029
49 267 13 17 0.029
10 305 12 15 0.029
387 263 15 16 0.029
244 262 11 83 0.029
301 210 37 16 0.029
219 228 9 10 0.029
369 236 12 28 0.028
385 241 12 12 0.028
434 355 16 20 0.028
615 205 13 18 0.027
546 269 13 15 0.027
487 196 9 9 0.026
37 207 10 24 0.026
342 393 19 22 0.026
602 183 10 10 0.026
345 308 16 18 0.026
68 252 10 14 0.025
319 319 15 19 0.025
796 200 12 15 0.025
372 237 10 18 0.025
146 205 8 17 0.025
893 321 15 17 0.025
149 389 18 19 0.025
761 464 30 43 0.025
131 205 9 11 0.025
512 348 15 21 0.025
669 197 11 21 0.025
743 221 37 18 0.024
64 207 9 11 0.024
436 382 18 22 0.024
932 238 16 20 0.023
394 360 18 22 0.023
843 225 16 17 0.023
494 286 16 17 0.023
624 382 19 23 0.023
501 283 14 101 0.023
797 211 16 18 0.022
306 279 32 42 0.022
3 303 12 20 0.022
149 313 16 19 0.022
507 372 15 23 0.022
484 195 12 17 0.022
251 299 14 18 0.022
364 243 11 12 0.022
405 406 16 20 0.022
467 203 23 13 0.021
501 190 11 26 0.021
519 235 14 15 0.021
428 198 9 9 0.021
637 332 15 19 0.021
6 327 11 16 0.021
152 254 18 25 0.021
431 265 10 13 0.021
108 224 11 77 0.021
967 376 17 22 0.020
871 407 17 21 0.020
841 238 16 22 0.020
933 227 16 26 0.020
0 466 16 22 0.020
199 184 7 8 0.020
412 370 19 24 0.020
911 322 42 21 0.019
58 217 14 22 0.019
161 329 11 15 0.019
624 299 12 15 0.019
942 287 13 18 0.019
200 186 7 9 0.019
145 326 16 22 0.019
830 363 16 21 0.019
230 234 10 24 0.019
101 250 9 12 0.019
197 312 13 21 0.018
946 211 22 16 0.018
109 280 13 26 0.018
267 220 9 115 0.018
310 223 8 111 0.018
209 268 14 23 0.018
223 353 18 19 0.018
229 201 8 24 0.018
268 342 18 22 0.018
869 209 12 14 0.018
104 215 28 10 0.017
95 232 9 18 0.017
1014 434 11 21 0.017
798 447 21 30 0.017
0 544 11 29 0.017
0 421 11 31 0.017
276 219 11 22 0.017
189 206 9 102 0.017
935 264 16 19 0.017
3 249 10 34 0.016
589 217 14 22 0.016
81 209 9 11 0.016
753 384 17 22 0.016
386 204 12 18 0.016
424 267 12 14 0.016
1010 390 16 24 0.016
65 341 17 20 0.016
64 206 11 29 0.016
409 198 9 10 0.016
35 213 10 11 0.015
705 202 32 15 0.015
31 257 9 14 0.015
115 327 17 19 0.015
580 283 13 21 0.015
246 205 30 17 0.015
849 402 23 26 0.015
372 193 8 115 0.015
305 227 11 18 0.015
792 225 13 17 0.015
81 260 15 16 0.015
269 320 14 17 0.015
255 255 10 12 0.014
392 250 11 19 0.014
146 223 8 76 0.014
132 261 14 19 0.014
509 206 21 13 0.014
147 214 10 23 0.014
254 215 11 29 0.014
124 216 11 15 0.014
534 331 32 24 0.014
251 200 16 21 0.014
4 343 17 19 0.014
609 175 32 95 0.014
522 219 13 18 0.014
633 339 20 30 0.014
153 193 8 10 0.013
980 402 26 28 0.013
212 224 11 18 0.013
330 252 10 12 0.013
270 226 10 24 0.013
415 285 11 33 0.013
4 452 18 23 0.013
660 219 14 18 0.013
867 252 15 19 0.013
99 222 9 21 0.013
533 393 26 25 0.013
540 255 16 26 0.013
248 206 28 9 0.013
153 300 11 15 0.013
101 234 13 26 0.012
890 438 24 29 0.012
279 243 13 19 0.012
8 257 14 20 0.012
935 329 17 22 0.012
904 525 53 45 0.012
707 302 19 21 0.012
670 193 10 13 0.012
228 212 13 29 0.012
252 315 16 18 0.011
938 188 45 77 0.011
209 237 9 17 0.011
109 236 8 15 0.011
619 385 18 22 0.011
833 215 13 15 0.011
54 203 10 14 0.011
643 209 17 20 0.011
378 557 23 19 0.011
49 251 11 22 0.011
12 217 11 28 0.011
266 316 14 15 0.011
287 158 9 112 0.011
904 191 12 15 0.011
930 343 17 24 0.011
939 293 12 15 0.011
4 368 22 29 0.011
213 344 16 20 0.011
438 320 12 16 0.011
342 212 12 24 0.011
521 240 13 20 0.011
66 226 10 29 0.011
147 294 15 20 0.011
65 283 15 14 0.011
380 537 26 36 0.011
110 206 18 29 0.010
331 242 13 24 0.010
620 396 18 26 0.010
953 249 30 22 0.010
926 465 33 39 0.010
199 181 7 18 0.010
955 542 50 42 0.010
639 225 15 16 0.010
11 225 9 25 0.010
