2_Demonstration_Demonstration_Or_Protest_2_420
611
309 166 32 47 0.840
719 159 33 48 0.801
405 230 50 74 0.793
209 266 38 60 0.780
596 165 30 51 0.777
807 180 32 45 0.768
746 265 39 61 0.762
554 235 40 58 0.760
477 163 35 42 0.747
907 111 16 21 0.745
369 170 27 39 0.736
1 294 46 57 0.724
111 261 43 56 0.647
839 164 30 48 0.642
516 142 22 32 0.641
70 178 32 46 0.630
420 132 24 32 0.627
571 161 23 38 0.626
260 166 21 32 0.607
984 184 28 43 0.607
921 232 38 63 0.588
657 275 45 61 0.584
642 123 25 33 0.583
691 135 24 33 0.581
198 194 29 43 0.558
658 174 46 56 0.548
117 155 20 33 0.530
260 131 17 24 0.519
211 146 25 34 0.504
228 102 16 20 0.499
63 135 19 27 0.493
987 140 24 32 0.484
910 167 23 29 0.481
179 123 16 22 0.477
628 102 14 20 0.475
383 218 30 38 0.473
770 123 16 20 0.466
1008 110 14 19 0.451
832 298 61 57 0.444
5 133 16 22 0.442
19 143 22 31 0.412
456 119 16 20 0.410
971 111 18 22 0.410
860 96 12 13 0.405
389 129 16 25 0.401
308 111 15 19 0.399
489 116 13 19 0.368
602 105 13 19 0.365
975 132 20 26 0.353
516 110 13 19 0.349
544 127 15 22 0.349
837 154 27 40 0.349
1006 95 11 14 0.343
597 140 16 21 0.337
950 99 10 13 0.335
370 93 11 15 0.322
790 126 16 21 0.316
731 135 19 26 0.310
824 112 16 17 0.310
0 84 7 12 0.308
244 123 14 20 0.308
138 124 14 20 0.306
166 104 11 14 0.297
708 94 8 12 0.289
170 193 28 40 0.286
861 115 14 17 0.280
31 119 22 26 0.277
980 92 10 13 0.275
889 128 14 20 0.273
856 76 9 12 0.271
99 101 14 15 0.270
575 92 8 11 0.268
435 69 8 9 0.252
202 105 14 17 0.252
409 107 13 18 0.247
13 135 22 28 0.247
528 98 9 12 0.246
901 146 16 23 0.246
186 124 19 25 0.244
204 151 22 29 0.236
883 93 10 12 0.234
921 93 14 14 0.227
391 96 10 14 0.223
803 127 17 23 0.223
1 176 16 38 0.222
461 104 14 20 0.220
509 89 10 13 0.213
738 105 10 13 0.213
322 131 23 28 0.211
200 124 18 22 0.208
469 167 33 40 0.198
928 96 11 15 0.197
197 104 16 16 0.195
973 117 20 24 0.192
545 108 13 18 0.190
461 93 11 15 0.188
758 110 10 13 0.188
601 110 15 19 0.186
916 93 12 15 0.183
899 75 9 11 0.179
18 71 8 9 0.178
384 80 9 20 0.176
485 273 36 54 0.175
249 125 20 26 0.167
549 104 14 17 0.164
968 111 14 16 0.163
949 333 56 44 0.162
410 62 8 14 0.160
138 107 14 17 0.159
760 108 12 17 0.155
320 82 9 11 0.153
47 92 17 15 0.152
233 104 14 20 0.147
518 133 32 33 0.145
557 151 17 23 0.143
260 108 17 62 0.142
440 108 14 16 0.140
602 83 8 18 0.138
18 68 9 16 0.136
262 105 11 15 0.136
427 93 10 14 0.135
477 91 10 20 0.132
784 126 18 25 0.130
932 149 19 23 0.129
938 199 33 50 0.128
230 76 13 64 0.128
293 92 14 19 0.123
25 130 21 28 0.122
781 143 18 22 0.122
672 169 36 49 0.121
125 92 12 20 0.121
0 217 16 53 0.120
932 106 14 18 0.118
737 98 10 18 0.116
837 149 19 31 0.115
59 141 17 27 0.114
198 155 18 26 0.114
786 110 13 16 0.113
949 186 25 41 0.112
912 115 18 21 0.111
464 101 14 20 0.110
11 146 28 36 0.108
904 153 18 29 0.108
1011 85 11 24 0.107
57 126 17 26 0.104
410 181 26 39 0.104
416 132 20 27 0.103
409 103 11 16 0.100
305 91 14 29 0.100
319 73 8 24 0.099
671 81 9 20 0.096
568 91 15 17 0.096
930 241 42 58 0.096
545 86 13 79 0.095
932 119 16 19 0.095
116 108 16 16 0.093
556 225 29 41 0.093
949 122 13 17 0.092
794 90 9 11 0.092
391 205 40 48 0.091
882 85 10 22 0.090
455 92 11 14 0.090
854 95 11 13 0.090
772 96 14 65 0.089
6 122 14 21 0.089
890 122 16 22 0.089
165 93 12 28 0.088
76 103 14 16 0.087
965 113 18 24 0.085
32 92 19 71 0.084
384 125 16 23 0.082
369 85 12 41 0.081
641 127 69 34 0.081
722 111 15 15 0.080
214 136 17 25 0.080
808 125 21 23 0.080
100 75 10 21 0.079
204 172 34 45 0.079
460 80 9 28 0.078
38 120 22 26 0.078
670 85 16 12 0.078
455 87 17 70 0.076
839 114 21 75 0.076
37 93 19 18 0.075
514 89 17 67 0.075
49 154 18 26 0.074
201 93 15 30 0.073
728 77 10 25 0.073
275 93 10 14 0.071
872 79 11 25 0.070
591 135 17 22 0.069
0 182 17 79 0.069
84 70 10 21 0.068
974 81 17 81 0.068
699 117 17 26 0.066
55 148 20 27 0.066
502 77 15 29 0.066
518 102 14 30 0.065
853 81 9 16 0.064
704 102 13 27 0.063
122 94 12 15 0.062
723 76 11 25 0.062
285 109 16 15 0.062
100 80 10 11 0.061
598 77 12 29 0.061
373 123 16 20 0.060
552 141 19 28 0.060
487 88 23 70 0.060
73 96 15 21 0.060
466 167 21 33 0.060
1 82 9 24 0.059
106 112 15 19 0.059
935 155 18 24 0.059
310 62 8 17 0.058
96 102 13 14 0.058
550 89 13 29 0.058
-1 172 13 27 0.058
678 83 14 23 0.057
979 76 9 29 0.057
490 109 14 19 0.057
63 126 18 25 0.057
509 123 20 29 0.057
957 184 19 28 0.057
166 68 8 12 0.056
49 80 13 30 0.056
263 301 45 50 0.056
998 80 11 27 0.055
386 100 14 19 0.055
211 123 16 22 0.055
229 109 20 24 0.055
1008 60 11 92 0.054
969 114 23 60 0.054
887 93 10 13 0.054
848 133 20 25 0.054
111 113 15 19 0.053
566 146 18 27 0.053
156 178 20 29 0.053
112 275 51 66 0.053
838 137 24 40 0.052
256 92 13 27 0.052
213 103 35 22 0.052
172 109 14 17 0.052
739 92 15 26 0.052
362 73 10 26 0.051
634 97 13 20 0.051
606 128 61 27 0.050
618 94 12 21 0.049
669 106 12 18 0.049
797 146 27 44 0.049
272 87 13 27 0.049
649 131 23 29 0.049
575 157 20 28 0.049
478 95 15 14 0.048
102 77 17 70 0.048
648 65 11 28 0.047
32 104 18 30 0.047
304 70 17 96 0.047
453 82 11 25 0.047
553 107 13 16 0.047
176 128 16 23 0.046
602 87 11 39 0.045
340 72 11 13 0.045
840 133 20 25 0.045
550 80 14 27 0.045
55 91 17 19 0.045
488 121 16 20 0.045
115 148 19 28 0.045
894 98 25 80 0.045
1011 72 11 23 0.045
182 77 16 95 0.045
791 82 11 22 0.044
158 89 15 27 0.044
805 133 17 23 0.044
28 103 12 18 0.044
246 71 13 27 0.043
478 75 9 30 0.043
313 90 13 16 0.043
884 106 12 15 0.043
589 97 12 15 0.043
426 77 10 30 0.042
858 71 12 31 0.042
165 56 10 93 0.042
399 62 12 30 0.042
606 117 15 20 0.042
361 78 9 15 0.042
781 66 10 15 0.042
565 135 18 24 0.042
724 82 11 14 0.041
21 95 19 22 0.041
14 91 14 25 0.041
727 111 13 24 0.041
573 127 18 22 0.041
138 74 12 94 0.041
75 175 21 28 0.040
729 124 17 34 0.040
3 179 25 37 0.040
219 74 12 30 0.040
123 159 26 35 0.040
1004 163 19 28 0.039
372 80 14 28 0.039
963 131 17 23 0.039
961 155 17 23 0.039
120 106 27 17 0.039
101 101 20 24 0.038
502 128 19 23 0.038
602 68 10 45 0.038
863 94 24 57 0.038
1014 76 9 17 0.037
11 103 16 22 0.037
295 112 15 17 0.037
567 76 17 30 0.037
766 86 15 30 0.037
451 122 19 25 0.037
185 176 37 45 0.036
16 80 10 27 0.036
751 87 17 30 0.036
860 74 11 43 0.035
703 77 12 32 0.035
140 88 13 30 0.035
860 93 20 19 0.035
473 118 19 21 0.035
115 111 13 17 0.035
221 85 12 31 0.034
369 98 14 17 0.034
439 251 54 65 0.034
291 112 13 17 0.033
234 93 18 24 0.033
776 85 13 29 0.033
483 112 46 24 0.033
295 101 18 27 0.033
777 77 17 29 0.032
310 149 15 24 0.032
107 133 16 22 0.032
141 128 21 22 0.032
497 90 21 12 0.032
60 69 13 26 0.031
565 135 31 54 0.031
930 212 37 57 0.031
898 69 11 14 0.030
623 126 19 25 0.030
928 161 22 27 0.030
144 120 19 20 0.030
234 116 22 24 0.030
694 151 21 29 0.030
879 70 18 22 0.029
816 117 41 46 0.029
195 163 18 25 0.029
844 170 33 52 0.029
142 75 12 31 0.029
0 231 19 55 0.029
717 114 19 19 0.029
93 71 14 28 0.028
958 162 19 28 0.028
935 65 8 11 0.028
188 91 18 30 0.028
168 113 17 22 0.028
932 135 17 46 0.028
786 90 31 85 0.027
70 103 11 14 0.027
701 66 12 31 0.027
670 83 26 16 0.027
872 66 15 29 0.027
791 126 23 26 0.026
259 100 18 18 0.026
705 101 12 16 0.026
687 143 18 27 0.026
435 105 24 19 0.026
355 118 21 20 0.025
844 124 16 21 0.025
310 156 16 27 0.025
511 111 21 28 0.025
574 59 12 64 0.025
221 170 49 43 0.025
416 75 23 115 0.025
669 171 21 27 0.025
832 132 20 24 0.024
165 193 22 30 0.024
936 103 15 91 0.024
17 64 19 28 0.024
116 72 13 31 0.024
694 122 16 23 0.024
916 161 23 26 0.024
395 316 38 36 0.024
36 153 21 27 0.024
961 141 17 26 0.024
364 180 23 30 0.024
975 66 11 30 0.023
540 76 13 30 0.023
997 62 14 31 0.023
409 72 13 29 0.023
361 65 9 30 0.023
266 170 26 36 0.023
0 107 13 24 0.023
0 161 14 24 0.023
383 65 12 32 0.023
497 63 18 31 0.023
202 73 14 32 0.023
767 77 17 31 0.023
291 84 18 39 0.023
460 62 15 31 0.023
610 126 20 23 0.023
364 157 20 26 0.023
626 103 20 26 0.023
396 46 7 8 0.022
181 61 11 26 0.022
746 79 13 30 0.022
695 67 17 40 0.022
156 143 18 25 0.022
313 64 8 10 0.022
652 190 37 46 0.022
982 69 10 48 0.022
275 88 29 26 0.022
204 223 31 53 0.022
950 82 11 29 0.022
695 116 13 19 0.021
602 46 11 113 0.021
572 47 12 100 0.021
570 118 16 20 0.021
176 87 19 29 0.021
349 119 20 23 0.021
658 91 15 21 0.021
286 113 15 17 0.021
803 158 19 26 0.021
366 146 20 26 0.021
875 71 8 9 0.021
379 92 27 24 0.020
914 96 42 15 0.020
313 54 17 64 0.020
314 123 18 28 0.020
791 151 20 28 0.020
207 198 29 45 0.020
25 100 17 30 0.020
601 140 19 25 0.020
958 76 17 17 0.020
875 75 32 10 0.020
357 114 14 19 0.020
45 75 24 12 0.020
951 68 13 25 0.020
463 60 8 37 0.020
421 59 19 31 0.020
344 75 13 21 0.020
457 106 20 45 0.020
585 106 11 15 0.020
898 72 8 9 0.020
181 69 10 9 0.020
165 105 27 15 0.019
591 119 15 19 0.019
465 142 19 26 0.019
693 103 17 26 0.019
304 74 20 31 0.019
601 156 20 28 0.019
86 77 23 17 0.019
127 59 15 25 0.019
191 133 18 25 0.019
656 137 19 28 0.019
676 160 20 26 0.019
753 77 16 32 0.019
933 142 43 52 0.019
823 298 36 53 0.019
324 109 42 55 0.018
0 76 8 38 0.018
116 59 13 25 0.018
47 67 20 27 0.018
979 77 17 31 0.018
873 65 10 19 0.018
951 53 13 99 0.018
1001 58 11 25 0.018
411 121 18 26 0.018
673 167 23 28 0.018
951 182 19 27 0.018
279 76 18 31 0.018
853 74 8 32 0.017
896 75 31 10 0.017
395 42 12 29 0.017
251 164 21 33 0.017
101 59 13 27 0.017
100 68 16 10 0.017
167 64 15 111 0.017
195 203 22 31 0.017
40 66 11 18 0.017
253 73 15 31 0.017
632 110 14 28 0.016
472 64 15 31 0.016
635 85 14 35 0.016
95 60 10 22 0.016
849 111 14 17 0.016
731 64 14 112 0.016
351 129 22 24 0.016
416 178 29 47 0.016
39 72 12 8 0.016
556 112 41 86 0.016
376 45 10 26 0.016
411 117 14 17 0.016
907 51 14 119 0.016
691 83 15 35 0.016
703 60 7 44 0.016
845 87 32 72 0.015
95 66 10 12 0.015
430 79 14 28 0.015
75 73 15 30 0.015
394 72 13 31 0.015
39 75 15 32 0.015
20 88 25 34 0.015
332 75 16 25 0.015
368 70 24 47 0.015
223 74 19 32 0.015
340 129 22 26 0.015
995 163 22 29 0.015
385 56 7 52 0.015
208 128 23 25 0.015
686 73 20 32 0.015
152 57 13 27 0.015
995 142 23 30 0.015
729 62 15 32 0.015
391 63 13 117 0.014
0 284 26 56 0.014
291 64 19 31 0.014
345 138 22 26 0.014
116 66 13 12 0.014
909 75 16 31 0.014
637 64 20 31 0.014
153 296 44 60 0.014
164 83 30 89 0.014
304 62 18 32 0.014
67 122 18 24 0.014
576 64 16 31 0.014
690 160 23 30 0.014
639 71 14 31 0.013
858 46 16 102 0.013
209 156 23 29 0.013
52 66 11 19 0.013
845 152 32 51 0.013
974 57 14 25 0.013
27 71 12 9 0.013
140 58 17 27 0.013
203 45 16 114 0.013
317 81 13 15 0.013
61 72 17 32 0.013
496 136 20 25 0.013
103 139 19 28 0.013
85 64 19 31 0.013
652 146 20 26 0.013
467 125 19 23 0.013
32 70 26 20 0.013
106 148 25 34 0.013
735 120 17 24 0.013
74 76 47 73 0.012
902 191 23 36 0.012
798 89 8 10 0.012
233 88 31 31 0.012
689 64 19 32 0.012
479 75 19 30 0.012
848 72 11 13 0.012
274 65 8 54 0.012
326 93 12 17 0.012
943 203 22 30 0.012
798 84 11 17 0.012
264 64 17 31 0.012
157 182 24 39 0.012
291 74 18 32 0.012
845 138 25 31 0.012
63 71 9 9 0.012
81 102 39 23 0.012
73 154 21 28 0.012
580 106 16 22 0.012
69 191 22 29 0.012
358 190 18 27 0.012
37 70 40 110 0.012
571 84 15 29 0.012
177 73 17 32 0.012
956 64 18 31 0.012
652 227 35 42 0.011
192 73 20 31 0.011
523 78 15 31 0.011
927 128 15 20 0.011
397 37 6 38 0.011
163 75 15 32 0.011
421 52 11 36 0.011
898 65 21 31 0.011
100 252 42 58 0.011
51 73 12 7 0.011
250 64 21 32 0.011
205 59 10 44 0.011
44 106 18 27 0.011
547 70 19 44 0.011
886 134 18 24 0.011
351 140 23 26 0.011
311 55 14 29 0.011
326 124 25 26 0.011
461 57 8 10 0.011
64 62 11 24 0.011
139 133 16 21 0.011
749 68 7 53 0.011
482 270 30 43 0.011
194 64 51 102 0.011
-1 237 13 29 0.011
26 62 12 25 0.011
548 60 18 32 0.011
122 75 18 32 0.010
821 106 13 15 0.010
937 161 23 30 0.010
806 110 17 18 0.010
204 64 33 51 0.010
752 285 38 60 0.010
790 50 10 100 0.010
127 154 21 29 0.010
292 55 17 30 0.010
162 62 19 32 0.010
150 63 16 15 0.010
959 340 58 63 0.010
662 260 44 54 0.010
