2_Demonstration_Political_Rally_2_641
35
428 178 51 69 0.879
7 146 45 57 0.863
116 128 48 66 0.859
572 157 57 76 0.836
290 140 47 73 0.835
515 158 50 65 0.832
200 135 47 55 0.811
723 158 39 73 0.770
989 216 32 56 0.724
944 177 30 44 0.710
820 156 36 50 0.695
646 154 39 68 0.691
904 145 31 51 0.688
845 137 25 51 0.434
601 139 40 55 0.403
480 203 21 33 0.330
146 133 41 54 0.327
341 233 36 50 0.312
162 145 29 38 0.250
0 184 13 53 0.219
397 175 35 45 0.045
725 213 20 37 0.038
424 142 44 65 0.032
421 127 37 54 0.031
852 133 28 49 0.030
234 149 22 40 0.025
479 195 19 28 0.023
159 126 46 59 0.014
401 151 55 52 0.011
169 136 26 36 0.011
452 164 35 50 0.011
389 169 35 41 0.011
413 189 40 53 0.010
473 203 31 45 0.010
707 168 36 63 0.010
