2_Demonstration_Protesters_2_163
171
51 176 19 22 0.840
961 14 21 25 0.780
220 124 35 47 0.766
366 152 16 21 0.749
689 151 12 13 0.718
499 123 12 15 0.697
599 107 11 13 0.675
864 70 11 13 0.665
158 187 14 20 0.660
254 169 20 23 0.659
101 196 16 19 0.658
590 123 11 15 0.639
543 526 48 45 0.632
642 114 10 14 0.619
306 163 12 14 0.607
79 209 24 29 0.593
558 121 13 14 0.571
505 262 25 28 0.570
680 164 11 14 0.558
902 129 10 12 0.548
528 185 14 17 0.547
524 117 14 16 0.530
773 93 9 12 0.517
615 110 11 13 0.517
551 330 36 45 0.450
14 207 12 15 0.450
806 116 12 14 0.441
426 133 13 14 0.438
751 158 12 14 0.423
1002 25 10 13 0.417
279 160 13 15 0.406
849 76 9 10 0.405
738 167 11 13 0.401
748 128 9 11 0.397
756 114 9 11 0.380
765 122 10 13 0.364
519 113 14 16 0.353
539 122 12 15 0.349
596 115 11 16 0.345
91 196 26 23 0.344
463 132 14 17 0.323
468 133 12 15 0.319
687 153 11 16 0.314
422 139 15 17 0.312
925 54 12 13 0.281
572 117 12 14 0.280
125 193 13 14 0.279
131 203 15 16 0.277
402 143 9 11 0.275
857 73 19 13 0.265
127 196 14 17 0.256
897 79 11 12 0.243
585 121 14 16 0.239
902 60 9 12 0.238
786 150 10 14 0.238
456 130 16 17 0.234
601 507 57 51 0.219
922 57 12 13 0.217
848 147 11 14 0.182
742 160 21 14 0.166
485 138 12 14 0.164
78 205 19 24 0.142
163 165 13 17 0.137
895 86 9 12 0.136
404 138 19 15 0.134
345 163 11 13 0.134
33 181 15 17 0.133
517 109 10 12 0.129
320 167 10 12 0.126
769 80 10 42 0.122
899 77 10 12 0.112
757 110 9 12 0.110
554 118 13 16 0.109
420 146 13 16 0.104
457 139 13 16 0.100
447 124 17 22 0.100
446 120 12 14 0.087
863 64 10 13 0.082
756 108 15 36 0.080
906 59 19 13 0.073
134 206 13 16 0.073
538 114 18 14 0.070
409 140 17 18 0.069
998 45 11 13 0.068
765 93 11 66 0.064
629 324 53 41 0.062
921 62 10 12 0.062
756 117 15 19 0.059
1012 34 10 13 0.058
898 48 10 66 0.055
11 194 39 25 0.054
806 108 10 13 0.054
643 121 11 14 0.053
444 117 21 36 0.050
330 162 30 15 0.050
508 257 20 24 0.048
845 75 9 12 0.045
810 122 12 15 0.044
550 121 60 15 0.042
131 190 13 16 0.042
744 153 51 16 0.041
641 110 10 13 0.040
428 130 16 14 0.039
412 136 12 13 0.039
622 113 40 16 0.039
37 179 17 20 0.039
418 168 14 16 0.038
747 117 30 24 0.037
805 121 12 14 0.035
262 177 15 19 0.034
272 159 14 15 0.032
847 67 13 20 0.032
899 84 10 12 0.032
339 159 16 23 0.031
444 117 11 13 0.029
593 80 11 88 0.029
524 108 13 15 0.029
380 170 13 16 0.029
394 138 10 14 0.027
735 133 14 67 0.027
323 159 11 12 0.027
516 92 27 64 0.026
330 170 13 14 0.023
451 137 15 22 0.023
365 175 14 16 0.022
720 138 11 14 0.022
713 116 11 12 0.021
584 130 13 16 0.021
721 110 10 13 0.021
515 142 13 16 0.021
456 149 12 18 0.020
905 128 11 12 0.019
610 494 59 51 0.018
807 140 14 16 0.018
719 101 11 23 0.017
539 108 12 13 0.017
843 148 11 14 0.017
716 109 12 19 0.017
549 91 52 74 0.016
523 88 45 79 0.016
334 157 11 13 0.016
288 158 12 13 0.016
320 172 12 14 0.016
367 173 20 16 0.016
399 135 10 13 0.015
25 188 45 22 0.015
834 58 9 11 0.014
828 60 10 12 0.014
755 131 15 22 0.014
805 146 14 14 0.014
762 91 33 98 0.014
713 117 11 21 0.013
710 121 10 14 0.013
798 96 14 19 0.013
731 98 9 10 0.013
79 192 13 18 0.013
558 125 14 15 0.012
170 164 12 16 0.012
452 159 11 15 0.012
370 178 10 13 0.012
417 172 12 14 0.012
91 219 18 23 0.012
724 98 13 16 0.012
847 152 10 12 0.012
790 147 26 14 0.011
994 34 14 18 0.011
815 132 13 17 0.011
827 111 11 14 0.011
257 154 14 21 0.011
387 133 11 12 0.011
130 187 11 13 0.010
