2_Demonstration_Demonstration_Or_Protest_2_441
36
611 177 39 45 0.884
855 171 36 44 0.870
330 209 37 44 0.864
932 155 36 45 0.847
108 186 40 51 0.836
500 163 38 57 0.835
789 160 41 52 0.833
0 189 32 41 0.833
570 176 36 46 0.832
401 168 38 43 0.830
232 153 41 49 0.825
286 187 33 40 0.799
853 357 26 31 0.786
721 165 30 40 0.741
897 600 51 37 0.726
496 582 47 45 0.708
313 172 28 38 0.687
140 165 26 38 0.503
990 74 21 25 0.283
463 651 32 29 0.113
652 575 28 25 0.076
1013 186 11 29 0.049
636 310 6 8 0.049
129 198 26 37 0.042
458 165 22 28 0.041
794 571 25 20 0.029
926 566 21 20 0.026
1012 325 12 18 0.019
2 446 19 27 0.018
0 149 14 34 0.016
134 214 21 24 0.014
321 158 29 38 0.014
735 590 34 21 0.011
800 311 21 35 0.011
806 303 15 30 0.010
466 676 38 27 0.010
