2_Demonstration_Political_Rally_2_659
56
36 244 105 116 0.888
959 247 65 79 0.882
506 202 128 128 0.858
1 325 29 41 0.856
367 273 21 26 0.843
730 239 50 59 0.843
231 284 27 43 0.777
162 289 27 32 0.764
407 279 14 19 0.719
455 269 53 64 0.677
2 293 23 27 0.647
192 279 35 41 0.637
893 228 16 23 0.557
9 293 27 38 0.295
767 217 29 42 0.291
342 277 14 17 0.187
447 265 36 43 0.184
136 290 22 31 0.175
448 268 19 23 0.175
736 207 9 11 0.164
702 234 13 17 0.143
442 268 31 31 0.137
437 286 18 22 0.136
898 226 17 25 0.130
718 242 16 26 0.117
0 639 12 86 0.114
257 254 29 34 0.100
446 268 14 17 0.089
21 306 24 38 0.083
434 282 15 23 0.059
175 288 33 35 0.052
708 234 21 28 0.048
885 230 14 19 0.045
335 278 14 19 0.044
343 282 16 17 0.037
188 289 28 33 0.037
254 254 22 27 0.032
698 238 25 26 0.032
904 224 14 20 0.031
718 240 29 40 0.024
465 258 85 86 0.023
364 344 18 26 0.022
947 253 44 55 0.017
203 274 20 23 0.015
881 227 13 19 0.015
397 283 16 20 0.013
705 244 19 22 0.013
688 256 16 22 0.013
231 284 21 28 0.013
27 257 63 72 0.012
352 286 17 20 0.012
707 232 13 17 0.012
492 219 40 55 0.012
143 282 19 28 0.012
25 307 31 43 0.011
199 278 24 30 0.011
