2_Demonstration_Demonstration_Or_Protest_2_58
270
28 508 102 115 0.898
450 311 56 77 0.895
766 272 45 56 0.885
516 229 43 64 0.884
302 304 50 62 0.881
653 313 53 77 0.881
247 240 47 61 0.873
784 444 67 79 0.872
162 301 54 73 0.871
149 159 30 36 0.868
286 384 58 84 0.865
87 150 36 39 0.860
965 287 48 49 0.857
589 173 34 43 0.849
335 180 33 42 0.848
942 197 37 43 0.845
867 243 40 47 0.844
158 232 49 56 0.839
579 561 51 87 0.838
111 85 20 24 0.837
313 125 27 34 0.835
0 168 29 48 0.833
700 246 36 53 0.826
44 240 59 68 0.818
185 88 20 26 0.816
983 149 27 29 0.814
319 225 39 45 0.805
383 295 43 52 0.799
769 34 14 17 0.795
161 51 16 18 0.794
837 172 36 41 0.790
775 195 31 35 0.787
694 78 17 20 0.784
212 69 17 24 0.766
689 49 16 20 0.763
78 83 18 24 0.761
861 117 25 32 0.760
825 143 24 31 0.759
46 42 19 23 0.758
156 113 27 32 0.757
623 268 38 50 0.756
126 50 16 20 0.739
327 1 9 14 0.737
350 62 15 20 0.732
186 440 37 49 0.726
743 15 10 13 0.713
106 54 16 19 0.694
511 80 13 18 0.692
241 6 10 11 0.682
543 95 15 21 0.659
780 148 19 27 0.636
0 54 10 18 0.636
350 38 13 15 0.615
517 170 23 30 0.608
636 106 16 22 0.601
473 169 22 35 0.591
11 83 17 22 0.578
295 3 9 11 0.565
370 158 19 28 0.560
455 56 13 20 0.554
692 3 9 11 0.524
459 3 9 12 0.517
251 72 14 19 0.517
819 5 10 12 0.515
987 216 29 36 0.505
391 133 19 25 0.482
705 2 8 10 0.468
148 80 12 17 0.397
907 321 33 63 0.396
358 5 10 14 0.390
436 181 23 34 0.374
672 4 8 11 0.368
787 3 9 10 0.349
530 133 12 20 0.331
356 1 10 12 0.324
947 117 20 34 0.306
715 15 8 10 0.291
687 29 8 11 0.289
686 184 29 32 0.281
430 233 21 38 0.251
285 3 9 10 0.239
689 132 14 20 0.225
263 90 14 24 0.222
709 6 10 13 0.205
744 52 12 14 0.187
349 38 14 52 0.185
703 173 23 30 0.185
469 121 19 24 0.184
256 81 15 23 0.184
600 247 30 44 0.184
293 64 11 15 0.179
3 85 17 21 0.160
207 2 9 10 0.155
585 142 24 28 0.145
578 139 21 25 0.139
254 39 15 19 0.128
249 38 14 19 0.126
265 6 9 11 0.121
260 129 20 25 0.119
864 95 15 18 0.118
848 91 15 20 0.107
41 122 24 33 0.106
12 62 13 16 0.105
853 92 19 19 0.101
864 99 21 23 0.096
242 38 12 14 0.095
530 95 18 56 0.091
469 126 21 35 0.090
523 138 19 73 0.087
70 124 19 25 0.082
398 137 17 23 0.082
548 200 29 39 0.081
847 51 13 17 0.078
35 126 21 30 0.076
744 41 40 19 0.076
1016 90 8 26 0.075
628 106 19 25 0.073
926 113 11 15 0.072
546 78 12 18 0.071
577 133 17 23 0.070
52 123 27 31 0.065
431 176 23 34 0.065
713 46 11 14 0.063
935 112 16 22 0.062
709 168 21 27 0.062
381 21 10 12 0.061
250 32 14 77 0.058
485 18 9 11 0.057
220 5 11 11 0.055
770 5 10 12 0.055
62 123 21 27 0.052
739 54 14 14 0.051
744 58 11 14 0.051
822 5 10 12 0.051
683 191 22 26 0.050
268 8 8 11 0.050
853 89 14 18 0.049
148 83 18 26 0.048
1001 225 19 29 0.048
931 113 16 16 0.047
641 78 14 19 0.047
255 127 17 26 0.047
706 114 13 18 0.044
746 45 13 16 0.042
258 9 13 65 0.042
952 122 22 33 0.041
841 94 13 17 0.037
251 130 15 22 0.036
727 138 14 24 0.035
725 130 15 22 0.034
212 5 22 10 0.034
707 45 17 19 0.033
716 158 19 25 0.033
688 138 16 22 0.032
784 1 12 16 0.030
468 70 13 17 0.028
510 405 25 53 0.028
717 134 18 63 0.027
178 235 39 42 0.027
919 122 17 22 0.027
242 34 10 13 0.027
915 315 27 51 0.026
458 52 12 15 0.026
369 169 16 22 0.026
475 123 18 25 0.025
546 72 13 18 0.025
270 134 21 27 0.025
361 6 10 14 0.025
335 41 12 16 0.024
332 62 14 19 0.024
938 119 24 31 0.024
498 17 8 9 0.023
484 17 16 15 0.023
215 16 9 12 0.023
464 173 22 29 0.023
262 7 27 9 0.023
646 8 9 12 0.023
297 64 12 17 0.022
941 111 16 23 0.022
1010 4 8 13 0.022
527 124 15 22 0.022
481 181 18 28 0.022
591 146 24 26 0.021
693 180 24 28 0.021
551 131 18 19 0.021
726 146 14 21 0.021
672 -17 19 65 0.021
1017 113 7 21 0.020
557 139 15 19 0.020
693 130 18 23 0.020
912 128 16 21 0.020
203 246 16 22 0.020
705 26 12 14 0.020
289 60 13 17 0.020
151 109 25 30 0.020
490 73 12 15 0.020
459 166 34 45 0.020
427 188 33 51 0.019
480 139 23 48 0.019
1016 86 8 20 0.019
327 65 14 18 0.019
95 251 39 52 0.019
688 -41 25 106 0.018
455 105 18 26 0.018
447 100 13 21 0.018
271 92 15 22 0.018
252 78 14 23 0.018
114 48 19 22 0.018
843 95 17 19 0.018
263 8 9 11 0.017
15 66 14 19 0.017
689 12 11 27 0.017
228 97 15 18 0.017
1012 440 12 52 0.016
372 151 17 23 0.016
871 55 10 13 0.016
619 168 15 25 0.016
419 4 12 15 0.016
728 124 14 19 0.016
205 0 13 15 0.016
556 132 19 22 0.015
496 211 16 24 0.015
640 12 12 12 0.015
396 278 44 58 0.015
768 9 11 17 0.015
882 163 18 23 0.015
619 100 20 24 0.014
850 42 14 19 0.014
788 178 22 45 0.014
78 125 19 25 0.014
277 29 13 19 0.014
79 65 15 23 0.014
847 57 12 16 0.014
968 -2 10 10 0.014
77 60 15 18 0.014
768 8 9 11 0.014
908 131 17 24 0.014
980 216 21 30 0.014
903 337 31 58 0.014
220 10 9 17 0.013
293 69 13 16 0.013
548 127 16 19 0.013
992 146 24 28 0.013
837 95 17 23 0.013
269 3 10 12 0.013
233 92 14 19 0.013
687 36 14 24 0.012
732 59 11 13 0.012
527 136 20 26 0.012
698 139 20 24 0.012
447 89 14 38 0.012
679 -6 14 21 0.012
377 24 14 18 0.012
1007 232 14 25 0.012
934 120 19 28 0.012
420 174 21 24 0.012
712 26 11 25 0.011
790 3 9 11 0.011
209 248 11 18 0.011
456 0 10 10 0.011
671 57 10 15 0.011
222 104 17 21 0.011
863 179 27 34 0.011
224 114 15 19 0.011
333 54 15 23 0.011
295 8 10 11 0.011
506 126 16 20 0.010
719 188 19 25 0.010
168 31 14 16 0.010
173 33 11 15 0.010
