2_Demonstration_Political_Rally_2_18
111
66 338 18 24 0.865
315 436 21 27 0.859
380 435 20 26 0.849
863 448 20 24 0.848
241 420 21 27 0.848
12 353 20 26 0.847
238 310 19 24 0.847
222 274 21 27 0.840
158 408 18 24 0.837
501 448 18 26 0.836
623 455 18 24 0.830
167 331 20 27 0.829
354 343 18 26 0.828
452 295 15 20 0.828
314 261 18 24 0.827
186 305 17 23 0.819
170 449 22 29 0.815
24 257 16 23 0.810
479 402 18 23 0.806
264 206 17 23 0.803
133 295 18 23 0.803
485 360 19 24 0.799
767 419 18 23 0.798
104 239 16 21 0.795
88 263 20 25 0.790
368 301 17 24 0.787
147 384 19 25 0.783
441 456 22 30 0.781
422 426 19 23 0.780
41 240 16 21 0.778
96 446 22 27 0.777
26 309 18 25 0.775
82 288 18 22 0.774
272 396 19 26 0.770
528 393 20 28 0.769
915 435 17 22 0.768
364 427 17 23 0.760
21 460 21 25 0.759
299 333 19 25 0.743
463 489 17 23 0.738
0 209 12 20 0.737
171 258 17 24 0.736
155 301 16 22 0.733
299 317 18 24 0.729
42 447 19 26 0.725
331 202 16 20 0.718
544 433 18 21 0.715
227 250 17 22 0.691
436 412 17 22 0.684
187 227 16 22 0.671
74 321 17 21 0.646
41 426 19 22 0.640
336 386 18 24 0.616
128 432 16 21 0.550
1 465 11 24 0.519
365 344 17 25 0.479
229 363 21 30 0.464
395 382 17 22 0.417
427 362 17 24 0.374
232 378 20 27 0.238
279 264 17 22 0.224
38 439 19 42 0.219
535 403 18 59 0.212
54 259 15 18 0.171
80 274 15 69 0.162
188 217 16 22 0.158
21 437 16 20 0.146
1 258 9 22 0.146
441 315 14 16 0.128
372 346 13 20 0.124
303 240 15 22 0.110
297 437 19 27 0.096
426 417 30 67 0.079
36 336 15 19 0.073
411 274 13 19 0.072
165 316 19 68 0.071
300 433 21 26 0.069
590 559 22 40 0.068
164 224 15 18 0.056
246 339 20 25 0.052
0 508 7 23 0.049
121 248 15 19 0.044
182 275 18 23 0.039
398 389 15 20 0.037
341 273 14 19 0.036
383 392 19 23 0.034
73 280 24 23 0.034
28 295 16 21 0.032
2 205 14 21 0.032
335 394 18 21 0.027
149 322 21 25 0.021
371 375 17 24 0.020
236 351 21 26 0.019
31 339 18 23 0.019
367 272 17 22 0.019
166 219 15 65 0.019
248 331 20 25 0.018
160 299 16 22 0.018
400 472 18 21 0.018
988 587 35 67 0.017
40 331 15 19 0.016
0 270 8 21 0.016
158 382 18 23 0.014
419 364 15 22 0.012
442 365 17 20 0.012
171 381 13 19 0.012
896 557 14 18 0.012
187 283 17 23 0.012
437 316 15 19 0.011
220 264 22 30 0.011
695 434 13 25 0.010
