2_Demonstration_Political_Rally_2_107
134
170 591 57 74 0.864
236 561 45 53 0.747
514 545 62 87 0.745
228 490 29 35 0.732
732 557 38 48 0.709
129 509 29 41 0.643
924 540 18 23 0.597
861 506 21 30 0.456
279 495 20 31 0.337
652 507 72 81 0.311
767 533 16 20 0.289
959 588 30 44 0.250
973 542 18 22 0.234
262 490 18 27 0.194
918 510 15 17 0.191
792 498 11 13 0.187
817 521 13 16 0.186
763 506 11 14 0.179
267 496 20 28 0.165
894 540 23 30 0.156
771 618 44 59 0.152
260 491 35 32 0.144
149 523 32 43 0.144
709 522 26 34 0.137
892 514 16 21 0.135
893 502 14 18 0.112
287 497 19 29 0.103
146 584 29 45 0.100
839 495 11 16 0.083
890 504 16 23 0.080
834 525 18 21 0.072
728 493 8 12 0.071
792 485 11 15 0.070
840 502 14 20 0.069
205 487 18 22 0.067
746 623 65 63 0.065
894 495 13 16 0.062
0 472 70 89 0.059
424 638 68 36 0.057
628 512 75 78 0.055
840 475 9 11 0.054
156 569 52 70 0.051
881 615 42 58 0.051
718 524 19 26 0.049
892 530 21 25 0.048
817 515 12 17 0.047
391 510 18 22 0.046
164 518 28 38 0.045
739 606 53 71 0.044
817 488 10 12 0.044
760 486 14 49 0.041
227 557 42 46 0.041
270 505 17 23 0.040
978 587 28 47 0.038
158 529 33 40 0.038
811 484 12 13 0.038
840 467 10 37 0.037
915 635 49 44 0.036
892 493 16 43 0.034
894 486 19 100 0.032
924 510 13 16 0.030
178 498 21 23 0.030
798 559 24 30 0.029
943 588 38 51 0.027
980 574 17 23 0.025
741 498 10 12 0.025
901 494 11 13 0.025
716 468 9 12 0.025
902 512 20 22 0.023
979 570 21 37 0.023
759 498 13 20 0.023
924 516 16 19 0.023
165 507 23 30 0.022
742 487 15 27 0.022
792 479 10 13 0.022
726 494 19 12 0.022
964 594 21 30 0.022
937 490 12 15 0.021
435 616 60 57 0.020
737 495 17 13 0.020
260 486 17 19 0.019
221 546 30 37 0.019
730 496 11 15 0.019
828 527 20 23 0.019
173 493 43 26 0.018
814 524 16 21 0.018
225 624 40 59 0.018
812 486 20 12 0.017
149 592 35 50 0.017
786 501 13 15 0.017
771 483 12 15 0.017
699 510 32 47 0.017
867 484 12 14 0.017
889 540 20 25 0.016
903 621 52 54 0.016
963 538 19 21 0.016
219 555 35 42 0.016
368 596 43 63 0.016
170 525 19 26 0.016
911 512 22 19 0.016
974 535 16 20 0.015
416 507 14 14 0.015
376 609 64 61 0.015
836 483 13 21 0.015
811 479 10 12 0.015
188 490 28 23 0.015
641 631 124 66 0.015
764 508 13 23 0.014
185 496 18 23 0.014
388 512 35 28 0.014
901 537 20 25 0.013
870 480 12 16 0.013
723 482 10 18 0.013
840 526 18 23 0.013
760 509 12 17 0.013
886 480 15 16 0.013
874 477 10 13 0.012
743 491 12 14 0.012
769 537 20 24 0.012
697 610 77 66 0.012
974 576 20 33 0.012
716 470 11 16 0.012
860 498 15 22 0.012
144 536 35 45 0.011
166 520 20 26 0.011
842 471 10 14 0.011
137 524 33 46 0.011
974 548 18 24 0.011
804 483 16 26 0.011
831 452 19 80 0.010
731 530 18 24 0.010
766 572 31 45 0.010
839 478 12 20 0.010
756 644 49 43 0.010
