2_Demonstration_Demonstration_Or_Protest_2_1
80
408 247 41 49 0.872
356 254 42 53 0.870
204 246 44 47 0.859
607 248 41 59 0.846
224 1 33 40 0.842
481 31 33 44 0.841
347 10 38 43 0.837
896 113 39 45 0.835
481 285 39 52 0.834
208 128 42 52 0.817
566 235 38 46 0.811
848 89 35 43 0.810
1003 113 21 47 0.808
960 271 43 56 0.808
300 263 37 43 0.798
321 475 43 50 0.798
532 265 31 46 0.788
111 301 41 43 0.787
815 528 43 54 0.786
173 164 37 50 0.786
306 514 46 69 0.780
960 170 39 42 0.772
610 526 49 61 0.763
925 268 38 50 0.755
515 473 42 45 0.742
146 238 34 47 0.740
895 251 34 46 0.719
226 549 17 22 0.711
119 487 35 57 0.668
743 574 42 57 0.665
752 283 25 35 0.659
803 223 35 60 0.639
192 603 35 67 0.611
314 406 22 27 0.589
485 248 35 37 0.588
126 484 48 66 0.517
146 487 40 62 0.492
544 154 15 19 0.473
902 256 38 49 0.419
48 246 29 41 0.397
29 273 41 72 0.363
786 266 32 46 0.341
247 268 22 32 0.339
342 237 29 38 0.234
490 275 65 50 0.223
494 242 38 39 0.179
40 248 37 61 0.169
484 249 63 41 0.152
212 553 13 18 0.118
756 276 41 48 0.113
103 618 34 63 0.108
309 253 46 45 0.093
699 246 31 39 0.089
1001 595 23 59 0.084
263 324 19 23 0.073
983 571 40 66 0.067
55 243 27 36 0.057
201 500 25 30 0.056
203 549 19 25 0.053
990 554 34 61 0.044
339 241 22 27 0.030
215 551 17 20 0.029
580 520 30 38 0.029
510 240 24 35 0.028
379 631 53 51 0.026
1010 605 15 51 0.025
424 643 66 32 0.021
500 248 24 28 0.021
345 244 43 55 0.020
783 272 21 30 0.020
481 253 20 27 0.014
318 242 30 40 0.014
926 680 64 17 0.014
132 292 34 40 0.013
203 463 26 37 0.013
794 287 26 34 0.012
683 543 34 56 0.011
350 232 23 27 0.011
581 521 51 52 0.010
991 595 30 44 0.010
