2_Demonstration_Political_Rally_2_791
281
648 273 71 88 0.888
592 35 71 91 0.886
544 294 71 96 0.884
394 350 65 79 0.881
204 410 77 91 0.866
778 367 65 84 0.857
402 130 61 92 0.851
490 541 37 32 0.780
22 543 34 43 0.762
954 512 29 30 0.759
331 542 39 36 0.754
398 528 31 34 0.739
992 522 28 30 0.737
922 496 23 27 0.723
588 482 19 27 0.721
320 471 30 33 0.715
824 543 36 41 0.702
43 470 23 28 0.692
858 523 27 32 0.687
57 441 20 25 0.663
854 494 22 28 0.640
735 542 37 34 0.619
959 429 25 29 0.610
654 493 26 30 0.595
943 553 29 28 0.595
1006 493 18 35 0.586
129 525 22 27 0.580
77 395 22 28 0.577
312 434 25 30 0.569
16 510 20 29 0.564
1003 411 19 25 0.524
665 532 41 41 0.505
37 396 16 20 0.484
313 388 37 40 0.446
623 502 22 28 0.437
454 488 15 18 0.429
91 485 26 31 0.424
26 451 18 22 0.416
478 532 32 32 0.416
1012 466 12 32 0.411
44 518 29 31 0.407
153 555 42 35 0.395
327 394 33 36 0.383
104 453 16 22 0.372
675 521 32 38 0.368
342 510 28 32 0.336
474 526 24 27 0.333
947 468 14 25 0.322
85 481 23 33 0.316
38 429 18 21 0.304
373 536 45 33 0.304
613 472 17 22 0.293
139 449 18 23 0.278
346 507 20 25 0.270
337 457 20 24 0.268
375 549 24 27 0.229
83 517 26 30 0.227
611 469 15 19 0.204
669 430 12 18 0.191
62 532 23 27 0.188
1000 401 20 25 0.187
312 473 27 31 0.176
464 320 14 19 0.174
689 484 14 17 0.161
681 450 13 17 0.160
431 484 14 17 0.144
25 478 18 23 0.142
66 367 22 23 0.136
37 390 17 47 0.134
108 522 53 30 0.128
75 458 22 23 0.124
28 365 14 19 0.123
996 348 18 24 0.122
60 564 35 24 0.122
331 403 22 26 0.117
643 461 29 41 0.114
60 537 31 36 0.113
281 294 23 31 0.109
907 538 31 30 0.104
104 396 16 23 0.102
653 426 16 19 0.102
374 543 20 26 0.102
977 389 21 23 0.101
497 441 11 15 0.100
437 510 13 18 0.099
321 116 19 27 0.098
301 210 37 44 0.097
102 487 20 26 0.094
380 489 42 32 0.094
316 203 41 60 0.091
1018 370 6 22 0.089
17 486 22 61 0.086
465 340 12 15 0.086
434 462 9 11 0.085
612 465 11 14 0.082
199 562 13 14 0.080
75 435 18 21 0.079
935 353 16 22 0.076
668 549 39 29 0.075
314 152 17 22 0.075
70 362 26 43 0.074
0 498 17 22 0.073
974 361 17 20 0.071
72 361 20 24 0.070
623 447 9 11 0.069
105 460 16 22 0.068
100 439 18 98 0.068
884 515 23 27 0.066
943 328 16 21 0.064
1013 339 12 22 0.064
992 395 19 24 0.063
339 442 18 24 0.063
425 478 15 16 0.063
660 505 38 49 0.063
425 473 12 12 0.062
478 463 11 12 0.060
61 524 35 31 0.060
321 375 42 41 0.059
959 337 16 21 0.057
318 121 19 31 0.056
907 289 16 24 0.054
313 403 23 25 0.054
257 558 8 9 0.054
480 460 11 14 0.053
83 477 20 25 0.053
307 477 20 24 0.053
431 465 13 13 0.053
984 576 34 23 0.053
706 410 9 10 0.052
1011 454 12 25 0.052
31 360 17 51 0.051
380 270 11 13 0.050
714 440 14 17 0.050
395 463 12 13 0.050
35 422 20 23 0.049
652 429 12 14 0.049
392 466 11 13 0.049
1005 343 15 26 0.049
637 473 20 24 0.048
970 387 20 25 0.045
387 250 7 10 0.044
639 467 23 26 0.043
427 487 19 20 0.043
300 200 34 40 0.041
666 398 8 8 0.041
92 523 22 26 0.040
53 369 18 22 0.040
1002 505 24 28 0.039
142 452 23 30 0.037
226 561 9 11 0.037
288 155 22 26 0.037
116 515 20 26 0.036
833 535 36 42 0.036
700 473 16 25 0.036
65 458 20 26 0.036
634 482 22 27 0.035
624 447 10 14 0.034
631 495 49 35 0.033
308 407 20 28 0.032
1005 439 17 22 0.031
972 395 22 23 0.031
37 464 23 30 0.031
86 352 17 22 0.030
665 425 15 18 0.030
60 548 23 29 0.030
323 455 37 48 0.029
939 319 20 59 0.029
521 545 20 25 0.029
383 450 10 12 0.028
706 468 14 21 0.028
67 559 22 26 0.028
325 120 20 37 0.028
308 422 21 29 0.028
652 464 20 24 0.027
293 151 37 27 0.027
736 503 22 34 0.027
643 477 36 47 0.027
951 255 21 29 0.027
300 153 22 23 0.027
440 504 18 22 0.027
704 407 11 21 0.026
346 461 16 22 0.026
707 521 48 41 0.025
303 214 22 27 0.025
906 483 18 22 0.025
344 398 20 25 0.025
104 412 16 24 0.025
171 554 24 26 0.025
1016 330 10 23 0.024
227 544 11 10 0.024
109 520 20 26 0.023
62 493 20 23 0.023
685 520 21 30 0.023
380 493 26 31 0.023
963 399 17 21 0.023
673 450 16 21 0.022
612 424 8 9 0.022
396 487 30 30 0.022
439 510 18 26 0.022
345 368 24 34 0.022
424 464 14 16 0.022
656 408 11 13 0.022
718 529 45 43 0.022
955 427 19 26 0.021
380 453 12 16 0.021
107 483 19 25 0.021
24 6 90 198 0.021
1000 343 24 31 0.021
394 461 14 22 0.020
650 409 20 104 0.020
352 435 15 20 0.020
391 471 46 64 0.019
472 411 12 14 0.018
650 440 30 109 0.018
8 327 19 29 0.018
700 485 15 19 0.018
81 480 36 46 0.017
337 398 29 53 0.017
1 508 18 23 0.017
83 429 18 23 0.017
433 460 10 26 0.017
476 449 12 37 0.017
820 527 40 46 0.017
319 187 33 51 0.017
331 370 20 23 0.017
731 511 21 26 0.017
367 253 7 11 0.016
657 538 37 40 0.016
647 457 21 26 0.015
365 254 9 15 0.015
705 445 13 18 0.015
968 502 29 32 0.015
745 477 10 16 0.014
8 489 22 25 0.014
297 560 52 19 0.014
681 488 20 23 0.014
683 447 14 17 0.014
945 530 36 42 0.014
340 370 22 23 0.014
691 519 35 41 0.014
25 318 15 18 0.013
742 490 13 23 0.013
496 438 17 22 0.013
383 369 52 61 0.013
318 551 28 24 0.013
278 553 10 9 0.013
913 499 20 24 0.013
591 471 15 20 0.013
952 244 23 27 0.013
501 547 35 26 0.012
310 443 21 28 0.012
964 388 19 25 0.012
706 406 13 17 0.012
317 119 15 20 0.012
28 415 18 23 0.012
272 553 12 9 0.012
994 341 15 20 0.012
379 443 14 19 0.012
477 461 24 22 0.012
227 560 13 12 0.012
105 421 17 23 0.012
693 523 21 29 0.012
452 436 9 12 0.012
950 266 18 21 0.012
155 545 37 34 0.011
976 378 20 27 0.011
705 438 13 16 0.011
939 339 18 25 0.011
623 436 11 14 0.011
839 491 27 36 0.011
972 306 18 23 0.011
431 502 15 23 0.011
689 480 18 27 0.011
660 426 23 24 0.011
703 522 31 38 0.011
109 449 16 21 0.011
732 506 19 22 0.011
452 497 16 22 0.011
346 500 18 22 0.010
418 437 25 99 0.010
1017 376 7 38 0.010
