2_Demonstration_Demonstrators_2_314
95
413 258 26 31 0.749
262 270 24 30 0.745
114 262 25 29 0.709
204 269 30 34 0.695
606 345 40 74 0.666
384 278 19 34 0.657
91 477 36 69 0.573
655 278 26 38 0.555
571 309 32 34 0.540
243 389 35 50 0.512
874 402 30 49 0.511
69 230 22 31 0.505
535 250 23 30 0.504
523 307 21 41 0.488
20 387 27 52 0.482
762 295 31 42 0.479
0 315 20 47 0.478
481 302 25 42 0.465
54 292 27 29 0.438
748 347 31 44 0.361
70 327 29 43 0.264
543 253 18 28 0.251
16 478 23 43 0.231
338 296 20 25 0.228
529 252 21 25 0.214
314 335 22 36 0.198
130 304 33 35 0.188
176 405 24 39 0.157
1 255 17 32 0.121
862 400 27 47 0.116
194 329 26 35 0.111
763 295 22 28 0.099
612 260 18 26 0.079
2 269 16 26 0.075
-1 331 16 28 0.072
256 406 34 41 0.067
488 309 19 30 0.058
652 289 21 28 0.052
70 298 21 27 0.052
217 694 39 57 0.049
186 286 25 27 0.048
1 273 16 44 0.047
215 272 21 28 0.045
477 312 22 27 0.044
697 260 24 34 0.043
145 263 20 23 0.043
66 225 20 26 0.041
80 493 40 56 0.037
203 714 42 52 0.036
0 341 11 25 0.035
602 309 45 60 0.034
1 278 15 24 0.033
3 319 22 28 0.032
710 291 22 32 0.032
136 262 21 25 0.030
287 473 45 38 0.030
602 311 32 40 0.030
11 453 33 59 0.030
693 788 70 17 0.029
754 333 41 48 0.027
650 279 22 28 0.027
5 264 22 29 0.025
51 305 18 24 0.023
59 302 20 24 0.023
264 419 28 40 0.023
237 381 33 49 0.021
587 262 24 26 0.019
622 270 16 24 0.019
74 305 20 25 0.018
641 277 21 25 0.018
319 291 35 38 0.018
752 350 42 51 0.016
72 341 28 42 0.015
565 45 12 15 0.015
84 305 19 25 0.015
660 272 29 40 0.014
747 359 22 30 0.013
450 598 32 59 0.013
65 293 22 27 0.013
607 340 31 54 0.013
717 789 68 16 0.013
0 302 17 26 0.013
0 249 12 18 0.012
529 314 24 41 0.012
317 332 22 26 0.012
388 292 15 24 0.012
551 259 16 23 0.012
390 279 21 31 0.012
856 404 20 29 0.011
69 279 21 32 0.011
440 519 49 79 0.011
67 221 16 20 0.011
762 304 42 51 0.011
100 469 31 60 0.010
185 293 17 23 0.010
