2_Demonstration_Demonstration_Or_Protest_2_120
375
6 492 80 74 0.884
821 510 28 39 0.855
994 477 30 40 0.851
715 427 22 28 0.850
470 256 18 22 0.849
964 580 52 52 0.843
660 442 29 31 0.834
483 293 22 26 0.831
958 396 17 20 0.830
723 394 16 20 0.826
932 471 30 37 0.814
934 425 24 25 0.805
837 385 14 17 0.805
890 391 22 26 0.803
817 392 18 21 0.784
917 390 17 21 0.775
862 418 22 24 0.773
918 340 14 16 0.771
959 347 17 18 0.768
979 367 18 20 0.768
901 506 40 47 0.768
981 419 26 24 0.768
881 354 14 17 0.763
774 360 13 16 0.762
561 328 10 12 0.761
867 388 17 20 0.761
120 295 13 16 0.748
988 340 14 16 0.745
777 336 13 16 0.737
360 282 15 18 0.720
747 376 16 19 0.720
798 377 15 18 0.718
395 260 14 19 0.717
29 286 14 16 0.711
1002 370 13 16 0.709
334 359 19 22 0.703
724 558 34 38 0.700
834 473 23 28 0.662
289 298 15 17 0.654
274 287 14 15 0.648
758 324 11 16 0.642
910 374 17 17 0.636
748 361 15 16 0.627
0 301 10 14 0.603
767 404 18 21 0.602
502 266 21 24 0.597
807 322 11 13 0.597
899 339 11 15 0.597
854 348 13 15 0.591
723 336 12 16 0.584
814 362 13 16 0.508
870 311 7 8 0.499
765 356 13 16 0.482
788 339 10 12 0.464
931 328 11 13 0.462
621 525 22 33 0.439
562 310 9 10 0.436
581 306 9 12 0.427
691 360 13 17 0.413
762 354 12 15 0.393
176 300 14 15 0.372
737 324 11 12 0.365
793 304 8 12 0.357
580 333 12 13 0.357
202 411 24 37 0.354
710 320 10 12 0.322
321 285 11 14 0.304
883 301 6 6 0.295
940 338 11 14 0.295
838 303 8 11 0.284
711 371 15 18 0.284
64 287 10 12 0.278
780 312 10 13 0.271
244 277 9 11 0.261
856 301 7 9 0.261
524 271 13 17 0.256
230 272 10 11 0.243
713 302 8 10 0.236
582 362 21 26 0.230
319 288 11 14 0.230
205 284 14 15 0.219
712 359 16 20 0.213
300 275 8 11 0.208
716 349 13 17 0.208
526 280 12 15 0.205
259 278 10 10 0.202
937 333 12 16 0.199
760 295 7 10 0.195
596 352 14 19 0.195
149 296 9 12 0.194
791 341 10 13 0.190
1016 348 8 14 0.188
13 287 12 14 0.183
78 286 10 10 0.183
214 273 13 14 0.181
255 264 8 11 0.180
321 268 8 9 0.178
586 350 14 16 0.175
855 330 9 13 0.172
818 365 14 17 0.168
848 314 9 17 0.166
813 296 7 8 0.164
810 347 12 14 0.159
724 399 41 18 0.159
1018 332 7 11 0.155
236 405 31 35 0.152
813 385 19 22 0.152
920 474 38 46 0.151
159 274 7 8 0.148
838 319 11 20 0.148
255 275 13 12 0.146
823 310 12 14 0.146
840 365 12 16 0.145
256 269 10 14 0.144
581 301 14 22 0.142
819 308 10 12 0.140
440 251 10 12 0.139
593 301 8 11 0.139
724 320 11 42 0.139
861 338 11 14 0.135
217 270 13 13 0.132
810 345 13 26 0.132
792 300 9 27 0.130
979 339 14 17 0.126
274 263 8 10 0.125
941 292 7 8 0.125
714 322 14 23 0.125
325 279 11 12 0.122
257 410 29 35 0.121
115 279 8 11 0.119
136 313 14 17 0.119
322 270 10 13 0.119
252 262 10 13 0.119
210 280 13 15 0.117
923 370 14 16 0.116
843 338 10 13 0.115
322 266 10 47 0.110
866 307 12 17 0.110
882 328 20 65 0.107
162 273 7 8 0.104
590 305 12 20 0.104
845 331 10 25 0.103
841 323 9 13 0.102
138 309 14 16 0.102
142 290 13 17 0.100
180 298 14 16 0.100
863 390 20 62 0.099
589 290 9 19 0.099
741 295 9 26 0.096
204 289 12 14 0.092
1011 293 7 9 0.091
837 300 9 10 0.089
783 296 10 10 0.088
749 340 13 71 0.087
894 321 11 21 0.087
853 410 26 25 0.082
720 304 11 63 0.082
8 291 13 13 0.080
344 293 13 16 0.080
777 325 13 30 0.079
318 264 11 17 0.078
844 317 11 25 0.078
586 352 21 18 0.077
773 344 14 44 0.076
40 276 15 17 0.075
744 307 10 26 0.074
400 258 17 22 0.073
594 312 8 12 0.073
525 242 13 80 0.071
130 288 16 18 0.071
833 362 17 16 0.071
324 270 9 29 0.067
737 316 8 25 0.067
198 269 12 22 0.066
951 293 9 9 0.065
541 292 9 11 0.063
790 296 10 10 0.062
265 275 12 25 0.062
347 285 13 19 0.062
548 284 14 19 0.060
758 271 9 106 0.060
173 297 10 13 0.059
549 288 14 10 0.059
742 328 10 12 0.058
980 348 17 46 0.057
205 271 19 26 0.057
733 294 16 28 0.057
566 284 8 20 0.056
12 274 9 19 0.055
836 298 18 21 0.055
110 272 13 21 0.055
856 290 10 105 0.054
80 276 7 24 0.053
171 301 13 16 0.053
710 305 12 30 0.053
200 282 13 17 0.052
890 308 9 22 0.052
462 240 17 20 0.051
212 272 26 14 0.051
6 294 13 18 0.050
759 292 8 30 0.050
898 468 22 28 0.050
558 299 10 20 0.049
891 312 12 24 0.049
232 277 13 13 0.048
587 295 14 10 0.047
223 270 37 18 0.046
267 409 24 32 0.046
801 570 39 53 0.046
814 289 7 29 0.045
128 270 9 10 0.044
443 289 13 17 0.043
565 280 12 28 0.043
771 298 23 16 0.043
711 299 19 15 0.043
148 268 10 22 0.041
782 297 13 31 0.041
756 301 11 43 0.041
713 292 14 28 0.040
554 350 11 15 0.040
283 254 22 92 0.039
79 268 9 10 0.039
694 292 7 23 0.039
874 354 15 16 0.039
164 269 9 13 0.039
722 301 12 100 0.039
465 236 15 19 0.039
126 268 12 20 0.038
808 529 36 51 0.037
962 446 20 27 0.037
934 325 10 12 0.037
812 342 11 14 0.036
152 274 20 7 0.036
690 300 8 13 0.036
284 261 8 8 0.035
46 273 13 21 0.035
339 301 12 16 0.035
25 267 9 11 0.034
698 312 10 17 0.034
1014 393 11 17 0.034
693 274 8 8 0.033
582 293 16 92 0.033
504 275 19 22 0.033
830 352 16 19 0.032
616 312 7 8 0.032
718 283 12 30 0.032
940 289 16 15 0.032
842 311 15 39 0.031
194 273 15 14 0.031
306 303 11 13 0.030
228 299 12 16 0.030
92 306 11 13 0.030
583 331 18 31 0.030
9 275 10 11 0.030
104 285 13 21 0.029
92 300 14 16 0.029
229 294 13 17 0.029
94 268 9 16 0.028
831 302 12 31 0.028
880 388 30 24 0.028
197 347 15 22 0.027
64 261 8 9 0.027
417 262 13 19 0.027
528 286 33 13 0.027
696 281 7 30 0.027
585 294 15 30 0.027
978 337 10 13 0.026
1018 323 5 44 0.026
126 317 16 17 0.026
408 246 13 23 0.026
682 280 7 16 0.026
198 270 10 12 0.026
835 301 30 15 0.025
143 270 10 12 0.025
341 271 12 23 0.025
667 307 9 10 0.025
728 370 15 17 0.025
798 319 14 112 0.025
306 371 15 23 0.025
102 294 14 15 0.025
230 273 16 14 0.025
898 326 20 13 0.025
64 264 29 55 0.024
739 282 11 31 0.024
927 322 10 14 0.024
80 291 12 13 0.022
337 306 13 18 0.022
741 277 10 25 0.022
927 367 13 17 0.022
5 288 19 20 0.021
851 352 13 19 0.021
742 287 7 9 0.020
536 278 21 28 0.020
659 403 14 18 0.020
44 259 8 10 0.020
561 307 11 16 0.020
285 267 15 26 0.020
260 356 15 20 0.020
6 268 12 23 0.020
539 262 11 22 0.020
709 262 9 109 0.020
321 259 16 31 0.020
742 276 6 44 0.019
295 264 13 20 0.019
539 268 10 12 0.019
761 292 19 29 0.018
368 349 11 15 0.018
674 329 10 11 0.018
575 257 16 100 0.018
885 341 16 16 0.017
978 305 19 110 0.017
615 311 11 14 0.017
207 403 40 45 0.017
713 295 10 50 0.017
177 285 43 29 0.017
201 244 31 79 0.017
343 262 8 19 0.016
830 294 17 45 0.016
682 277 9 15 0.016
988 335 13 15 0.016
602 277 12 26 0.016
901 321 16 24 0.016
773 314 12 135 0.016
617 193 16 23 0.016
261 348 15 23 0.016
868 265 12 99 0.016
179 270 11 24 0.015
34 288 15 15 0.015
896 306 10 17 0.015
310 350 15 19 0.015
307 296 15 16 0.015
992 342 14 16 0.014
303 299 16 16 0.014
605 279 8 13 0.014
201 265 20 18 0.014
894 461 20 27 0.014
1009 398 11 20 0.014
275 255 19 28 0.013
410 263 18 19 0.013
130 295 26 16 0.013
1017 433 8 18 0.013
716 263 15 79 0.013
411 245 10 14 0.013
696 322 10 22 0.013
310 353 11 20 0.013
1001 378 13 16 0.013
677 330 10 12 0.013
659 307 9 10 0.013
124 263 16 31 0.013
40 255 13 25 0.012
8 270 20 19 0.012
798 359 14 18 0.012
61 257 15 23 0.012
575 262 10 24 0.012
677 307 12 14 0.012
908 314 13 19 0.012
708 269 10 16 0.012
593 365 19 27 0.012
907 392 22 25 0.011
539 266 19 26 0.011
824 473 22 24 0.011
565 259 7 118 0.011
412 246 15 21 0.011
843 473 18 25 0.011
350 336 13 17 0.011
552 289 19 37 0.011
10 119 9 10 0.010
572 280 22 30 0.010
673 359 24 26 0.010
734 244 8 10 0.010
683 353 16 25 0.010
662 307 21 9 0.010
575 267 7 15 0.010
344 262 8 39 0.010
288 260 23 28 0.010
