2_Demonstration_Demonstration_Or_Protest_2_895
326
674 334 31 39 0.849
489 355 49 60 0.843
23 285 19 25 0.806
68 284 15 20 0.786
276 307 22 30 0.762
633 340 26 34 0.738
137 272 15 19 0.690
374 319 21 30 0.681
609 282 13 15 0.675
966 307 15 18 0.644
205 366 24 45 0.634
804 306 20 25 0.617
199 274 13 15 0.613
416 280 13 16 0.613
425 312 16 29 0.600
256 267 9 12 0.584
116 286 15 18 0.573
298 294 15 20 0.569
522 293 13 16 0.563
300 310 16 23 0.560
341 278 13 17 0.558
993 325 20 23 0.553
531 277 11 13 0.535
0 283 9 18 0.501
815 369 37 45 0.498
677 275 12 13 0.497
925 308 14 16 0.457
215 282 13 16 0.447
368 268 9 11 0.444
135 314 23 26 0.444
386 275 12 13 0.423
746 299 18 23 0.412
463 304 21 29 0.387
867 328 17 23 0.369
976 272 9 11 0.365
57 270 12 15 0.361
411 280 14 16 0.353
208 303 15 18 0.339
472 260 9 11 0.329
47 296 16 19 0.327
710 283 9 11 0.322
729 277 9 12 0.312
464 299 18 24 0.299
451 304 15 21 0.293
28 403 40 57 0.292
1015 298 9 18 0.280
834 295 14 17 0.275
523 244 7 9 0.270
274 288 14 17 0.268
779 263 8 9 0.258
923 286 12 15 0.258
455 288 11 17 0.254
298 300 17 25 0.249
550 251 8 9 0.246
801 335 27 34 0.243
887 270 10 14 0.231
548 304 17 20 0.230
667 297 13 18 0.228
701 316 18 27 0.216
618 264 10 13 0.210
121 261 9 12 0.207
572 265 11 14 0.201
152 280 13 18 0.197
303 336 18 22 0.194
509 268 9 10 0.191
195 256 8 10 0.183
374 269 13 14 0.182
828 256 9 11 0.179
666 260 10 12 0.175
3 256 7 12 0.168
468 294 15 21 0.165
524 278 13 35 0.165
813 307 20 25 0.164
801 279 9 10 0.163
621 265 10 13 0.161
303 276 12 15 0.158
466 309 24 32 0.157
330 288 16 18 0.157
674 278 13 23 0.156
828 349 33 40 0.155
793 255 8 10 0.151
811 258 10 11 0.151
564 282 13 14 0.148
299 276 16 58 0.147
834 342 27 31 0.146
611 263 10 13 0.146
64 311 16 22 0.145
943 270 8 10 0.141
224 313 17 23 0.135
218 310 20 22 0.134
492 260 9 12 0.132
823 377 40 52 0.131
209 293 15 18 0.124
385 269 12 26 0.124
679 258 12 45 0.123
301 323 17 29 0.121
464 317 19 25 0.119
571 268 13 21 0.117
737 272 15 40 0.115
326 291 14 15 0.115
588 266 10 13 0.115
134 253 7 10 0.115
887 276 10 14 0.114
820 309 16 22 0.108
747 264 9 11 0.108
420 317 17 29 0.107
207 266 18 46 0.103
257 293 10 15 0.102
546 248 12 16 0.101
136 262 17 47 0.101
303 254 9 11 0.100
524 238 8 26 0.100
858 260 11 12 0.097
277 256 7 9 0.096
945 268 9 12 0.095
427 311 13 19 0.092
195 256 12 30 0.091
534 286 16 18 0.090
776 347 26 38 0.089
1015 304 10 18 0.089
629 336 23 30 0.089
627 293 13 16 0.088
49 302 17 23 0.088
920 289 12 15 0.087
561 277 11 14 0.086
708 259 10 12 0.084
876 268 12 13 0.078
534 249 11 66 0.077
821 254 18 14 0.077
253 261 10 12 0.077
611 255 8 11 0.076
610 264 21 14 0.075
569 281 15 17 0.073
911 262 10 12 0.073
853 260 10 12 0.072
295 315 18 25 0.069
557 264 9 12 0.067
724 264 11 13 0.067
196 256 9 17 0.067
991 259 8 10 0.066
862 255 9 12 0.065
412 252 9 11 0.065
939 268 11 12 0.063
534 275 12 14 0.063
614 334 22 31 0.063
929 276 12 15 0.060
302 277 14 24 0.060
570 352 21 32 0.058
854 287 11 13 0.057
191 265 9 12 0.055
915 265 10 13 0.054
602 334 27 33 0.052
708 271 10 72 0.052
664 256 13 29 0.051
248 258 9 10 0.051
857 250 11 27 0.051
710 257 14 12 0.048
294 270 11 17 0.048
918 275 12 15 0.048
666 303 16 20 0.048
66 264 16 40 0.048
456 279 11 15 0.047
943 321 16 19 0.047
364 268 11 14 0.047
613 261 12 14 0.046
796 251 8 27 0.046
680 273 14 15 0.045
302 250 15 69 0.045
887 281 11 14 0.044
567 270 15 26 0.044
152 265 13 16 0.043
269 292 19 23 0.043
316 284 11 14 0.042
793 303 19 21 0.041
196 254 7 8 0.041
834 299 18 19 0.040
293 268 9 11 0.040
541 290 14 18 0.039
851 256 11 13 0.039
367 325 17 26 0.038
869 334 19 24 0.038
550 274 23 61 0.037
809 294 38 43 0.037
216 261 15 85 0.037
697 326 21 26 0.036
113 283 12 15 0.035
266 260 9 12 0.035
924 239 11 94 0.033
833 385 38 53 0.033
925 278 13 16 0.033
320 291 17 22 0.033
689 251 10 10 0.032
765 277 10 13 0.032
305 252 9 11 0.032
875 267 11 22 0.032
405 285 14 15 0.031
862 334 21 26 0.030
889 232 11 92 0.030
761 300 12 18 0.029
569 235 14 85 0.029
536 249 9 9 0.028
484 347 40 54 0.028
702 242 16 43 0.028
135 309 18 23 0.027
687 249 14 22 0.027
371 245 9 11 0.027
476 282 14 16 0.027
237 255 9 11 0.026
173 279 12 15 0.026
818 255 16 23 0.026
552 304 21 25 0.026
688 257 14 22 0.025
298 251 15 20 0.025
600 245 8 10 0.025
231 314 15 19 0.025
519 295 17 20 0.025
559 258 12 13 0.024
51 257 12 14 0.023
492 306 18 23 0.023
165 280 17 15 0.023
193 283 13 16 0.023
251 259 9 12 0.022
541 306 19 22 0.021
783 348 23 29 0.021
789 302 13 16 0.021
628 268 13 21 0.021
818 251 11 11 0.021
482 309 22 23 0.021
740 270 11 15 0.021
622 332 19 25 0.021
809 339 22 28 0.021
701 310 17 21 0.020
717 251 9 11 0.020
154 255 10 19 0.020
630 297 15 20 0.020
806 233 19 56 0.019
637 273 14 18 0.019
200 300 15 19 0.018
600 243 7 8 0.018
971 373 41 61 0.018
157 266 14 15 0.018
728 264 8 10 0.018
42 304 15 19 0.018
471 250 11 40 0.018
851 299 17 24 0.018
687 303 18 23 0.018
812 250 11 12 0.018
762 299 21 26 0.017
903 314 17 18 0.017
612 252 9 9 0.017
661 298 15 21 0.017
241 254 16 16 0.017
371 250 10 25 0.017
854 227 16 86 0.017
652 254 25 21 0.017
480 282 15 15 0.017
901 260 10 11 0.017
158 281 17 25 0.017
846 282 13 15 0.016
125 292 17 22 0.016
315 310 18 21 0.016
468 325 20 25 0.016
941 293 11 13 0.016
411 264 12 24 0.016
327 297 21 30 0.016
379 256 9 13 0.015
678 251 21 16 0.015
682 249 11 12 0.015
744 268 11 13 0.015
67 267 13 15 0.014
423 260 13 22 0.014
816 316 21 27 0.014
206 308 17 21 0.014
873 283 14 16 0.014
945 260 11 13 0.014
780 250 10 11 0.014
449 190 9 10 0.014
129 246 19 31 0.014
635 263 15 21 0.014
918 325 26 24 0.014
988 315 20 23 0.014
941 260 9 11 0.014
506 268 10 11 0.013
795 289 13 25 0.013
251 298 12 18 0.013
898 313 17 17 0.013
155 252 7 8 0.013
318 286 20 15 0.013
1017 260 7 12 0.013
782 334 34 44 0.013
463 328 17 23 0.013
916 259 11 13 0.013
1013 292 11 19 0.013
176 283 16 21 0.013
812 259 25 16 0.012
428 264 10 13 0.012
577 355 40 34 0.012
193 302 30 22 0.012
367 257 10 13 0.012
587 244 28 46 0.012
576 351 19 25 0.012
744 330 27 42 0.012
689 296 15 18 0.012
527 304 17 23 0.012
862 306 14 19 0.012
844 307 18 21 0.012
993 261 10 13 0.012
220 280 12 15 0.012
854 305 19 24 0.012
712 245 25 46 0.011
416 316 16 27 0.011
456 251 10 12 0.011
337 274 11 14 0.011
1018 258 7 20 0.011
714 285 18 19 0.011
566 372 19 29 0.011
805 327 22 28 0.011
847 344 21 24 0.011
171 298 13 18 0.011
764 288 13 25 0.011
811 368 27 38 0.011
472 318 24 29 0.011
429 307 16 21 0.010
819 268 9 11 0.010
414 278 18 24 0.010
598 355 20 25 0.010
