2_Demonstration_Demonstration_Or_Protest_2_159
63
585 342 54 74 0.860
266 374 57 62 0.858
427 182 44 56 0.850
821 345 104 107 0.850
669 383 33 42 0.846
170 158 56 68 0.838
214 418 17 21 0.783
528 415 31 38 0.769
290 199 20 24 0.765
562 391 28 35 0.740
955 312 67 94 0.695
328 398 22 38 0.653
782 318 46 58 0.599
230 386 17 19 0.445
571 354 48 64 0.435
464 382 18 24 0.372
242 406 18 27 0.368
792 326 82 88 0.238
649 396 17 25 0.177
373 398 11 16 0.161
176 393 15 21 0.147
217 395 12 16 0.136
945 333 63 62 0.136
507 76 27 32 0.127
121 398 25 45 0.106
220 391 14 18 0.104
952 350 35 45 0.088
171 398 16 24 0.085
326 390 18 24 0.077
940 356 25 40 0.052
201 414 14 18 0.050
236 392 18 29 0.046
205 399 14 19 0.046
168 408 15 22 0.045
713 373 21 28 0.039
330 413 17 24 0.031
731 76 46 55 0.030
949 358 22 29 0.030
469 376 16 25 0.028
180 392 19 19 0.027
236 385 17 20 0.025
655 371 18 25 0.022
220 387 13 14 0.021
539 424 28 33 0.020
168 389 16 21 0.020
660 371 20 29 0.019
207 390 17 25 0.018
173 405 17 21 0.018
187 397 19 22 0.017
941 362 17 23 0.017
407 384 11 19 0.015
943 361 32 44 0.014
456 384 15 22 0.013
336 390 17 27 0.012
330 385 14 19 0.012
178 388 13 16 0.012
105 395 37 56 0.012
160 409 17 25 0.012
706 376 24 30 0.011
201 392 30 18 0.011
955 352 23 30 0.011
376 394 10 17 0.010
640 392 22 24 0.010
