2_Demonstration_Political_Rally_2_137
55
234 293 71 102 0.902
12 368 87 125 0.864
306 291 55 93 0.824
396 277 27 37 0.815
0 305 25 49 0.808
424 315 49 65 0.806
653 276 35 49 0.796
760 277 31 39 0.774
932 268 24 31 0.755
787 278 27 40 0.739
907 277 27 35 0.737
842 271 26 30 0.729
1007 282 13 18 0.638
485 322 31 55 0.630
716 281 13 17 0.611
202 279 37 49 0.594
564 320 28 45 0.574
374 324 35 54 0.359
606 285 37 46 0.354
354 310 50 70 0.227
463 277 34 34 0.223
833 274 22 26 0.219
374 279 22 27 0.204
477 277 25 36 0.131
1013 256 10 21 0.127
737 277 15 21 0.121
464 278 16 27 0.118
895 268 14 20 0.115
729 281 17 17 0.107
827 275 16 22 0.064
968 297 15 18 0.064
751 274 21 27 0.051
116 344 26 37 0.046
561 309 53 54 0.039
966 285 18 34 0.033
81 285 25 32 0.032
474 287 20 27 0.030
912 272 34 38 0.029
873 286 16 20 0.026
605 313 32 46 0.025
487 300 44 60 0.023
983 276 13 17 0.020
700 300 14 19 0.018
625 294 30 41 0.018
985 279 21 19 0.016
646 273 29 42 0.015
952 288 30 25 0.014
742 271 13 18 0.014
978 274 15 19 0.013
646 275 18 25 0.013
899 266 16 20 0.012
1010 291 13 18 0.012
479 325 24 49 0.012
610 289 24 29 0.011
486 284 20 27 0.010
