2_Demonstration_Political_Rally_2_741
89
574 483 44 55 0.842
738 474 17 24 0.723
123 499 32 51 0.618
671 433 11 15 0.515
642 441 10 12 0.355
960 454 12 14 0.306
648 442 12 12 0.247
750 447 10 13 0.195
824 455 10 12 0.161
833 454 11 12 0.154
732 450 10 15 0.151
556 433 12 14 0.130
558 432 17 18 0.115
203 473 29 42 0.110
732 442 13 42 0.105
532 438 13 15 0.093
653 442 11 12 0.093
564 438 12 16 0.086
825 453 15 12 0.086
566 429 14 16 0.084
768 473 13 19 0.080
809 455 9 11 0.080
703 447 14 18 0.077
754 449 10 12 0.076
635 439 17 17 0.075
931 453 11 12 0.073
783 437 11 13 0.069
706 442 15 25 0.063
620 442 10 15 0.063
838 455 9 12 0.060
910 462 9 11 0.056
741 450 13 15 0.056
773 467 15 23 0.044
749 445 9 11 0.040
767 464 23 31 0.039
728 449 17 18 0.038
634 440 11 13 0.038
947 449 13 15 0.037
762 471 16 20 0.035
679 429 14 16 0.034
901 462 11 11 0.034
898 463 10 11 0.032
924 445 13 21 0.032
603 426 13 17 0.028
838 473 12 15 0.027
701 446 12 17 0.027
776 472 16 22 0.026
778 461 15 19 0.025
711 449 18 19 0.025
535 441 12 16 0.024
824 425 17 70 0.024
761 448 12 15 0.023
710 444 23 21 0.021
528 442 12 15 0.021
906 462 16 10 0.020
613 434 18 15 0.019
838 480 12 16 0.018
895 457 13 22 0.018
618 447 13 17 0.018
685 429 12 14 0.018
641 447 11 14 0.017
839 476 13 17 0.017
891 462 12 14 0.017
780 477 16 25 0.017
799 456 16 14 0.017
625 449 13 15 0.016
924 425 19 72 0.016
105 512 39 44 0.015
895 462 20 11 0.015
842 472 11 14 0.015
571 427 11 14 0.015
826 479 12 16 0.015
958 460 14 16 0.015
916 453 26 14 0.014
823 451 18 21 0.014
921 443 11 12 0.014
896 451 32 31 0.014
730 440 11 15 0.013
625 440 25 11 0.013
668 441 14 18 0.013
769 451 16 25 0.012
599 408 27 59 0.012
717 432 14 24 0.012
637 475 12 17 0.012
933 473 12 16 0.012
1012 631 11 19 0.012
753 444 11 12 0.011
899 442 23 54 0.011
926 449 16 21 0.010
