2_Demonstration_Political_Rally_2_5
867
321 231 24 40 0.761
749 410 28 34 0.759
864 452 33 36 0.734
182 228 34 40 0.725
435 119 35 49 0.711
690 396 33 38 0.692
593 392 29 35 0.677
102 296 17 21 0.658
948 172 11 13 0.656
866 282 15 18 0.646
798 461 35 41 0.643
718 265 17 19 0.636
650 310 20 24 0.634
135 462 24 40 0.631
555 353 21 27 0.620
642 217 10 13 0.611
679 291 16 20 0.594
672 334 20 22 0.593
34 259 16 18 0.567
971 343 16 20 0.551
862 184 9 11 0.550
851 224 10 13 0.530
880 178 10 12 0.497
797 161 7 10 0.495
907 141 9 11 0.477
887 327 18 20 0.473
837 242 11 12 0.457
928 234 10 13 0.457
1000 117 9 12 0.449
628 350 24 30 0.445
514 364 19 23 0.418
579 152 8 10 0.412
476 369 18 23 0.412
824 379 26 34 0.411
598 173 10 13 0.405
756 162 10 12 0.405
947 377 19 23 0.399
723 384 19 26 0.395
929 246 11 14 0.380
746 248 13 14 0.376
496 228 11 13 0.368
958 38 8 10 0.364
833 167 9 13 0.357
61 221 10 13 0.355
1005 30 8 11 0.343
795 138 7 10 0.339
567 238 12 14 0.339
131 185 9 11 0.335
348 302 15 18 0.331
152 492 25 37 0.326
722 163 8 10 0.325
56 295 21 21 0.325
815 266 11 14 0.314
662 161 10 11 0.310
13 228 12 14 0.310
772 470 31 37 0.309
864 244 13 14 0.301
992 431 29 43 0.295
678 266 16 17 0.295
0 224 6 16 0.293
608 243 13 14 0.293
877 364 19 23 0.286
619 165 9 11 0.284
787 307 14 16 0.271
542 261 12 14 0.266
35 484 25 33 0.263
734 225 10 12 0.261
517 212 8 11 0.256
537 153 9 11 0.251
928 174 8 11 0.247
38 310 18 21 0.243
929 357 18 24 0.242
1016 45 7 10 0.241
536 281 12 14 0.238
901 238 11 13 0.233
791 240 10 14 0.225
783 385 26 32 0.224
830 376 20 25 0.222
861 162 9 10 0.214
775 172 9 11 0.214
1016 104 8 12 0.213
901 243 10 14 0.213
959 118 8 11 0.211
989 96 7 10 0.208
944 252 10 13 0.207
797 157 8 21 0.205
879 178 17 12 0.197
811 173 11 12 0.197
906 174 9 13 0.190
54 290 16 18 0.190
1011 4 6 7 0.188
553 219 11 14 0.187
747 384 20 24 0.186
503 264 11 15 0.182
799 175 9 12 0.179
829 170 14 13 0.174
163 178 10 13 0.170
365 345 21 27 0.166
90 190 10 11 0.165
911 224 9 12 0.165
626 315 19 22 0.165
492 218 11 14 0.159
912 409 18 23 0.159
648 246 12 15 0.158
612 205 10 12 0.158
741 158 13 12 0.157
886 121 9 10 0.155
906 160 9 13 0.155
882 233 10 11 0.155
539 264 12 26 0.155
0 303 7 21 0.153
837 145 8 11 0.152
907 322 11 15 0.152
725 383 36 26 0.151
1015 172 8 14 0.151
89 274 15 19 0.147
541 394 23 30 0.145
793 157 11 17 0.144
702 129 9 16 0.143
988 166 11 12 0.143
1 276 11 19 0.142
1013 175 9 12 0.141
59 207 10 12 0.141
554 211 10 15 0.141
858 107 9 11 0.140
823 60 6 9 0.139
671 246 12 15 0.139
612 296 16 18 0.138
535 231 10 12 0.138
809 143 9 11 0.136
617 324 21 23 0.135
836 233 11 31 0.135
935 118 8 10 0.134
875 96 8 9 0.132
518 147 10 12 0.132
850 346 17 21 0.132
907 137 8 19 0.132
1006 67 6 8 0.131
930 430 25 32 0.131
975 46 7 14 0.130
717 340 19 30 0.130
607 237 13 25 0.128
869 179 23 12 0.127
920 249 12 15 0.126
943 220 10 12 0.125
948 228 11 15 0.125
558 153 10 13 0.124
999 176 14 12 0.123
949 49 7 18 0.122
514 241 12 13 0.121
867 418 27 34 0.120
982 121 9 11 0.119
902 234 12 15 0.118
813 144 7 10 0.117
988 95 9 18 0.115
900 249 11 13 0.115
780 392 21 27 0.115
715 312 18 22 0.108
949 232 11 14 0.108
866 181 13 12 0.107
561 150 9 11 0.106
529 237 13 13 0.106
932 244 13 24 0.106
901 109 10 14 0.105
589 351 24 28 0.104
772 49 6 15 0.102
658 162 12 11 0.102
479 277 12 16 0.102
535 226 11 14 0.101
363 298 19 21 0.101
183 179 10 11 0.100
36 277 14 17 0.100
955 34 10 24 0.100
724 131 8 11 0.099
553 224 12 13 0.099
129 169 10 43 0.098
729 88 8 20 0.097
777 143 8 11 0.097
849 94 8 11 0.096
519 191 9 12 0.096
789 261 11 14 0.096
812 237 11 15 0.094
43 306 21 21 0.094
603 226 12 14 0.093
803 157 12 18 0.092
814 159 9 12 0.092
752 263 14 16 0.092
947 385 20 23 0.092
905 95 9 11 0.091
688 165 8 11 0.091
778 68 7 13 0.090
631 314 21 22 0.090
496 208 10 44 0.090
658 134 10 12 0.090
498 394 19 23 0.088
631 320 25 66 0.088
622 296 16 20 0.087
912 296 14 16 0.087
823 98 8 26 0.087
983 123 12 12 0.087
722 129 8 15 0.086
627 363 23 28 0.085
956 145 9 12 0.085
607 202 15 16 0.084
651 303 31 41 0.083
868 18 7 9 0.082
929 214 10 65 0.081
995 166 11 12 0.080
730 164 13 14 0.080
714 389 23 28 0.080
643 189 10 75 0.080
856 105 10 19 0.080
752 256 14 19 0.079
603 198 11 14 0.078
784 108 9 26 0.077
868 235 14 16 0.077
885 72 9 11 0.076
907 94 12 12 0.076
504 162 9 11 0.076
578 131 9 55 0.076
721 39 6 7 0.075
876 47 8 11 0.075
496 327 14 21 0.074
553 206 11 36 0.074
635 136 8 11 0.073
834 248 15 21 0.073
993 51 7 10 0.073
784 115 8 12 0.073
607 152 9 11 0.073
957 2 6 9 0.073
831 303 15 18 0.073
69 187 10 12 0.072
108 217 11 14 0.072
805 441 31 42 0.072
89 246 12 15 0.072
777 398 20 26 0.072
995 167 14 20 0.071
87 211 10 11 0.071
499 197 8 12 0.070
85 271 15 20 0.070
260 289 11 13 0.070
993 44 7 24 0.069
960 117 8 20 0.069
522 241 16 13 0.069
624 306 18 26 0.069
598 133 13 13 0.068
526 261 10 13 0.068
598 355 21 24 0.068
846 351 22 27 0.068
926 141 8 10 0.067
671 78 8 15 0.066
229 173 7 10 0.066
838 296 11 15 0.066
860 182 26 11 0.066
938 3 7 9 0.066
933 77 12 23 0.066
145 135 9 11 0.066
702 242 13 14 0.066
814 241 15 18 0.066
647 339 22 24 0.065
1004 24 10 30 0.065
900 169 16 21 0.065
344 300 38 20 0.064
595 134 11 12 0.064
564 236 14 27 0.064
971 402 20 27 0.064
554 129 11 13 0.063
749 231 13 18 0.063
475 361 19 24 0.063
27 296 15 19 0.062
668 114 8 11 0.062
577 218 10 13 0.061
611 21 7 9 0.061
541 134 9 11 0.061
65 190 11 24 0.061
702 119 10 25 0.060
594 203 14 13 0.060
611 234 13 21 0.060
587 347 19 24 0.060
850 87 10 26 0.059
644 160 9 10 0.059
650 234 13 16 0.059
828 314 15 18 0.059
650 328 22 26 0.059
932 484 30 32 0.059
728 93 8 11 0.059
944 283 12 17 0.059
874 403 22 25 0.058
792 236 12 14 0.058
824 105 8 11 0.058
924 112 16 16 0.058
711 267 18 19 0.058
959 389 24 33 0.057
86 142 9 11 0.057
759 320 18 22 0.057
952 65 9 25 0.057
962 95 9 28 0.057
987 1 9 9 0.056
733 57 10 23 0.056
859 71 9 22 0.055
711 155 9 13 0.055
598 231 11 13 0.055
962 88 10 26 0.054
859 235 15 23 0.054
907 225 11 13 0.054
979 244 13 15 0.054
558 131 12 11 0.053
751 224 10 13 0.053
505 260 13 17 0.053
619 304 19 46 0.053
631 153 13 13 0.052
595 385 24 29 0.052
2 187 9 12 0.052
765 230 11 14 0.052
880 328 16 20 0.052
790 136 13 11 0.051
988 76 8 10 0.051
967 88 10 20 0.051
156 179 11 13 0.051
116 236 10 14 0.051
601 228 14 21 0.051
710 421 22 28 0.051
1018 163 7 12 0.050
808 336 19 24 0.050
672 91 9 20 0.050
613 141 10 16 0.050
716 327 19 25 0.049
371 352 18 23 0.049
864 237 16 25 0.049
31 199 10 13 0.049
624 232 11 15 0.048
669 346 21 53 0.048
129 140 8 10 0.048
363 338 20 24 0.048
791 223 15 47 0.047
904 113 14 12 0.047
981 170 12 13 0.047
743 203 12 86 0.047
256 284 14 20 0.047
977 31 8 17 0.047
996 48 10 27 0.047
747 134 9 11 0.047
818 389 24 27 0.047
984 40 15 24 0.046
996 175 27 13 0.046
541 234 11 78 0.046
728 158 24 12 0.046
667 382 39 35 0.045
848 24 7 12 0.045
787 126 17 29 0.045
921 102 11 22 0.045
535 222 10 12 0.045
751 267 14 18 0.045
920 0 7 8 0.045
608 182 10 12 0.045
886 167 11 10 0.044
979 79 8 15 0.044
976 175 11 12 0.044
501 199 11 21 0.044
517 373 20 22 0.044
741 209 9 12 0.044
873 223 24 30 0.043
1004 24 8 15 0.043
82 245 16 15 0.043
917 255 11 14 0.043
625 292 14 18 0.043
850 310 12 16 0.043
658 28 7 19 0.043
560 165 10 18 0.042
688 265 14 18 0.042
754 159 13 24 0.042
876 87 10 26 0.042
122 246 11 15 0.042
780 62 6 27 0.042
634 80 7 10 0.042
604 247 12 14 0.042
736 62 6 15 0.041
636 155 15 16 0.041
564 197 11 13 0.041
824 97 12 27 0.041
856 135 9 12 0.041
907 304 13 26 0.041
626 372 21 26 0.041
903 226 12 30 0.041
714 353 21 29 0.041
0 210 6 15 0.041
514 416 21 25 0.041
834 308 21 21 0.040
754 67 7 12 0.040
685 3 7 9 0.040
647 251 12 17 0.040
252 262 17 23 0.040
702 408 29 38 0.040
61 184 10 46 0.040
857 26 8 27 0.040
95 94 7 10 0.040
956 149 9 24 0.040
499 194 9 10 0.040
11 187 9 11 0.040
116 238 12 18 0.040
706 131 9 29 0.039
539 279 14 18 0.039
990 179 12 13 0.039
679 215 12 13 0.039
557 137 11 30 0.038
608 220 13 22 0.038
1010 82 8 17 0.038
884 70 8 27 0.038
732 142 10 20 0.038
71 243 12 14 0.038
994 91 15 22 0.037
928 439 24 33 0.037
823 53 8 30 0.037
897 285 12 17 0.037
192 174 11 14 0.037
793 384 21 26 0.036
591 412 25 31 0.036
555 120 8 20 0.036
710 185 9 12 0.036
674 89 13 28 0.036
949 141 15 19 0.036
212 191 12 16 0.036
577 205 11 23 0.036
564 352 20 25 0.036
669 240 15 25 0.036
773 88 6 12 0.035
582 286 14 18 0.035
33 264 17 21 0.035
848 117 11 12 0.035
367 301 18 22 0.035
76 187 17 21 0.034
1001 3 17 8 0.034
530 241 13 13 0.034
879 5 8 9 0.034
714 98 14 27 0.034
868 162 14 23 0.034
801 354 20 22 0.034
846 425 48 38 0.034
669 381 24 30 0.033
914 272 11 14 0.033
730 146 11 13 0.033
604 134 12 30 0.033
877 45 9 24 0.033
653 100 8 23 0.033
558 204 11 12 0.033
823 395 23 26 0.033
805 333 19 39 0.033
817 174 13 13 0.032
636 74 8 20 0.032
866 256 14 23 0.032
788 286 12 15 0.032
1009 297 13 17 0.032
689 74 11 30 0.031
1 279 16 20 0.031
254 270 16 30 0.031
828 300 20 34 0.031
123 258 13 22 0.031
637 129 15 20 0.031
837 255 12 16 0.031
753 61 9 25 0.030
880 117 11 14 0.030
777 134 14 26 0.030
742 207 8 9 0.030
716 102 9 19 0.030
805 107 13 31 0.030
604 227 13 32 0.030
577 202 12 14 0.030
4 186 13 12 0.030
88 212 12 22 0.030
91 230 13 20 0.030
1 249 9 97 0.030
913 1 10 9 0.029
856 316 13 18 0.029
507 405 28 35 0.029
675 210 11 13 0.029
147 227 12 15 0.029
983 242 12 15 0.029
477 268 37 18 0.029
106 189 9 12 0.029
571 272 14 17 0.029
232 195 9 11 0.028
864 271 15 20 0.028
92 279 16 21 0.028
766 155 13 25 0.028
484 249 11 14 0.028
350 220 14 18 0.028
874 91 8 24 0.028
943 144 24 12 0.028
502 158 11 21 0.028
905 92 13 31 0.027
480 271 18 17 0.027
772 84 6 27 0.027
731 151 20 28 0.027
866 226 13 15 0.027
682 276 18 21 0.027
603 398 23 27 0.027
584 341 41 36 0.027
796 157 27 16 0.027
47 229 12 16 0.027
507 169 10 13 0.027
689 184 9 11 0.027
768 225 11 17 0.027
587 134 13 25 0.027
740 248 13 15 0.026
815 426 23 25 0.026
700 215 15 63 0.026
721 153 20 40 0.026
518 168 9 86 0.026
947 83 13 31 0.026
612 131 11 24 0.026
682 145 13 16 0.026
1018 235 7 16 0.026
510 243 12 16 0.026
670 212 15 77 0.026
589 20 7 11 0.026
930 98 12 30 0.026
633 135 9 28 0.026
740 142 12 30 0.026
929 268 12 16 0.026
752 230 18 17 0.025
652 90 7 29 0.025
88 141 10 11 0.025
848 157 16 18 0.025
709 244 14 16 0.025
695 228 12 16 0.025
833 60 10 30 0.025
784 310 16 18 0.025
844 308 16 18 0.025
1009 1 10 12 0.025
967 254 15 16 0.025
808 103 7 41 0.024
669 99 9 29 0.024
718 112 10 30 0.024
40 259 16 18 0.024
760 409 25 28 0.024
996 1 9 9 0.024
717 129 14 29 0.024
805 37 8 30 0.024
63 140 10 12 0.024
578 290 18 21 0.024
985 -4 16 23 0.024
118 249 15 20 0.024
931 149 11 16 0.023
882 70 15 15 0.023
646 16 8 15 0.023
108 144 10 12 0.023
858 161 9 10 0.023
803 87 14 30 0.023
685 210 12 16 0.023
838 425 23 26 0.023
0 298 10 31 0.023
535 134 19 10 0.023
714 292 16 23 0.023
677 199 14 46 0.023
519 185 11 14 0.023
626 237 11 14 0.023
875 43 8 30 0.023
860 246 16 25 0.023
244 288 12 13 0.023
770 247 13 17 0.022
865 266 12 16 0.022
772 77 8 29 0.022
881 252 14 15 0.022
897 288 16 21 0.022
828 428 22 25 0.022
917 -5 11 20 0.022
635 133 11 28 0.022
149 222 11 15 0.022
900 115 27 9 0.022
555 243 17 18 0.022
764 251 16 17 0.022
990 439 20 28 0.022
975 236 21 30 0.022
757 308 20 23 0.022
750 124 18 86 0.022
721 84 14 30 0.022
683 123 10 17 0.022
806 389 23 26 0.022
634 312 35 20 0.022
999 -5 19 26 0.021
951 145 11 24 0.021
795 349 19 22 0.021
880 333 21 23 0.021
482 372 39 55 0.021
885 240 12 24 0.021
815 221 24 84 0.021
910 2 7 9 0.021
810 322 17 20 0.021
746 97 10 29 0.021
49 227 14 22 0.021
50 94 7 9 0.021
889 208 9 12 0.021
529 131 11 13 0.021
567 404 31 33 0.021
752 35 13 31 0.021
666 223 14 16 0.021
875 320 18 21 0.021
852 95 14 31 0.021
956 262 13 16 0.021
859 31 6 30 0.021
373 263 14 20 0.020
921 85 14 29 0.020
336 220 26 26 0.020
917 270 16 17 0.020
628 294 15 19 0.020
878 271 13 18 0.020
735 171 8 10 0.020
123 267 15 21 0.020
925 71 13 31 0.020
511 373 22 27 0.020
858 34 7 15 0.020
633 133 24 12 0.020
558 118 11 26 0.020
933 203 20 101 0.020
699 225 11 14 0.020
936 358 20 23 0.020
912 280 24 44 0.020
781 359 27 48 0.020
1007 85 14 30 0.020
798 13 6 8 0.020
686 141 16 20 0.020
1017 227 8 14 0.020
497 338 17 22 0.020
489 384 31 35 0.020
757 162 27 13 0.020
614 21 8 13 0.020
725 76 13 31 0.020
928 148 10 22 0.020
876 373 21 23 0.020
95 92 7 21 0.019
561 172 11 16 0.019
996 427 22 27 0.019
746 86 9 30 0.019
709 95 12 30 0.019
915 371 17 22 0.019
120 210 11 13 0.019
979 3 24 9 0.019
954 63 13 26 0.019
627 372 36 33 0.019
647 102 11 22 0.019
1000 433 21 28 0.019
951 1 14 9 0.019
835 285 14 23 0.019
644 347 23 27 0.019
977 -3 11 12 0.019
695 82 10 31 0.019
772 35 9 32 0.018
17 226 13 16 0.018
755 135 11 20 0.018
755 32 6 37 0.018
719 31 9 30 0.018
649 91 9 16 0.018
689 187 10 13 0.018
203 197 23 31 0.018
64 101 8 9 0.018
89 207 13 77 0.018
657 267 37 104 0.018
22 112 8 10 0.018
1016 288 9 18 0.018
953 404 22 25 0.018
87 157 13 79 0.017
51 238 13 19 0.017
875 278 18 18 0.017
640 336 21 26 0.017
882 30 11 20 0.017
61 198 10 17 0.017
833 83 13 30 0.017
632 374 21 26 0.017
627 54 9 29 0.017
957 255 17 18 0.017
815 317 19 20 0.017
582 347 17 22 0.017
822 118 10 31 0.017
932 173 15 13 0.017
650 105 9 12 0.017
665 142 13 20 0.017
1002 247 13 14 0.017
689 217 15 23 0.017
803 44 15 30 0.017
791 74 12 30 0.017
503 288 12 16 0.017
373 296 15 21 0.017
610 17 6 20 0.017
901 136 11 13 0.017
882 35 8 10 0.016
975 241 13 15 0.016
558 252 13 17 0.016
567 318 17 21 0.016
982 247 16 15 0.016
697 231 18 34 0.016
958 0 10 9 0.016
834 69 12 31 0.016
712 258 16 18 0.016
339 293 13 18 0.016
858 422 23 27 0.016
940 120 10 24 0.016
225 142 8 10 0.016
990 149 35 56 0.016
536 216 11 12 0.016
714 208 10 13 0.016
683 151 12 27 0.016
717 46 11 32 0.016
32 251 16 20 0.016
861 284 15 18 0.016
622 58 9 25 0.016
644 58 9 30 0.016
582 220 13 18 0.016
870 58 14 29 0.016
654 72 7 28 0.016
709 289 17 19 0.016
765 219 13 34 0.016
74 240 13 15 0.016
840 284 14 18 0.016
919 -2 8 13 0.016
772 124 13 30 0.016
713 308 16 22 0.015
854 127 9 23 0.015
58 171 10 14 0.015
122 183 14 16 0.015
908 84 8 42 0.015
516 208 12 17 0.015
985 245 25 18 0.015
243 167 8 10 0.015
872 232 22 15 0.015
919 494 37 23 0.015
820 105 13 32 0.015
504 345 16 22 0.015
856 216 11 13 0.015
604 64 7 15 0.015
1 109 9 13 0.015
792 95 14 31 0.015
717 420 16 23 0.015
823 99 7 47 0.015
897 26 8 9 0.015
635 183 10 13 0.015
805 96 14 32 0.015
951 91 15 30 0.015
540 326 15 20 0.015
804 124 15 32 0.015
945 275 12 21 0.015
731 108 14 29 0.015
41 267 15 20 0.015
842 264 15 17 0.015
797 7 7 24 0.015
591 250 13 14 0.015
864 463 35 40 0.014
529 129 9 10 0.014
828 125 11 28 0.014
963 383 16 21 0.014
117 142 16 12 0.014
873 449 24 29 0.014
988 87 26 27 0.014
587 15 10 18 0.014
946 71 15 31 0.014
109 193 11 14 0.014
787 374 21 26 0.014
608 301 29 31 0.014
209 181 12 23 0.014
680 109 12 30 0.014
36 131 14 13 0.014
86 231 16 35 0.014
485 233 13 31 0.014
977 -6 10 28 0.014
820 71 12 30 0.014
567 307 16 20 0.014
933 33 12 20 0.014
847 58 14 31 0.014
454 369 20 26 0.013
523 132 22 11 0.013
592 403 24 29 0.013
674 144 24 16 0.013
774 297 16 20 0.013
191 155 9 13 0.013
715 55 13 32 0.013
688 97 13 30 0.013
792 84 14 32 0.013
2 486 24 32 0.013
25 176 10 12 0.013
966 97 19 27 0.013
785 87 8 54 0.013
662 227 17 27 0.013
929 141 18 20 0.013
884 406 20 25 0.013
724 36 16 30 0.013
856 61 14 31 0.012
852 212 26 87 0.012
625 47 13 30 0.012
153 184 11 13 0.012
858 45 9 31 0.012
983 72 15 30 0.012
1003 300 12 15 0.012
955 73 15 31 0.012
26 249 16 19 0.012
809 350 21 23 0.012
924 142 32 16 0.012
704 25 7 8 0.012
33 131 12 14 0.012
689 272 16 21 0.012
114 210 13 16 0.012
869 13 12 31 0.012
964 356 18 23 0.012
488 250 16 27 0.012
779 369 20 25 0.012
976 28 23 16 0.012
228 161 10 32 0.012
213 198 15 18 0.012
873 53 7 38 0.012
892 60 17 29 0.012
712 345 18 25 0.012
193 235 32 37 0.012
721 25 5 42 0.011
971 123 22 15 0.011
658 29 8 31 0.011
548 338 26 43 0.011
36 248 20 108 0.011
588 240 17 23 0.011
783 359 20 22 0.011
920 92 15 38 0.011
504 283 12 16 0.011
706 71 13 31 0.011
758 264 17 18 0.011
726 92 14 32 0.011
842 337 18 23 0.011
791 388 30 28 0.011
926 466 40 48 0.011
910 277 16 27 0.011
824 77 6 54 0.011
865 434 35 44 0.011
568 407 19 26 0.011
622 208 12 15 0.011
674 233 14 22 0.011
606 56 8 19 0.011
422 75 9 11 0.011
174 160 11 13 0.011
1010 239 12 24 0.011
830 113 13 111 0.011
352 223 19 26 0.011
915 300 14 20 0.011
751 101 16 28 0.011
609 303 16 21 0.011
876 424 51 33 0.011
566 202 13 74 0.011
620 45 12 27 0.011
612 335 20 25 0.011
584 110 10 26 0.011
729 68 6 47 0.011
976 119 16 25 0.011
537 164 13 18 0.011
581 163 12 22 0.011
832 2 8 8 0.011
506 328 17 21 0.011
1 272 15 19 0.011
18 291 18 23 0.010
825 492 21 22 0.010
501 153 10 96 0.010
107 203 15 41 0.010
1002 424 20 24 0.010
719 41 6 44 0.010
912 318 15 18 0.010
828 263 14 23 0.010
670 278 19 26 0.010
108 174 15 98 0.010
880 5 10 15 0.010
992 447 21 27 0.010
678 95 17 31 0.010
915 405 17 22 0.010
883 96 12 29 0.010
