2_Demonstration_Demonstration_Or_Protest_2_402
25
670 141 59 62 0.833
313 155 57 65 0.825
476 125 45 51 0.823
607 113 54 58 0.821
797 129 56 61 0.815
386 112 55 64 0.815
187 156 54 59 0.627
597 16 43 47 0.220
590 17 34 41 0.117
970 75 8 10 0.109
153 155 25 41 0.043
980 202 17 20 0.036
922 159 7 10 0.034
984 98 8 10 0.032
971 178 14 17 0.029
495 105 38 49 0.021
978 336 13 18 0.018
975 116 11 16 0.018
1002 203 11 13 0.016
835 56 36 47 0.013
914 9 22 29 0.012
509 110 22 27 0.012
917 158 10 11 0.012
647 -3 43 38 0.011
1019 328 5 15 0.011
