2_Demonstration_Protesters_2_901
63
787 343 60 68 0.824
579 172 38 49 0.784
276 354 50 64 0.776
446 340 61 68 0.763
901 676 77 113 0.748
834 96 47 58 0.733
407 351 42 56 0.697
149 341 43 60 0.674
520 645 73 96 0.622
679 339 45 50 0.610
542 192 32 42 0.597
465 651 57 94 0.579
587 469 54 77 0.571
595 358 46 52 0.552
26 351 46 54 0.552
887 -2 47 28 0.385
275 582 54 59 0.291
925 504 35 42 0.222
294 671 56 70 0.148
0 361 24 52 0.139
725 173 31 35 0.095
318 339 45 68 0.092
82 618 44 49 0.091
0 568 25 59 0.090
960 492 49 62 0.088
784 207 47 50 0.087
722 191 40 51 0.085
299 351 55 62 0.075
479 658 69 94 0.052
121 573 41 57 0.047
0 685 13 41 0.047
102 588 52 67 0.042
746 378 40 44 0.038
817 108 43 53 0.037
325 735 59 76 0.036
980 495 40 69 0.035
448 485 42 61 0.033
760 534 46 57 0.031
541 452 45 64 0.028
960 695 51 78 0.028
351 657 48 71 0.027
552 647 60 90 0.024
913 507 37 46 0.021
646 432 55 65 0.020
62 311 48 57 0.020
0 697 11 25 0.017
910 359 37 53 0.017
610 358 46 49 0.017
694 523 46 61 0.017
75 511 43 56 0.016
561 466 61 78 0.016
776 211 38 44 0.014
332 345 41 57 0.014
30 607 41 54 0.013
0 352 16 50 0.013
945 655 56 97 0.013
745 648 66 106 0.012
112 349 41 52 0.012
54 645 60 84 0.012
721 208 37 44 0.011
572 370 42 54 0.010
1 696 15 47 0.010
-1 587 18 55 0.010
