2_Demonstration_Demonstrators_2_413
77
383 187 19 22 0.795
131 243 25 30 0.788
280 225 19 23 0.787
0 258 13 32 0.765
494 178 14 19 0.703
361 192 12 16 0.615
632 93 57 68 0.608
45 251 32 40 0.602
106 236 18 25 0.593
20 230 18 26 0.541
145 225 16 20 0.488
634 115 39 54 0.433
342 196 12 13 0.386
563 169 14 21 0.302
525 169 12 14 0.279
423 198 16 23 0.257
889 115 34 35 0.221
956 96 15 20 0.169
175 259 16 21 0.165
510 169 9 11 0.164
289 204 11 14 0.140
460 203 19 28 0.126
635 155 17 24 0.108
547 168 35 21 0.085
993 104 30 56 0.078
516 168 21 13 0.075
467 158 15 21 0.061
166 254 17 23 0.059
419 202 13 19 0.057
527 171 12 15 0.056
956 98 16 31 0.054
338 197 12 13 0.052
248 240 17 22 0.049
345 193 12 13 0.039
278 213 20 24 0.035
566 165 15 21 0.032
124 241 23 28 0.031
17 238 18 24 0.030
902 118 34 36 0.027
243 212 12 16 0.026
274 215 16 17 0.026
235 232 31 31 0.026
427 198 19 26 0.025
587 166 18 22 0.023
576 167 23 24 0.023
461 159 16 23 0.023
26 233 18 25 0.022
243 243 19 23 0.022
282 206 17 19 0.021
414 204 15 18 0.021
229 228 17 23 0.020
283 203 14 16 0.020
324 198 13 18 0.020
54 250 23 29 0.019
222 230 20 25 0.019
988 120 34 53 0.019
225 222 17 24 0.018
961 96 57 49 0.017
239 247 20 25 0.017
240 213 14 25 0.015
230 210 27 52 0.015
57 238 18 24 0.015
219 223 16 22 0.015
344 204 15 15 0.013
925 97 33 32 0.013
508 183 14 15 0.013
163 225 16 19 0.013
471 164 16 24 0.013
271 259 14 18 0.012
959 115 14 21 0.011
96 233 21 26 0.011
107 241 22 29 0.011
28 228 18 23 0.011
536 184 14 16 0.011
137 227 16 19 0.011
57 262 24 29 0.010
962 97 14 20 0.010
