2_Demonstration_Demonstration_Or_Protest_2_158
88
516 186 45 55 0.857
856 239 19 23 0.841
985 220 33 39 0.801
694 258 9 11 0.694
675 252 13 16 0.667
473 231 25 31 0.663
173 247 33 47 0.654
807 249 10 13 0.646
63 265 11 14 0.617
34 248 8 12 0.597
743 264 58 63 0.589
103 255 13 14 0.563
637 252 10 13 0.497
12 190 22 39 0.396
499 235 15 21 0.380
252 260 11 12 0.339
449 213 13 17 0.269
685 257 18 13 0.251
60 254 8 10 0.238
182 221 28 37 0.136
396 254 11 14 0.131
730 248 17 21 0.131
394 251 11 14 0.113
806 239 9 20 0.099
804 234 9 13 0.093
721 230 10 11 0.088
274 257 11 14 0.079
727 253 14 15 0.077
725 226 8 11 0.076
666 252 17 16 0.063
795 233 9 11 0.063
505 220 11 16 0.061
377 237 12 16 0.061
807 235 10 10 0.052
727 246 15 28 0.049
248 260 11 13 0.049
402 241 7 11 0.047
401 258 9 13 0.045
724 225 12 38 0.040
506 212 18 22 0.040
733 247 11 16 0.039
108 248 14 22 0.037
119 242 11 12 0.034
819 230 9 10 0.034
254 265 9 12 0.032
76 265 11 12 0.032
306 257 7 9 0.032
276 255 14 14 0.031
724 255 13 15 0.029
633 253 11 13 0.028
188 245 21 28 0.027
183 220 21 25 0.027
504 213 13 17 0.027
327 253 8 12 0.026
825 238 9 12 0.025
37 251 11 19 0.025
384 243 26 28 0.023
326 256 9 13 0.023
820 229 11 19 0.023
383 230 9 12 0.022
617 252 9 11 0.022
139 248 12 16 0.021
32 250 11 14 0.021
638 247 9 12 0.021
195 230 17 24 0.021
68 264 13 21 0.021
401 252 10 14 0.020
185 258 20 29 0.020
327 248 10 15 0.019
380 230 11 15 0.019
39 266 12 15 0.019
246 265 11 13 0.019
241 262 10 13 0.019
444 216 17 19 0.018
280 251 10 15 0.018
727 228 11 22 0.016
792 234 10 13 0.015
716 234 8 11 0.015
194 223 15 21 0.015
658 250 19 14 0.013
4 197 29 48 0.013
60 267 14 17 0.013
824 247 10 13 0.013
613 249 12 16 0.012
127 245 30 15 0.011
501 240 17 21 0.011
279 256 13 17 0.010
373 238 15 21 0.010
