2_Demonstration_Protesters_2_54
56
418 99 17 24 0.838
296 86 13 18 0.829
20 212 23 28 0.810
678 125 20 25 0.805
149 207 24 28 0.800
521 66 16 24 0.797
314 141 20 24 0.797
599 140 20 25 0.787
16 162 20 23 0.785
392 75 15 20 0.767
170 162 19 23 0.764
524 136 20 23 0.763
439 135 19 23 0.747
333 66 16 19 0.741
409 265 26 31 0.734
871 137 18 21 0.732
687 163 17 23 0.725
225 162 22 25 0.710
363 78 14 17 0.681
812 105 18 23 0.643
549 59 15 19 0.642
86 58 11 12 0.580
174 50 7 10 0.374
949 56 9 11 0.345
355 231 21 20 0.329
142 167 18 22 0.259
663 109 19 22 0.241
1001 72 7 9 0.151
280 54 7 9 0.119
332 103 17 21 0.090
148 54 7 9 0.089
73 96 13 17 0.068
152 59 11 17 0.061
820 103 14 22 0.049
156 67 8 10 0.047
575 119 15 19 0.046
150 54 8 19 0.043
174 52 8 12 0.038
615 123 18 23 0.033
459 157 18 23 0.029
545 143 16 21 0.029
280 55 10 13 0.029
0 386 13 31 0.028
992 57 7 11 0.023
609 128 22 25 0.020
952 50 8 11 0.020
153 53 10 31 0.018
576 121 17 25 0.017
947 52 8 11 0.017
949 60 8 10 0.017
82 58 10 12 0.016
949 51 9 12 0.012
72 101 13 18 0.011
813 114 16 22 0.011
360 226 18 22 0.011
158 65 10 15 0.010
