2_Demonstration_Political_Rally_2_171
33
849 652 56 90 0.836
615 659 53 88 0.832
103 626 44 53 0.829
45 711 41 56 0.819
125 569 16 22 0.805
150 708 32 55 0.772
406 707 45 61 0.769
947 620 19 21 0.704
446 652 25 47 0.641
736 730 51 38 0.641
1005 630 16 19 0.582
209 662 33 43 0.155
556 657 19 39 0.096
998 633 18 21 0.095
1016 649 9 22 0.069
11 758 40 10 0.057
394 719 43 52 0.054
968 641 18 21 0.054
22 734 59 34 0.030
420 595 20 29 0.028
558 727 36 43 0.025
16 755 24 15 0.025
970 648 16 19 0.024
992 713 19 29 0.020
3 752 37 19 0.019
960 630 21 22 0.017
199 665 39 54 0.017
431 655 29 42 0.015
325 637 20 33 0.014
705 637 35 42 0.013
730 719 39 46 0.012
984 716 18 24 0.011
969 701 14 19 0.010
