2_Demonstration_Protesters_2_779
41
0 348 117 141 0.875
552 393 86 111 0.872
975 417 46 52 0.872
731 369 72 89 0.812
612 231 30 36 0.809
698 435 27 35 0.747
931 413 15 21 0.669
108 417 53 69 0.668
859 342 15 20 0.455
846 406 42 52 0.390
902 396 15 21 0.252
927 417 17 23 0.219
911 420 20 26 0.166
437 340 16 21 0.114
269 377 25 25 0.097
936 413 19 24 0.068
417 349 21 25 0.068
917 424 17 24 0.060
890 419 20 26 0.057
422 341 29 30 0.045
444 402 36 60 0.041
954 428 17 24 0.031
926 426 15 22 0.029
875 414 24 28 0.026
422 352 21 25 0.026
844 429 37 40 0.023
656 348 23 35 0.022
320 377 66 79 0.022
960 427 16 22 0.020
906 391 13 19 0.020
856 390 38 52 0.018
660 352 29 37 0.017
894 427 25 24 0.016
437 374 38 67 0.014
852 436 24 26 0.014
111 405 44 60 0.013
628 355 35 42 0.012
418 361 28 39 0.011
838 421 36 38 0.011
676 365 15 25 0.010
840 438 29 29 0.010
