2_Demonstration_Demonstration_Or_Protest_2_360
473
854 599 65 74 0.897
650 619 50 55 0.851
512 600 43 55 0.827
618 591 30 39 0.808
681 561 27 32 0.801
785 624 35 39 0.790
475 576 28 36 0.787
956 581 51 59 0.775
559 642 56 40 0.763
665 543 17 19 0.737
328 647 37 39 0.733
537 542 19 22 0.723
780 551 22 26 0.722
777 584 28 33 0.720
646 571 17 22 0.715
615 550 21 25 0.692
319 565 19 23 0.683
502 555 18 24 0.682
191 636 50 45 0.657
390 625 47 56 0.656
147 603 28 35 0.634
799 531 14 18 0.617
924 573 27 39 0.601
756 574 18 24 0.597
519 530 11 12 0.594
583 556 22 26 0.594
557 569 21 25 0.574
71 643 39 43 0.569
338 556 14 17 0.545
598 535 13 16 0.541
372 559 15 18 0.524
817 581 27 34 0.514
366 581 18 22 0.493
960 531 16 19 0.453
57 648 40 40 0.431
904 519 13 14 0.410
763 557 15 16 0.405
433 598 27 33 0.401
352 596 25 29 0.400
435 576 18 21 0.392
612 537 17 27 0.386
820 534 17 19 0.376
824 531 16 18 0.345
432 557 13 15 0.341
45 626 30 36 0.339
865 525 14 18 0.325
17 606 18 23 0.308
326 625 27 32 0.305
612 532 11 15 0.304
881 528 12 16 0.301
142 574 15 18 0.299
400 551 11 13 0.297
303 558 15 18 0.280
417 546 11 15 0.277
778 527 10 13 0.266
750 533 10 13 0.264
330 542 10 13 0.261
101 594 23 28 0.260
814 520 11 13 0.252
346 587 23 26 0.241
61 605 27 26 0.237
428 555 14 16 0.236
590 560 20 23 0.234
384 544 10 11 0.231
365 535 10 12 0.216
575 557 23 28 0.216
579 537 14 15 0.204
682 529 12 14 0.202
103 551 14 18 0.199
439 598 33 38 0.199
916 544 16 21 0.190
432 560 16 28 0.190
627 540 16 22 0.188
278 566 10 14 0.179
759 560 18 23 0.174
53 606 31 36 0.173
460 551 14 17 0.171
10 539 12 14 0.170
419 532 8 11 0.168
41 539 10 16 0.166
489 539 10 13 0.165
431 590 23 26 0.163
1011 540 13 25 0.161
445 548 14 16 0.161
880 551 20 22 0.155
990 559 35 47 0.155
120 526 11 13 0.153
1000 550 24 46 0.152
191 528 11 13 0.150
638 539 13 16 0.146
778 519 9 18 0.145
276 545 9 13 0.143
726 555 17 24 0.141
477 553 12 15 0.136
563 533 11 14 0.132
137 550 14 17 0.128
970 503 11 14 0.124
1012 515 11 14 0.122
924 572 47 54 0.121
13 649 28 36 0.120
397 561 14 18 0.118
688 535 16 17 0.117
943 499 13 15 0.116
874 553 19 23 0.114
771 527 14 15 0.112
366 522 8 31 0.109
27 572 14 19 0.105
587 534 21 18 0.104
881 529 15 28 0.102
539 515 11 20 0.101
253 560 13 16 0.101
360 577 23 36 0.099
980 563 28 38 0.099
141 556 15 45 0.098
883 512 11 12 0.097
767 534 13 17 0.094
128 608 18 25 0.093
373 534 18 67 0.093
373 563 17 20 0.092
993 652 31 47 0.091
648 529 11 13 0.090
74 580 15 19 0.090
153 535 12 16 0.090
434 573 22 54 0.089
349 502 6 8 0.089
695 519 13 13 0.089
1000 531 18 23 0.089
345 540 12 18 0.087
456 543 16 26 0.086
1 622 17 24 0.086
433 606 36 47 0.085
715 533 14 17 0.085
333 493 6 7 0.084
749 524 11 13 0.084
607 515 11 21 0.083
628 510 9 25 0.083
906 514 13 14 0.082
817 533 18 37 0.081
1007 533 15 22 0.081
373 578 19 24 0.080
539 519 9 12 0.080
868 558 19 22 0.079
734 553 18 23 0.078
462 510 9 15 0.078
317 522 9 11 0.078
166 617 30 39 0.078
717 537 15 18 0.077
479 547 12 16 0.077
202 663 49 27 0.076
498 537 18 24 0.076
722 540 15 20 0.076
54 600 22 25 0.075
753 523 14 12 0.074
369 530 14 84 0.074
628 528 12 23 0.073
615 573 17 19 0.073
151 533 11 13 0.072
1 620 24 37 0.071
895 512 13 13 0.070
51 621 23 27 0.069
8 531 13 29 0.069
41 530 12 34 0.069
902 518 17 26 0.068
189 513 7 8 0.066
539 524 16 26 0.066
162 551 12 15 0.066
996 634 26 50 0.066
589 602 27 37 0.063
255 565 16 19 0.061
816 562 22 25 0.061
879 509 12 13 0.061
1006 515 14 17 0.060
398 551 19 15 0.060
721 553 17 23 0.060
681 519 11 27 0.059
555 525 16 23 0.059
511 534 14 22 0.059
91 549 13 15 0.059
883 513 11 30 0.058
686 509 10 11 0.058
616 498 16 106 0.057
502 505 15 109 0.057
812 551 20 22 0.057
664 527 16 15 0.056
303 563 12 16 0.055
915 524 17 48 0.055
442 544 12 18 0.055
639 508 9 11 0.055
829 523 14 16 0.055
319 516 9 23 0.054
494 531 13 22 0.053
175 552 11 15 0.053
434 554 18 48 0.053
73 582 18 27 0.052
639 504 10 11 0.052
763 530 25 13 0.051
30 564 19 21 0.051
857 532 17 23 0.050
36 536 13 20 0.050
411 528 17 22 0.049
865 520 26 34 0.049
850 519 12 15 0.049
88 547 12 15 0.049
682 500 11 63 0.049
220 580 17 19 0.048
144 571 21 19 0.047
967 532 18 22 0.047
33 556 12 15 0.047
129 611 25 35 0.047
492 540 24 14 0.046
98 537 16 49 0.046
410 539 18 27 0.045
360 520 9 16 0.044
463 514 8 17 0.043
856 521 21 18 0.043
958 536 21 26 0.043
981 503 14 14 0.042
778 515 10 11 0.042
690 509 10 11 0.041
384 530 11 29 0.041
524 532 18 20 0.041
518 498 27 90 0.041
1006 504 16 74 0.040
962 525 14 17 0.040
299 534 10 12 0.039
349 497 6 23 0.039
156 565 14 18 0.039
1005 527 17 39 0.037
637 500 12 26 0.037
317 520 12 28 0.037
575 526 18 29 0.037
620 573 20 22 0.037
27 635 44 48 0.037
36 549 16 23 0.037
578 609 33 37 0.037
440 526 10 25 0.036
365 564 17 19 0.036
422 558 19 20 0.036
6 520 19 58 0.036
408 548 37 25 0.036
186 567 16 21 0.035
719 558 19 27 0.035
869 493 27 87 0.034
405 532 24 12 0.034
965 508 15 21 0.034
22 569 14 18 0.034
137 578 15 18 0.034
634 545 14 17 0.033
897 507 12 14 0.033
688 504 14 24 0.033
705 524 19 25 0.032
289 529 30 72 0.032
931 574 28 41 0.032
190 514 10 30 0.032
458 524 15 27 0.032
318 505 9 10 0.031
692 508 14 27 0.031
590 494 21 104 0.031
679 532 33 18 0.031
413 523 26 71 0.031
45 552 13 16 0.031
396 490 10 24 0.031
275 543 9 10 0.031
676 519 39 39 0.031
178 622 24 32 0.031
665 516 13 26 0.030
267 601 20 24 0.030
5 526 9 13 0.030
610 512 15 30 0.030
944 535 16 20 0.030
341 587 18 22 0.030
806 550 18 22 0.030
3 544 10 22 0.029
777 498 26 111 0.029
185 557 16 25 0.029
133 547 14 17 0.029
841 524 16 17 0.029
696 534 19 22 0.029
22 555 15 88 0.029
887 540 16 21 0.028
322 630 26 37 0.028
714 507 9 13 0.028
929 536 18 23 0.028
797 521 12 19 0.028
4 525 13 27 0.028
41 640 40 41 0.028
1000 496 12 23 0.027
117 606 20 23 0.027
750 495 11 90 0.027
979 586 36 50 0.027
25 587 16 27 0.027
48 592 20 23 0.027
768 515 20 23 0.027
560 562 17 21 0.027
75 578 51 52 0.027
1007 563 17 35 0.027
189 530 14 20 0.027
368 587 32 41 0.027
134 539 18 30 0.027
337 517 11 21 0.027
348 504 8 11 0.026
771 582 24 28 0.026
19 592 18 41 0.026
176 539 13 26 0.026
564 512 13 29 0.026
195 528 10 14 0.026
638 527 17 28 0.026
498 508 14 29 0.026
184 506 17 58 0.025
37 514 12 88 0.025
418 496 10 105 0.025
322 618 24 32 0.025
559 502 27 63 0.025
730 534 14 17 0.025
615 560 20 28 0.025
11 653 22 27 0.025
992 491 13 18 0.025
823 570 21 25 0.025
985 507 13 16 0.024
29 524 12 25 0.024
913 517 14 17 0.024
125 643 27 33 0.024
687 510 17 13 0.024
772 511 11 15 0.024
298 533 11 23 0.024
565 530 22 27 0.023
851 537 17 20 0.023
521 563 19 21 0.023
328 488 10 22 0.022
99 581 22 25 0.022
434 511 15 110 0.022
216 564 21 43 0.022
805 499 9 10 0.022
992 527 18 22 0.022
997 489 10 12 0.022
931 526 16 23 0.022
1004 550 20 28 0.022
812 504 9 23 0.022
863 565 17 22 0.022
35 647 20 27 0.021
255 562 42 20 0.021
996 487 12 27 0.021
22 654 22 28 0.021
647 514 14 27 0.021
156 576 15 19 0.020
269 571 16 18 0.020
275 568 15 23 0.020
574 511 17 29 0.020
81 576 21 22 0.020
222 584 17 21 0.020
442 654 37 32 0.020
606 504 12 26 0.020
389 575 19 23 0.019
482 507 15 30 0.019
696 518 18 18 0.019
1013 487 9 13 0.019
345 497 9 25 0.019
223 553 14 17 0.018
401 559 19 21 0.018
62 667 22 25 0.018
520 532 12 15 0.018
613 501 14 28 0.018
477 508 15 29 0.018
203 513 9 16 0.018
349 497 11 27 0.018
563 530 18 17 0.018
309 534 13 31 0.018
254 571 16 19 0.017
692 504 9 10 0.017
598 598 19 26 0.017
337 492 14 115 0.017
6 659 25 31 0.017
176 534 15 57 0.017
803 498 8 9 0.017
184 504 13 29 0.016
444 525 18 25 0.016
161 611 25 30 0.016
397 496 8 13 0.016
319 499 8 26 0.016
79 601 23 23 0.016
537 491 11 24 0.016
808 499 11 28 0.016
712 509 13 28 0.016
859 544 18 23 0.016
407 500 16 30 0.016
62 564 15 18 0.016
316 499 11 64 0.016
448 607 35 41 0.015
219 570 18 24 0.015
968 505 14 19 0.015
107 545 14 18 0.015
15 598 16 21 0.015
913 507 10 12 0.015
641 508 15 31 0.015
48 646 24 30 0.015
379 581 21 24 0.015
591 587 18 23 0.015
340 618 40 58 0.015
587 574 21 25 0.015
304 543 20 30 0.015
713 491 14 86 0.015
397 523 19 31 0.015
525 512 17 31 0.014
913 503 14 20 0.014
286 539 10 12 0.014
346 521 11 40 0.014
6 634 27 44 0.014
921 567 22 29 0.014
860 570 18 21 0.014
50 574 17 22 0.014
944 514 16 22 0.014
5 548 12 22 0.014
93 587 22 26 0.014
547 511 17 30 0.014
919 523 19 26 0.014
383 500 13 30 0.014
156 511 11 20 0.013
550 501 14 30 0.013
618 510 18 10 0.013
905 491 9 17 0.013
861 502 10 10 0.013
709 552 15 22 0.013
835 507 11 18 0.013
274 545 13 17 0.013
143 521 26 100 0.013
435 507 14 31 0.013
31 588 20 24 0.013
300 526 10 23 0.013
255 553 12 13 0.013
151 511 17 30 0.013
690 560 22 27 0.013
60 538 14 25 0.013
715 570 19 24 0.013
40 636 22 29 0.013
99 499 29 101 0.012
854 505 17 14 0.012
1013 484 10 28 0.012
308 525 17 28 0.012
541 545 22 22 0.012
846 595 55 63 0.012
30 539 19 60 0.012
471 522 14 26 0.012
224 548 11 13 0.012
791 512 19 25 0.012
687 526 29 22 0.012
0 561 8 23 0.012
149 599 22 26 0.012
539 499 11 31 0.012
968 469 25 91 0.012
52 520 15 29 0.012
0 587 10 18 0.012
520 554 19 21 0.012
859 498 13 26 0.011
56 660 23 25 0.011
995 485 20 41 0.011
162 535 18 30 0.011
163 524 18 30 0.011
709 503 15 22 0.011
165 510 12 19 0.011
90 511 16 26 0.011
581 510 18 30 0.011
832 576 18 24 0.011
227 550 11 14 0.011
48 561 18 25 0.010
504 536 24 23 0.010
132 568 20 19 0.010
811 559 19 24 0.010
176 553 20 32 0.010
441 521 27 34 0.010
448 490 12 30 0.010
804 559 18 23 0.010
537 499 10 11 0.010
82 630 21 26 0.010
