2_Demonstration_Demonstrators_2_306
48
188 362 11 14 0.193
211 367 11 16 0.148
152 416 16 17 0.145
0 381 6 12 0.127
241 387 15 19 0.112
138 411 32 22 0.084
129 406 22 23 0.078
36 375 12 14 0.069
61 378 16 19 0.061
89 368 14 16 0.056
238 392 16 20 0.056
96 368 13 16 0.054
155 418 19 18 0.048
120 398 21 26 0.042
147 412 16 18 0.040
233 398 16 20 0.040
84 368 12 15 0.039
61 371 15 18 0.034
563 182 77 77 0.033
882 51 142 522 0.033
111 396 17 21 0.032
160 422 16 15 0.030
0 372 8 47 0.029
270 363 14 19 0.027
452 370 23 29 0.026
58 368 13 15 0.026
3 414 13 22 0.025
1 410 10 20 0.025
236 374 15 19 0.022
332 374 14 18 0.021
29 370 14 14 0.020
203 394 14 17 0.019
3 357 15 17 0.017
120 410 25 24 0.017
234 370 14 17 0.016
159 418 27 20 0.016
53 362 12 15 0.016
0 368 8 26 0.016
198 418 14 19 0.015
83 368 26 15 0.015
57 344 19 79 0.013
68 371 19 24 0.012
202 388 14 32 0.012
109 412 18 20 0.011
95 355 25 47 0.011
167 334 12 17 0.011
42 387 16 19 0.011
58 360 45 43 0.010
