2_Demonstration_Demonstrators_2_378
209
217 495 68 79 0.889
671 331 49 59 0.874
155 267 38 47 0.874
198 401 61 67 0.865
597 418 48 53 0.857
809 490 60 70 0.855
941 403 54 62 0.854
434 309 37 50 0.853
103 460 66 78 0.853
609 331 44 56 0.851
222 245 34 45 0.850
550 377 40 52 0.850
537 258 33 45 0.850
501 299 51 54 0.842
491 417 53 66 0.840
87 295 49 51 0.831
264 359 54 54 0.830
395 240 36 38 0.828
646 438 48 58 0.821
0 307 28 66 0.820
756 424 41 48 0.819
507 363 41 51 0.813
307 275 39 46 0.812
569 239 31 34 0.812
326 468 47 56 0.809
482 209 32 40 0.804
766 319 37 39 0.795
651 494 57 69 0.795
415 193 34 35 0.792
99 207 34 36 0.789
209 138 23 26 0.785
91 251 36 40 0.784
501 521 71 59 0.782
368 291 42 45 0.776
193 191 24 33 0.774
104 139 25 28 0.773
329 221 29 38 0.766
646 262 40 44 0.761
389 330 44 54 0.761
903 350 39 46 0.758
599 270 35 36 0.758
754 368 41 46 0.757
263 225 34 40 0.754
712 405 40 49 0.751
948 228 27 35 0.747
867 334 33 38 0.734
310 170 22 27 0.732
433 466 62 61 0.732
961 154 19 25 0.727
890 209 21 26 0.720
816 274 25 35 0.710
13 209 34 36 0.700
927 210 26 29 0.688
726 451 41 54 0.686
160 170 22 26 0.685
737 285 31 38 0.684
185 374 41 55 0.681
925 174 22 26 0.660
282 292 30 41 0.658
359 225 32 40 0.641
153 205 33 38 0.637
1012 132 12 25 0.633
346 193 26 31 0.625
8 278 34 44 0.606
134 199 23 27 0.586
45 185 27 35 0.526
289 196 24 31 0.503
1003 554 21 43 0.496
615 245 30 29 0.471
1004 223 20 40 0.383
610 563 59 30 0.362
903 407 38 51 0.355
647 296 35 42 0.351
563 359 53 61 0.333
910 133 16 21 0.333
553 243 41 41 0.331
479 294 37 40 0.324
872 345 51 41 0.301
842 393 40 49 0.280
691 496 47 64 0.273
0 194 13 37 0.259
142 309 28 43 0.255
604 425 61 58 0.250
935 334 29 33 0.231
109 200 51 34 0.227
401 221 40 47 0.222
4 283 30 65 0.213
919 103 12 14 0.202
8 222 37 52 0.183
1003 216 21 26 0.182
418 288 29 39 0.179
901 147 19 26 0.171
900 386 44 57 0.161
839 278 21 29 0.150
0 201 8 27 0.123
736 424 49 61 0.119
932 258 25 32 0.119
943 110 16 20 0.113
263 423 39 51 0.112
742 294 33 40 0.110
480 295 23 27 0.110
1000 197 21 28 0.108
858 302 30 41 0.104
905 133 19 32 0.083
295 282 37 46 0.067
1002 192 19 20 0.066
914 103 39 20 0.066
896 151 18 27 0.065
627 247 19 24 0.061
303 443 39 47 0.059
835 400 35 45 0.058
905 132 16 20 0.058
912 76 12 18 0.055
293 190 22 25 0.055
1015 278 9 45 0.054
480 323 33 34 0.053
612 547 60 40 0.053
167 181 21 25 0.052
602 308 39 45 0.050
423 298 32 43 0.045
923 332 39 49 0.039
991 120 14 19 0.039
913 80 13 25 0.038
939 112 15 18 0.037
930 203 22 27 0.037
53 186 21 28 0.036
1007 188 14 20 0.035
7 126 24 48 0.034
0 113 18 29 0.033
896 143 18 27 0.033
274 434 39 51 0.032
837 405 45 62 0.032
0 189 13 23 0.031
572 472 39 54 0.031
653 303 24 30 0.030
691 412 28 36 0.027
917 98 12 18 0.027
1008 249 17 28 0.027
679 3 34 23 0.025
927 108 36 20 0.024
221 171 18 24 0.024
914 136 16 22 0.024
308 430 44 54 0.023
517 249 41 37 0.023
383 339 43 61 0.023
14 142 21 26 0.023
679 501 44 61 0.022
174 186 19 25 0.022
435 272 27 35 0.022
1017 44 7 17 0.022
749 266 32 32 0.021
870 444 40 50 0.021
218 175 24 28 0.021
440 423 50 48 0.021
146 204 24 30 0.021
426 275 31 41 0.020
262 227 23 29 0.020
274 235 32 41 0.019
601 293 49 80 0.019
342 300 22 29 0.019
929 266 21 26 0.018
588 292 49 51 0.018
1017 101 8 19 0.018
42 183 23 27 0.018
136 303 27 37 0.018
930 318 33 40 0.018
990 112 16 23 0.017
511 228 26 32 0.017
287 203 28 36 0.017
180 327 37 42 0.016
995 86 13 16 0.016
991 95 13 17 0.016
653 362 28 39 0.016
925 98 13 17 0.016
290 214 22 29 0.016
890 153 17 25 0.015
140 161 18 20 0.015
928 219 24 28 0.015
113 431 72 82 0.015
11 146 29 34 0.015
564 320 19 25 0.015
883 203 21 30 0.015
609 261 24 29 0.015
993 91 14 18 0.014
239 235 54 47 0.014
159 238 23 24 0.014
152 243 22 26 0.014
747 263 22 24 0.014
991 204 25 34 0.014
475 300 21 26 0.014
655 382 33 45 0.013
965 139 18 44 0.013
330 289 32 39 0.012
949 109 13 17 0.012
644 381 32 42 0.012
692 270 17 20 0.012
163 198 24 29 0.012
399 448 42 47 0.011
743 269 23 27 0.011
19 119 21 29 0.011
3 197 22 28 0.011
339 196 22 26 0.011
412 451 46 57 0.011
134 157 31 34 0.011
915 124 17 21 0.011
-2 518 41 61 0.010
842 233 19 24 0.010
24 284 22 29 0.010
917 177 19 24 0.010
