2_Demonstration_Demonstrators_2_181
91
882 591 46 62 0.869
662 522 38 50 0.849
76 533 58 72 0.844
941 543 35 42 0.836
719 514 21 29 0.832
848 502 23 30 0.816
411 533 25 32 0.807
259 530 14 17 0.686
464 533 14 18 0.684
529 565 21 28 0.682
338 536 11 15 0.642
229 542 22 26 0.640
546 515 12 15 0.624
783 500 18 23 0.561
279 531 17 20 0.547
187 555 19 24 0.539
558 544 18 21 0.323
306 526 12 18 0.312
760 567 26 30 0.281
294 527 23 19 0.275
630 507 11 13 0.258
541 538 13 16 0.256
377 519 10 12 0.220
256 530 30 19 0.183
315 514 12 15 0.182
359 540 16 15 0.148
423 513 13 15 0.147
366 540 12 15 0.145
189 516 14 18 0.141
233 533 34 33 0.135
374 517 12 12 0.131
378 514 13 25 0.123
379 521 10 13 0.121
630 505 14 19 0.114
467 512 13 15 0.088
401 514 13 15 0.087
434 509 12 14 0.085
282 529 29 19 0.081
425 511 22 16 0.078
324 517 19 27 0.070
469 529 14 18 0.069
503 522 12 20 0.057
53 554 19 28 0.056
159 528 15 18 0.054
228 532 17 23 0.051
781 496 17 20 0.049
240 532 56 21 0.048
357 516 10 12 0.045
354 516 12 16 0.042
524 525 14 16 0.040
502 532 11 14 0.038
510 515 13 17 0.034
319 515 12 14 0.033
434 512 15 21 0.031
647 506 17 23 0.031
439 509 19 25 0.030
437 513 25 14 0.030
180 535 19 26 0.029
505 517 15 27 0.029
155 559 17 25 0.028
340 514 16 15 0.028
534 557 20 27 0.028
403 510 11 12 0.027
346 516 29 11 0.027
280 520 14 17 0.026
161 525 12 14 0.025
502 513 14 25 0.024
469 506 13 18 0.023
174 554 28 26 0.022
480 504 14 15 0.022
313 510 11 12 0.021
181 519 20 31 0.020
240 532 21 22 0.019
566 545 21 25 0.019
761 528 16 19 0.018
228 525 12 13 0.017
332 516 30 12 0.017
480 508 16 16 0.016
288 508 11 11 0.015
640 512 15 22 0.014
641 503 15 18 0.014
786 493 14 15 0.014
390 548 14 20 0.013
194 556 20 24 0.013
380 537 16 23 0.013
506 534 15 17 0.012
662 486 11 13 0.011
469 499 21 37 0.011
56 557 26 32 0.011
147 562 19 27 0.010
319 503 15 21 0.010
