2_Demonstration_Protesters_2_12
38
635 347 53 68 0.859
372 319 50 67 0.848
827 326 48 64 0.847
293 282 51 61 0.847
919 327 55 67 0.843
20 349 56 68 0.840
681 274 45 61 0.839
396 266 39 45 0.829
174 300 54 63 0.820
768 287 40 47 0.819
48 305 55 70 0.801
591 306 53 63 0.800
487 309 50 62 0.764
417 337 42 57 0.754
640 316 53 68 0.680
663 582 36 58 0.667
1009 316 15 55 0.439
768 343 43 53 0.257
915 304 47 55 0.254
336 314 31 40 0.238
31 321 60 76 0.217
219 289 24 35 0.149
248 313 36 43 0.147
720 307 24 42 0.119
230 302 46 46 0.095
282 295 53 57 0.060
718 317 25 54 0.058
911 308 32 40 0.039
125 329 39 44 0.027
940 298 38 41 0.027
1009 291 14 43 0.020
723 309 17 30 0.019
1012 336 12 42 0.018
0 475 11 72 0.018
908 321 36 53 0.014
762 357 42 51 0.013
722 261 23 46 0.011
610 601 36 50 0.010
