2_Demonstration_Protesters_2_563
35
101 243 85 103 0.900
723 238 69 96 0.888
814 316 110 112 0.873
228 256 38 45 0.866
669 168 31 38 0.864
874 214 63 77 0.858
391 191 68 91 0.855
820 187 31 38 0.847
565 220 29 38 0.845
633 185 27 35 0.843
301 234 26 29 0.842
666 250 49 68 0.834
237 213 25 32 0.813
0 177 52 154 0.755
771 199 29 31 0.725
498 185 34 39 0.614
980 207 38 41 0.466
179 212 24 31 0.239
764 194 40 51 0.073
491 194 33 42 0.061
483 201 19 25 0.052
648 176 33 42 0.049
364 251 22 31 0.037
441 211 21 25 0.026
569 203 16 18 0.022
971 209 32 42 0.020
451 222 13 19 0.018
515 215 26 35 0.015
480 209 19 22 0.014
1014 236 11 67 0.014
362 255 17 23 0.014
489 206 29 38 0.014
506 181 32 36 0.013
476 202 29 37 0.013
191 265 28 39 0.010
