2_Demonstration_Protesters_2_92
84
258 431 56 73 0.820
88 524 68 127 0.796
244 304 29 35 0.761
745 358 51 64 0.755
827 332 32 44 0.751
691 347 28 36 0.734
199 326 24 36 0.704
428 302 14 19 0.702
92 296 12 15 0.659
650 305 19 25 0.616
381 319 19 26 0.588
959 318 31 44 0.560
589 322 20 28 0.525
345 333 20 26 0.517
494 322 22 33 0.468
121 312 19 24 0.374
36 281 11 15 0.351
656 303 20 28 0.322
596 327 19 29 0.286
324 324 19 28 0.250
938 320 21 30 0.231
664 302 20 27 0.201
185 292 16 19 0.193
583 319 16 24 0.168
322 308 20 33 0.161
327 316 19 42 0.130
0 306 16 42 0.129
967 315 37 46 0.115
956 331 22 34 0.114
10 406 51 74 0.107
944 319 35 39 0.106
183 289 14 17 0.092
737 313 14 16 0.087
130 312 16 22 0.082
142 306 14 19 0.082
465 303 19 25 0.082
254 310 25 29 0.080
162 319 16 20 0.065
329 308 13 18 0.063
146 305 12 17 0.060
194 691 79 76 0.052
487 319 20 28 0.052
61 343 37 48 0.049
10 307 25 35 0.048
123 307 34 19 0.048
543 309 18 29 0.047
0 318 10 43 0.044
365 304 11 15 0.043
602 327 20 27 0.040
870 735 76 33 0.040
671 304 19 25 0.040
0 305 11 31 0.037
264 317 17 23 0.033
323 305 16 24 0.031
743 383 43 53 0.031
164 310 14 19 0.029
30 282 14 17 0.027
669 311 19 26 0.027
392 322 19 25 0.026
146 300 31 42 0.026
32 279 11 13 0.025
745 413 27 36 0.024
1 387 41 83 0.023
600 335 18 25 0.022
548 318 15 23 0.022
541 303 14 22 0.022
744 422 20 25 0.021
7 307 21 26 0.019
471 305 28 35 0.019
263 310 31 32 0.018
488 330 18 24 0.017
368 298 10 13 0.017
115 318 20 23 0.015
740 309 13 17 0.015
123 298 14 18 0.014
96 430 42 58 0.014
344 325 16 22 0.014
41 283 10 14 0.013
872 724 111 43 0.012
478 326 21 25 0.011
-1 316 21 44 0.011
401 311 20 25 0.011
539 299 13 20 0.010
553 317 16 22 0.010
