2_Demonstration_Demonstrators_2_546
94
944 169 27 35 0.761
432 179 22 32 0.733
802 202 24 31 0.731
479 169 21 30 0.617
527 151 19 26 0.568
696 165 23 31 0.518
985 156 17 28 0.489
152 178 18 25 0.408
196 198 17 19 0.374
604 151 20 29 0.350
841 176 15 18 0.345
381 184 20 28 0.291
325 203 23 31 0.258
681 127 26 29 0.226
985 153 14 21 0.211
992 171 16 23 0.184
489 170 19 27 0.169
603 148 16 25 0.149
185 190 14 20 0.146
336 199 20 26 0.143
600 160 19 27 0.127
995 176 15 21 0.113
228 157 16 20 0.109
380 193 21 30 0.107
948 147 9 11 0.100
528 158 21 31 0.097
325 201 18 23 0.096
183 189 12 17 0.094
606 158 22 28 0.080
320 210 21 28 0.079
588 173 14 20 0.075
150 186 18 23 0.070
1015 156 9 15 0.069
518 180 20 25 0.068
661 166 15 20 0.061
945 150 10 12 0.057
292 214 19 31 0.056
838 179 17 23 0.052
539 162 19 26 0.046
521 168 21 26 0.046
379 178 18 25 0.044
659 164 27 27 0.044
415 159 14 21 0.043
282 251 20 26 0.043
148 174 18 26 0.042
799 199 18 27 0.041
944 149 14 18 0.033
949 147 12 15 0.033
546 163 17 27 0.033
587 155 16 26 0.030
592 152 17 24 0.029
989 146 10 12 0.029
381 204 18 27 0.029
944 160 19 28 0.028
703 159 21 27 0.027
674 139 20 25 0.026
284 214 26 59 0.025
344 196 20 26 0.024
935 166 20 30 0.023
925 174 12 13 0.023
385 201 19 25 0.023
692 125 18 23 0.022
696 175 21 34 0.022
665 131 26 64 0.021
661 176 19 22 0.020
887 156 14 19 0.020
444 219 22 28 0.019
296 220 20 24 0.019
1001 185 16 22 0.018
424 171 19 30 0.018
908 241 16 26 0.017
513 174 20 26 0.017
880 159 17 20 0.017
671 157 19 28 0.017
412 162 16 25 0.016
330 195 17 21 0.016
675 167 19 25 0.015
300 213 20 27 0.015
524 183 19 24 0.015
373 173 18 23 0.014
897 215 14 20 0.014
268 224 26 32 0.013
402 182 20 25 0.012
286 246 22 28 0.012
773 169 16 20 0.012
289 225 22 31 0.012
161 191 19 27 0.012
879 157 11 13 0.011
671 150 17 22 0.011
659 180 17 22 0.011
943 158 8 14 0.011
616 158 22 27 0.010
296 198 19 25 0.010
389 177 19 24 0.010
