2_Demonstration_Demonstrators_2_196
775
436 533 8 10 0.780
468 473 6 7 0.743
349 726 10 12 0.723
477 644 10 11 0.711
153 721 9 12 0.708
414 614 8 10 0.702
361 647 10 12 0.702
929 631 8 10 0.692
36 735 11 15 0.669
251 717 10 12 0.661
833 512 7 8 0.658
373 714 10 11 0.658
182 725 11 12 0.658
585 555 8 10 0.654
278 582 9 11 0.652
927 569 7 10 0.646
91 447 8 8 0.640
880 538 7 9 0.638
193 466 7 9 0.634
87 718 9 12 0.627
637 549 7 9 0.626
443 613 9 10 0.615
388 489 7 9 0.607
438 482 7 9 0.603
219 473 7 8 0.580
677 445 7 9 0.578
704 535 8 8 0.578
633 518 7 7 0.567
161 444 6 6 0.565
210 695 9 12 0.558
529 451 7 8 0.554
370 444 7 8 0.545
495 461 6 8 0.545
72 444 8 9 0.543
411 558 7 8 0.541
884 615 7 9 0.539
644 491 7 8 0.535
585 391 5 7 0.530
523 605 8 10 0.528
178 483 7 8 0.508
351 384 6 7 0.506
259 475 7 7 0.506
297 461 6 7 0.499
318 711 9 11 0.499
282 472 6 7 0.497
81 548 9 10 0.497
641 632 8 9 0.493
159 746 10 12 0.471
761 735 10 12 0.462
599 634 7 10 0.447
636 671 9 11 0.441
241 496 7 8 0.433
65 484 8 9 0.425
722 505 7 9 0.425
59 666 8 10 0.423
1 505 8 9 0.421
78 397 6 8 0.414
304 478 7 8 0.401
168 463 7 8 0.399
432 415 6 7 0.395
753 527 7 9 0.393
386 538 8 9 0.388
238 446 7 8 0.386
464 374 5 7 0.384
738 623 8 9 0.382
229 428 6 7 0.378
0 705 6 12 0.376
750 637 8 10 0.372
0 468 6 10 0.361
722 665 9 12 0.361
684 712 10 12 0.361
530 739 9 12 0.359
523 522 8 9 0.347
703 583 8 9 0.345
307 411 6 7 0.343
487 575 8 9 0.343
631 613 8 10 0.337
815 636 7 9 0.337
357 538 8 10 0.329
833 681 8 10 0.325
219 446 5 7 0.322
507 579 7 9 0.322
245 652 9 10 0.319
631 568 8 10 0.316
270 690 8 9 0.310
620 442 7 8 0.308
105 713 9 11 0.304
343 511 7 9 0.301
287 440 6 8 0.299
898 551 8 10 0.299
125 713 8 11 0.286
143 364 6 7 0.282
498 754 11 13 0.275
169 378 5 7 0.273
125 328 5 6 0.271
157 329 5 6 0.268
65 362 6 7 0.268
170 376 6 8 0.263
990 732 10 11 0.263
237 320 5 7 0.261
706 618 7 10 0.239
357 608 9 11 0.238
896 549 9 10 0.233
89 378 7 8 0.228
288 387 6 8 0.225
109 331 7 7 0.223
621 405 7 8 0.223
163 491 6 9 0.223
467 492 6 8 0.222
750 706 9 11 0.217
587 592 8 10 0.216
904 674 10 10 0.214
92 738 9 13 0.213
632 566 7 10 0.210
353 607 10 12 0.205
349 604 9 11 0.203
147 472 6 7 0.202
859 720 8 11 0.202
96 731 10 12 0.198
303 641 7 9 0.195
131 734 10 12 0.194
370 716 10 12 0.191
747 723 10 12 0.188
276 456 6 7 0.187
35 396 7 8 0.186
679 593 8 10 0.186
173 485 10 9 0.182
741 622 8 15 0.181
946 651 8 9 0.180
25 661 8 11 0.178
418 760 12 8 0.178
302 301 7 8 0.168
133 376 6 8 0.168
1015 636 8 11 0.168
734 760 11 9 0.168
279 471 11 10 0.166
359 609 9 13 0.165
481 578 9 12 0.165
181 347 5 12 0.164
369 737 11 13 0.164
403 364 5 7 0.163
91 716 9 26 0.161
321 306 5 6 0.155
621 652 7 11 0.155
258 310 6 8 0.153
146 639 9 10 0.151
719 667 10 12 0.147
334 290 5 6 0.144
61 375 7 9 0.144
230 490 7 9 0.141
680 691 9 12 0.139
218 321 5 6 0.133
126 328 6 7 0.130
612 389 6 7 0.130
304 410 7 9 0.128
92 362 6 7 0.127
695 731 9 12 0.127
559 363 5 7 0.125
600 441 6 8 0.125
476 586 9 11 0.125
708 618 8 9 0.125
966 179 5 6 0.122
743 620 12 28 0.122
465 744 9 10 0.122
419 667 7 11 0.121
480 607 7 10 0.120
497 581 10 13 0.119
526 350 5 7 0.119
499 579 16 10 0.119
345 724 25 14 0.117
171 465 8 9 0.115
345 603 9 11 0.115
756 693 10 13 0.114
93 333 6 7 0.112
427 416 9 9 0.111
988 712 10 12 0.110
505 691 9 10 0.110
410 311 5 7 0.109
339 334 7 8 0.109
27 349 6 8 0.106
841 742 10 12 0.106
483 598 10 12 0.104
227 487 7 10 0.103
563 644 8 9 0.103
471 334 5 7 0.102
488 352 5 8 0.102
236 686 8 10 0.102
90 303 6 9 0.100
707 673 10 12 0.100
72 442 7 9 0.100
525 739 16 14 0.099
1 517 8 12 0.098
88 743 10 14 0.098
586 391 7 8 0.096
180 341 6 15 0.096
629 417 6 16 0.096
200 492 7 8 0.096
680 590 9 14 0.095
637 672 9 19 0.095
303 355 6 8 0.095
340 493 7 12 0.094
644 633 10 10 0.094
236 689 9 12 0.094
410 313 6 9 0.093
253 697 10 44 0.092
365 309 5 7 0.092
192 653 8 9 0.092
627 409 6 19 0.091
902 632 9 11 0.090
947 713 11 11 0.090
517 372 6 6 0.090
257 470 7 22 0.089
159 328 5 6 0.089
593 713 8 10 0.088
546 404 6 7 0.087
484 566 9 30 0.087
589 418 6 7 0.087
381 501 6 9 0.087
413 317 6 12 0.086
750 700 9 26 0.086
385 491 7 9 0.085
313 271 5 7 0.084
157 323 5 20 0.082
749 718 10 13 0.082
635 389 5 8 0.082
622 401 7 15 0.082
568 600 9 11 0.081
637 665 8 9 0.080
543 492 6 8 0.080
104 680 8 11 0.080
259 478 7 7 0.079
508 415 7 7 0.078
759 692 9 11 0.078
90 306 6 8 0.077
418 427 6 8 0.077
739 571 7 8 0.077
222 352 5 6 0.075
628 569 8 10 0.075
171 760 11 8 0.075
63 361 8 27 0.073
672 544 7 9 0.073
914 731 11 13 0.073
437 266 6 8 0.073
178 363 7 9 0.073
484 575 9 11 0.071
231 552 7 9 0.070
239 440 6 16 0.070
182 348 6 25 0.069
69 485 7 9 0.069
151 340 5 8 0.068
568 596 8 11 0.066
192 699 8 10 0.066
301 294 8 27 0.065
204 346 6 10 0.065
143 498 8 9 0.065
830 615 6 8 0.065
485 575 16 10 0.064
265 627 7 10 0.064
187 323 5 8 0.064
92 334 5 7 0.064
335 483 7 7 0.064
178 725 11 13 0.064
682 681 8 58 0.063
411 321 7 9 0.063
64 376 8 8 0.063
614 499 7 8 0.063
439 480 7 9 0.063
295 412 6 8 0.062
505 433 6 9 0.062
640 489 7 9 0.062
679 543 9 10 0.062
113 298 7 7 0.062
142 446 6 9 0.062
181 346 5 7 0.061
486 570 7 10 0.061
896 634 12 11 0.061
469 333 5 7 0.060
243 569 8 10 0.060
844 658 9 9 0.060
316 692 10 13 0.060
127 732 10 13 0.060
628 424 6 9 0.059
415 557 7 8 0.059
368 410 5 8 0.058
32 571 8 10 0.058
363 307 6 7 0.057
907 634 12 11 0.056
287 432 7 9 0.056
637 714 9 11 0.056
167 372 9 19 0.055
217 319 6 12 0.055
951 467 8 9 0.055
338 484 8 22 0.054
24 659 8 10 0.054
918 411 6 8 0.054
156 353 10 7 0.053
547 372 5 9 0.053
18 755 8 9 0.053
235 426 7 31 0.053
526 451 8 10 0.052
342 498 9 26 0.052
206 348 6 7 0.052
366 410 6 8 0.052
605 713 10 10 0.051
312 269 6 13 0.051
206 345 8 13 0.050
489 581 10 26 0.050
797 756 9 11 0.050
953 465 8 10 0.050
990 715 9 13 0.050
121 654 9 10 0.049
831 614 7 8 0.049
695 658 8 10 0.049
585 409 11 22 0.048
752 696 9 16 0.048
840 735 9 13 0.048
433 414 8 10 0.048
337 489 7 10 0.048
722 636 9 66 0.047
756 591 9 10 0.047
345 605 17 11 0.047
250 275 5 7 0.047
625 591 8 10 0.047
111 670 9 11 0.047
900 624 14 31 0.046
797 671 8 10 0.046
95 746 9 17 0.046
187 294 5 7 0.046
511 580 9 10 0.046
592 710 13 12 0.046
733 534 7 10 0.045
404 557 11 11 0.045
564 640 9 10 0.045
356 679 9 10 0.045
27 347 6 7 0.045
516 381 5 7 0.045
29 568 9 11 0.045
246 425 10 10 0.044
505 576 8 9 0.044
33 574 7 9 0.044
893 533 9 38 0.044
750 632 8 12 0.044
549 367 7 12 0.043
504 414 10 7 0.043
656 636 10 9 0.043
171 366 10 21 0.043
583 409 8 16 0.043
300 463 10 14 0.043
141 500 7 9 0.043
757 683 10 37 0.043
141 640 8 12 0.042
948 759 12 9 0.042
851 709 17 37 0.042
506 427 7 13 0.042
58 375 6 19 0.042
354 652 11 13 0.041
836 711 11 12 0.041
77 722 10 14 0.041
420 664 9 11 0.041
33 390 7 19 0.041
353 629 8 11 0.040
931 633 9 10 0.040
297 312 9 8 0.040
316 535 8 9 0.040
528 750 11 13 0.040
271 645 8 10 0.040
331 384 5 10 0.039
242 608 8 10 0.039
442 588 11 15 0.039
387 541 7 9 0.039
166 677 7 8 0.039
608 714 9 11 0.039
778 681 9 11 0.038
781 683 8 10 0.038
649 743 10 12 0.038
432 309 5 7 0.038
407 260 7 10 0.038
841 748 12 11 0.038
640 469 7 71 0.037
213 721 9 12 0.036
677 443 8 9 0.036
352 635 11 13 0.036
599 712 14 14 0.036
218 441 7 9 0.036
301 643 8 10 0.036
201 671 8 10 0.035
302 298 6 18 0.035
298 459 8 13 0.034
513 373 6 8 0.034
92 446 12 12 0.034
67 530 8 10 0.034
308 410 7 9 0.034
104 573 8 10 0.034
366 601 9 10 0.034
798 749 11 15 0.034
274 253 6 8 0.033
391 272 6 9 0.033
26 348 8 22 0.033
404 370 6 9 0.033
703 532 7 9 0.033
517 369 5 16 0.032
486 347 7 19 0.032
899 727 12 16 0.032
240 432 6 30 0.032
340 327 7 19 0.032
164 679 8 10 0.032
351 500 7 8 0.032
270 533 8 9 0.032
420 669 9 11 0.032
85 748 11 19 0.032
685 583 8 11 0.031
259 297 6 23 0.031
629 746 11 20 0.031
59 376 6 9 0.031
501 614 8 10 0.030
587 415 9 12 0.030
64 365 7 10 0.030
149 337 5 27 0.030
525 344 7 22 0.030
115 659 10 20 0.030
591 657 9 17 0.030
884 614 11 25 0.029
353 673 10 13 0.029
910 734 11 13 0.029
642 486 8 8 0.029
693 583 14 10 0.029
55 393 7 9 0.029
100 755 8 11 0.029
161 482 22 17 0.029
884 636 13 11 0.028
112 671 12 12 0.028
950 714 11 12 0.028
965 172 9 19 0.028
150 639 9 9 0.028
890 674 10 15 0.028
492 695 8 11 0.028
660 640 7 9 0.028
82 750 9 16 0.028
990 178 6 6 0.028
408 261 7 12 0.028
471 588 12 17 0.028
638 481 6 8 0.027
21 563 9 11 0.027
245 655 9 11 0.027
855 711 12 14 0.027
895 725 12 13 0.027
393 364 6 8 0.027
483 595 17 15 0.026
412 325 6 8 0.026
507 419 7 16 0.026
632 423 7 9 0.026
922 454 6 9 0.026
200 675 9 11 0.026
769 639 12 17 0.026
439 534 7 10 0.025
137 671 9 10 0.025
20 365 8 10 0.025
625 579 9 11 0.025
850 712 10 12 0.025
997 733 11 12 0.025
176 257 7 8 0.025
230 424 6 6 0.025
677 540 13 16 0.025
349 663 9 15 0.025
227 461 8 16 0.024
24 478 8 14 0.024
138 672 10 13 0.024
849 676 13 15 0.024
232 555 8 11 0.024
304 636 10 20 0.024
460 681 8 10 0.024
834 706 10 16 0.024
186 321 6 7 0.024
182 343 5 40 0.024
249 271 7 21 0.024
333 487 8 11 0.024
438 582 11 12 0.024
326 706 11 13 0.024
524 539 7 9 0.024
343 538 8 11 0.023
519 369 10 15 0.023
309 413 6 22 0.023
79 695 10 11 0.023
135 690 10 12 0.023
463 687 8 11 0.023
585 524 6 99 0.023
638 586 8 94 0.023
19 367 7 10 0.023
571 585 9 10 0.023
403 359 6 7 0.023
499 411 7 9 0.023
590 467 6 8 0.023
189 567 8 10 0.023
769 710 12 13 0.023
409 309 6 7 0.023
445 586 8 10 0.022
163 423 9 65 0.022
152 592 8 10 0.022
34 395 8 13 0.022
237 560 10 21 0.022
121 651 8 10 0.022
634 708 11 14 0.022
626 613 10 11 0.022
513 758 17 11 0.022
257 451 10 55 0.022
460 602 13 15 0.022
737 601 8 44 0.022
296 284 5 7 0.022
979 550 8 8 0.022
683 723 11 20 0.022
723 509 7 10 0.021
685 642 8 10 0.021
30 402 7 10 0.021
757 688 11 13 0.021
11 710 13 12 0.021
412 310 5 28 0.021
105 376 10 9 0.021
342 242 5 8 0.021
27 482 8 15 0.021
724 653 9 12 0.021
395 535 28 46 0.021
572 745 9 13 0.020
219 494 8 10 0.020
800 749 16 19 0.020
654 390 10 9 0.020
586 579 8 24 0.020
23 561 9 10 0.020
488 315 8 8 0.020
572 455 8 10 0.020
493 462 8 15 0.020
666 573 9 10 0.020
227 473 10 26 0.020
183 701 10 10 0.020
923 578 16 111 0.020
262 621 9 16 0.020
678 704 9 12 0.020
300 441 7 56 0.020
155 675 8 111 0.020
656 392 7 9 0.020
500 604 10 20 0.020
104 663 10 44 0.020
983 714 10 13 0.020
800 664 11 12 0.019
549 405 10 13 0.019
279 428 10 24 0.019
22 477 8 12 0.019
944 752 15 16 0.019
160 255 5 7 0.019
523 535 12 11 0.019
919 565 9 12 0.019
771 648 9 22 0.019
910 724 13 14 0.019
187 315 6 15 0.019
63 502 7 9 0.019
796 743 18 29 0.019
73 726 11 13 0.019
590 706 10 13 0.019
941 736 10 12 0.019
298 279 5 18 0.019
446 586 8 22 0.018
305 640 8 9 0.018
559 360 5 7 0.018
503 409 7 10 0.018
572 739 14 18 0.018
154 336 12 29 0.018
430 409 6 9 0.018
573 642 14 13 0.018
498 413 20 7 0.018
22 386 7 10 0.018
380 513 8 18 0.018
73 718 9 15 0.018
26 564 9 14 0.018
736 434 7 9 0.018
118 479 7 9 0.018
274 248 6 21 0.018
821 748 12 14 0.018
285 431 8 14 0.017
529 343 7 12 0.017
768 660 13 15 0.017
741 594 8 55 0.017
681 689 16 15 0.017
339 337 6 7 0.017
714 644 8 12 0.017
921 159 5 7 0.017
179 354 7 26 0.017
412 646 10 13 0.017
333 381 9 11 0.017
231 423 11 54 0.017
411 754 40 16 0.016
479 742 11 13 0.016
509 577 7 8 0.016
238 571 12 14 0.016
337 599 9 10 0.016
914 705 18 58 0.016
612 330 7 8 0.016
477 740 9 12 0.016
142 360 7 19 0.016
526 538 9 12 0.016
111 449 7 10 0.016
828 693 9 12 0.016
947 740 12 34 0.016
165 380 7 16 0.016
805 742 13 20 0.016
334 480 6 9 0.016
108 330 10 9 0.016
857 674 10 11 0.016
283 265 7 17 0.016
142 378 10 10 0.016
408 642 8 11 0.015
1005 683 10 11 0.015
145 404 7 11 0.015
66 522 11 20 0.015
379 525 9 11 0.015
330 378 12 19 0.015
35 439 7 11 0.015
806 692 8 10 0.015
153 644 9 9 0.015
61 669 9 10 0.015
284 270 5 7 0.015
254 506 7 16 0.015
682 734 9 11 0.015
672 543 20 10 0.015
494 464 7 8 0.015
341 302 8 19 0.015
121 743 11 13 0.015
883 390 7 8 0.015
229 682 9 12 0.015
467 363 10 21 0.014
295 395 8 26 0.014
186 290 11 16 0.014
59 479 10 12 0.014
337 605 11 16 0.014
559 647 8 11 0.014
897 739 12 20 0.014
282 434 7 18 0.014
564 598 9 89 0.014
826 700 10 12 0.014
406 754 11 12 0.014
396 382 9 9 0.014
98 571 11 9 0.014
418 670 7 10 0.014
773 643 8 10 0.014
942 759 16 10 0.014
808 526 6 8 0.014
118 649 11 30 0.014
345 301 8 17 0.014
83 748 21 20 0.014
768 624 9 56 0.014
260 305 10 17 0.014
580 448 10 15 0.014
332 604 8 10 0.014
579 481 8 9 0.014
345 543 9 9 0.014
209 254 5 7 0.014
375 731 10 12 0.014
634 393 10 20 0.014
880 638 10 12 0.014
159 328 8 24 0.013
615 280 6 7 0.013
567 479 9 9 0.013
234 694 10 12 0.013
343 286 9 14 0.013
945 732 13 15 0.013
372 379 10 18 0.013
572 754 10 11 0.013
279 385 8 11 0.013
511 646 8 12 0.013
173 253 10 17 0.013
431 303 6 14 0.013
192 568 9 10 0.013
202 293 10 17 0.013
248 421 7 11 0.013
18 557 9 12 0.013
29 622 8 10 0.013
590 645 11 25 0.013
938 738 11 12 0.013
750 529 8 9 0.013
190 368 6 16 0.013
364 309 8 18 0.013
557 468 8 15 0.013
144 344 6 43 0.013
702 761 12 7 0.013
922 161 6 7 0.013
344 321 9 20 0.012
408 256 7 7 0.012
941 468 7 9 0.012
234 267 7 9 0.012
252 336 6 8 0.012
345 726 10 14 0.012
259 427 10 11 0.012
331 384 8 8 0.012
344 303 6 15 0.012
672 533 17 33 0.012
808 735 10 13 0.012
26 350 8 11 0.012
886 626 17 32 0.012
493 606 13 20 0.012
633 381 11 24 0.012
467 695 9 11 0.012
196 624 7 84 0.012
665 576 8 10 0.012
995 731 18 15 0.012
102 353 14 25 0.012
156 328 7 9 0.012
629 745 20 22 0.012
520 594 8 12 0.012
946 734 13 21 0.012
489 312 9 13 0.012
40 530 6 10 0.012
88 667 24 110 0.011
373 362 8 15 0.011
896 622 10 12 0.011
768 713 12 20 0.011
145 446 7 57 0.011
1016 728 9 18 0.011
77 548 8 11 0.011
133 680 12 20 0.011
312 683 10 13 0.011
346 519 9 26 0.011
33 642 42 52 0.011
354 521 38 42 0.011
706 635 12 68 0.011
358 234 9 14 0.011
598 323 9 13 0.011
70 525 14 15 0.011
85 526 7 9 0.011
106 367 11 22 0.011
252 642 11 16 0.011
346 662 16 28 0.011
665 573 10 19 0.011
776 667 11 15 0.011
585 716 12 14 0.011
701 649 14 23 0.011
806 528 8 9 0.011
234 620 9 11 0.011
94 736 9 24 0.011
707 615 8 9 0.011
216 697 10 12 0.011
308 427 6 8 0.011
434 257 9 19 0.011
63 526 8 11 0.011
338 481 6 7 0.011
525 347 9 7 0.011
368 374 8 14 0.011
309 427 9 11 0.011
62 512 8 13 0.011
910 645 12 11 0.011
686 638 7 10 0.011
717 503 8 10 0.011
274 530 9 10 0.010
430 578 11 14 0.010
473 326 8 17 0.010
31 360 7 9 0.010
557 406 10 19 0.010
982 549 8 8 0.010
338 331 10 21 0.010
186 698 13 16 0.010
955 471 10 10 0.010
184 316 15 20 0.010
284 302 8 14 0.010
69 528 9 10 0.010
233 551 15 33 0.010
715 752 16 12 0.010
111 282 6 20 0.010
234 624 8 12 0.010
587 664 10 13 0.010
558 469 7 9 0.010
304 298 16 27 0.010
755 581 9 19 0.010
402 559 19 9 0.010
288 299 11 26 0.010
766 652 9 14 0.010
986 549 8 9 0.010
515 383 5 7 0.010
496 458 7 12 0.010
