2_Demonstration_Demonstration_Or_Protest_2_512
238
967 368 56 90 0.848
148 290 45 54 0.843
404 239 24 30 0.826
952 311 40 45 0.725
223 286 34 43 0.680
917 195 11 14 0.648
119 348 41 69 0.595
92 294 36 40 0.568
991 206 12 14 0.558
636 301 20 48 0.495
140 249 28 33 0.493
536 240 13 17 0.482
471 229 10 13 0.479
629 259 20 25 0.416
671 279 24 42 0.415
935 280 22 27 0.372
922 261 17 21 0.357
968 270 16 18 0.339
949 211 11 14 0.330
548 226 11 14 0.266
954 195 11 14 0.261
836 269 21 29 0.258
987 271 15 18 0.254
656 247 17 21 0.249
710 302 26 58 0.242
655 243 13 16 0.233
115 224 13 16 0.222
734 256 17 21 0.221
782 250 14 20 0.213
593 237 14 18 0.203
1 224 23 37 0.200
776 235 11 14 0.199
272 246 19 25 0.199
952 198 12 16 0.198
176 219 16 18 0.195
637 244 13 15 0.195
416 304 68 81 0.183
875 320 34 46 0.182
950 204 12 18 0.177
713 221 9 12 0.174
788 288 30 36 0.146
586 283 20 31 0.141
996 296 17 23 0.129
303 232 21 30 0.129
262 369 41 74 0.128
914 261 17 21 0.124
511 279 19 30 0.122
1004 258 14 18 0.120
902 268 16 20 0.114
778 238 14 21 0.111
355 238 16 22 0.110
295 206 13 15 0.109
170 230 17 20 0.104
957 265 16 17 0.102
970 273 19 20 0.102
856 221 12 16 0.099
781 238 14 38 0.098
930 315 20 27 0.096
274 234 15 23 0.094
929 272 20 28 0.093
207 236 19 28 0.093
919 257 16 17 0.090
620 239 16 21 0.089
967 249 12 14 0.089
961 258 15 29 0.087
299 300 30 53 0.084
846 263 17 23 0.084
304 228 15 20 0.083
1011 185 11 16 0.080
675 421 56 111 0.080
628 239 13 15 0.078
211 230 16 22 0.077
637 244 39 20 0.075
497 240 14 23 0.072
168 238 16 18 0.071
928 283 20 26 0.070
969 269 41 21 0.068
686 238 12 16 0.058
880 330 37 49 0.057
874 316 27 38 0.057
835 204 12 14 0.057
1011 270 12 20 0.057
952 263 14 17 0.056
719 245 14 17 0.055
159 204 11 14 0.054
215 228 13 17 0.051
780 253 18 26 0.049
353 229 15 28 0.048
722 246 17 23 0.047
824 241 10 14 0.047
853 259 18 21 0.046
490 219 10 14 0.045
298 310 42 77 0.044
348 219 11 14 0.043
366 200 11 13 0.043
622 253 18 25 0.043
982 195 20 21 0.043
927 276 35 45 0.042
1014 276 10 18 0.042
132 349 52 54 0.041
914 200 11 13 0.041
1012 204 11 13 0.041
1013 192 10 24 0.041
297 230 19 25 0.041
794 313 35 45 0.040
797 219 13 14 0.040
117 292 44 45 0.040
797 286 30 36 0.040
317 204 10 13 0.040
306 248 20 26 0.040
711 217 9 14 0.040
622 220 10 13 0.039
332 214 13 16 0.039
938 313 29 32 0.037
997 311 23 36 0.036
1005 314 16 24 0.036
713 204 10 41 0.035
195 229 16 23 0.035
809 212 10 14 0.034
736 224 9 13 0.034
787 297 21 26 0.034
656 229 22 47 0.033
183 219 17 23 0.033
803 218 10 13 0.033
397 203 12 17 0.033
501 243 14 21 0.033
917 255 13 16 0.032
981 270 24 25 0.032
650 286 35 51 0.032
978 185 11 15 0.031
839 204 12 13 0.031
974 195 12 19 0.030
773 246 15 19 0.030
993 290 17 24 0.030
823 244 13 17 0.030
402 209 10 14 0.030
242 241 13 17 0.029
296 242 18 26 0.028
210 249 18 24 0.028
565 215 47 52 0.027
812 207 12 19 0.027
497 236 10 16 0.027
160 198 13 19 0.026
250 234 15 18 0.026
245 217 14 17 0.026
973 205 11 15 0.026
103 296 23 29 0.025
737 221 10 19 0.025
445 227 15 19 0.025
838 277 21 27 0.025
201 240 21 31 0.025
950 275 18 24 0.025
640 294 34 52 0.024
246 235 15 18 0.024
970 221 11 13 0.024
925 311 19 26 0.024
634 300 19 29 0.022
250 212 12 21 0.022
835 200 12 29 0.022
155 199 16 22 0.021
206 249 31 48 0.021
293 188 26 51 0.021
100 238 13 17 0.020
593 231 11 16 0.020
969 238 11 20 0.020
275 229 13 18 0.020
396 183 9 13 0.020
99 231 27 23 0.020
797 211 16 27 0.019
347 211 14 23 0.019
362 234 16 21 0.019
183 212 13 16 0.019
315 201 14 24 0.018
775 227 11 18 0.018
429 210 9 12 0.018
839 203 15 26 0.018
97 235 20 25 0.018
824 230 27 82 0.018
990 211 13 15 0.017
712 242 15 16 0.017
900 191 11 13 0.017
623 217 12 27 0.016
112 221 18 25 0.016
749 234 13 21 0.016
250 225 13 17 0.016
874 321 18 27 0.016
204 252 25 31 0.016
793 212 14 22 0.016
210 243 34 29 0.015
158 201 17 25 0.015
436 225 14 15 0.015
407 293 46 59 0.015
22 191 17 20 0.015
391 201 13 16 0.015
313 200 16 14 0.015
221 223 13 17 0.015
714 181 11 100 0.014
443 205 22 60 0.014
832 218 19 13 0.014
717 190 11 27 0.014
278 224 14 24 0.014
874 188 9 12 0.014
751 243 16 16 0.014
362 241 18 24 0.013
518 275 20 30 0.013
295 199 12 14 0.013
387 205 13 19 0.013
745 202 13 28 0.013
785 214 13 16 0.013
236 241 18 22 0.013
716 235 15 35 0.013
797 324 36 50 0.013
352 248 18 25 0.013
971 350 47 61 0.013
273 215 29 66 0.013
924 290 20 27 0.013
416 190 10 12 0.012
717 199 11 12 0.012
584 237 22 34 0.012
767 202 12 14 0.012
734 204 10 29 0.012
159 175 16 72 0.011
975 182 12 14 0.011
750 205 16 25 0.011
674 242 19 21 0.011
435 225 17 24 0.011
731 194 16 26 0.011
734 227 12 24 0.011
154 351 29 43 0.011
237 288 22 29 0.011
998 256 21 25 0.011
195 237 17 24 0.010
359 201 15 26 0.010
522 629 71 54 0.010
738 231 21 20 0.010
17 225 35 35 0.010
458 211 15 14 0.010
1013 172 10 25 0.010
