2_Demonstration_Political_Rally_2_985
57
786 561 148 180 0.874
551 474 60 75 0.873
17 445 27 40 0.761
119 451 30 32 0.756
360 403 25 33 0.733
390 395 20 27 0.733
316 409 45 106 0.724
982 377 34 40 0.714
91 424 21 27 0.663
75 541 16 20 0.584
624 288 12 16 0.573
114 556 15 20 0.438
192 436 23 30 0.403
787 297 14 17 0.275
6 412 15 19 0.268
273 212 9 12 0.252
354 399 32 54 0.252
128 424 13 16 0.233
656 298 12 15 0.213
94 550 16 18 0.141
85 461 26 36 0.124
11 415 21 37 0.101
412 418 12 17 0.097
129 423 17 22 0.091
186 390 13 16 0.066
68 424 18 22 0.056
104 423 23 24 0.051
74 415 20 26 0.047
32 409 13 16 0.038
119 424 23 20 0.037
4 513 19 36 0.037
64 538 65 34 0.035
187 441 16 22 0.034
118 416 18 24 0.029
38 576 24 30 0.027
330 443 59 82 0.026
399 410 22 24 0.023
618 288 13 17 0.022
42 570 22 27 0.019
197 440 25 33 0.019
880 386 18 26 0.018
44 550 25 57 0.018
137 409 31 37 0.017
140 412 20 29 0.017
333 397 27 50 0.016
87 473 27 36 0.016
96 555 16 19 0.015
151 419 16 19 0.015
344 396 25 35 0.015
381 468 29 42 0.015
960 384 16 22 0.013
78 409 17 22 0.012
135 405 14 17 0.012
138 407 17 17 0.012
167 408 15 26 0.011
271 206 11 15 0.011
406 412 20 28 0.011
