2_Demonstration_Demonstration_Or_Protest_2_453
94
60 308 31 45 0.849
472 234 87 107 0.840
10 295 41 53 0.836
737 311 17 22 0.829
754 329 21 26 0.797
607 296 24 33 0.788
574 325 29 36 0.787
399 266 42 57 0.786
692 312 20 25 0.762
718 337 18 24 0.743
806 310 18 25 0.715
720 317 19 22 0.681
268 334 22 27 0.665
913 322 18 23 0.657
649 279 20 30 0.656
184 280 58 70 0.619
662 308 20 25 0.597
210 287 44 58 0.573
754 306 14 18 0.508
0 80 13 83 0.216
721 311 38 22 0.204
556 327 11 17 0.182
171 274 51 68 0.177
778 307 12 17 0.159
801 314 18 24 0.147
293 324 15 19 0.142
225 293 32 48 0.088
876 338 12 19 0.084
760 306 19 19 0.081
237 316 18 26 0.073
800 277 11 17 0.073
830 327 15 23 0.070
552 318 21 31 0.052
828 334 17 24 0.051
541 349 14 18 0.048
335 311 28 38 0.047
803 276 12 15 0.044
834 305 14 26 0.042
560 325 20 25 0.039
680 378 18 23 0.038
640 284 19 25 0.038
774 318 14 20 0.037
836 285 15 19 0.037
837 295 14 26 0.036
1007 255 16 60 0.033
1005 271 19 79 0.032
754 302 13 16 0.032
286 325 19 22 0.031
665 382 24 24 0.031
956 260 10 13 0.031
562 238 11 20 0.030
558 325 14 21 0.030
764 323 19 25 0.030
560 243 14 23 0.030
561 305 20 22 0.029
769 320 17 24 0.025
878 331 13 20 0.025
834 321 15 21 0.025
749 304 16 19 0.024
700 361 18 24 0.023
530 317 15 21 0.021
1009 260 14 28 0.020
555 310 36 39 0.020
579 313 32 43 0.020
539 290 30 51 0.019
541 340 17 24 0.019
1013 378 11 44 0.019
636 287 15 20 0.019
806 342 17 22 0.018
833 332 17 24 0.018
260 325 33 43 0.018
531 301 18 27 0.018
810 313 21 25 0.017
679 370 33 31 0.016
686 370 19 25 0.016
834 281 13 17 0.016
810 272 13 19 0.016
1013 256 11 25 0.016
813 309 32 50 0.016
97 314 17 27 0.016
856 288 14 19 0.015
1015 387 10 27 0.015
564 237 11 18 0.014
707 350 19 25 0.013
1015 256 9 17 0.013
92 310 27 35 0.012
548 307 27 37 0.012
508 251 54 83 0.012
957 262 13 15 0.011
802 272 19 22 0.011
992 283 30 60 0.010
667 315 18 23 0.010
676 277 15 20 0.010
552 303 18 30 0.010
