2_Demonstration_Demonstration_Or_Protest_2_242
32
19 489 27 33 0.797
166 514 58 92 0.777
271 504 30 42 0.690
805 353 55 79 0.669
260 588 34 42 0.585
760 453 17 19 0.249
754 459 20 22 0.095
769 400 7 9 0.092
744 429 13 15 0.058
765 449 15 18 0.038
778 450 10 13 0.038
1014 412 10 19 0.033
769 401 8 13 0.032
1017 125 8 48 0.030
1 506 14 68 0.028
977 412 12 19 0.028
752 436 24 43 0.028
269 514 22 29 0.027
0 498 11 33 0.026
753 465 17 20 0.023
0 537 14 42 0.020
988 428 15 23 0.020
747 417 14 30 0.017
0 494 12 22 0.017
0 531 13 23 0.014
1009 409 14 31 0.013
767 423 10 13 0.013
9 511 17 26 0.013
425 537 41 61 0.011
976 411 11 14 0.011
979 416 18 28 0.011
0 509 17 25 0.010
