2_Demonstration_Political_Rally_2_406
30
505 698 62 70 0.886
620 629 140 139 0.878
808 632 168 136 0.863
251 547 22 26 0.859
125 588 24 30 0.844
491 581 23 30 0.844
139 559 22 29 0.843
262 596 98 117 0.842
560 616 37 48 0.841
68 556 21 23 0.788
746 337 15 17 0.735
326 546 18 29 0.722
383 625 41 56 0.707
207 628 23 24 0.662
773 594 39 54 0.572
250 603 39 66 0.476
250 615 30 40 0.306
29 672 35 53 0.209
0 583 19 31 0.155
0 165 12 19 0.093
808 361 11 15 0.071
383 580 19 21 0.070
165 650 23 50 0.057
546 622 35 44 0.054
687 158 10 12 0.017
789 661 52 92 0.017
807 370 11 14 0.013
763 600 54 78 0.012
221 630 19 21 0.011
773 633 91 118 0.010
