2_Demonstration_Protesters_2_369
40
534 372 121 134 0.896
277 451 113 112 0.894
963 196 61 110 0.836
639 351 51 67 0.814
605 269 26 30 0.739
658 311 33 39 0.685
615 306 28 36 0.666
185 83 47 60 0.503
611 349 78 92 0.445
420 54 15 20 0.384
66 532 79 90 0.380
698 282 19 26 0.243
456 49 13 17 0.205
613 283 27 66 0.179
629 260 18 24 0.075
437 111 13 18 0.064
1000 56 25 67 0.061
638 265 15 19 0.059
700 232 19 22 0.051
386 47 14 21 0.037
91 558 53 58 0.037
607 312 34 44 0.033
631 254 15 19 0.031
742 246 44 51 0.031
598 314 28 38 0.031
589 313 40 57 0.028
636 309 22 28 0.027
988 25 36 96 0.023
775 245 20 26 0.021
765 239 33 38 0.020
799 250 21 25 0.017
755 274 40 48 0.017
615 267 27 28 0.016
699 223 22 27 0.016
332 293 13 17 0.015
718 301 27 36 0.014
399 -1 30 17 0.014
1001 19 24 78 0.013
689 289 20 24 0.012
775 282 24 38 0.010
