2_Demonstration_Demonstrators_2_329
66
251 96 63 78 0.894
859 167 40 47 0.851
205 50 46 58 0.851
134 91 48 53 0.837
114 35 36 46 0.832
932 181 33 40 0.751
374 99 26 31 0.745
605 175 12 16 0.717
793 191 21 28 0.692
664 150 24 34 0.690
982 222 24 30 0.682
33 1 42 55 0.678
706 165 27 39 0.673
733 168 20 26 0.669
68 51 31 36 0.581
620 158 9 12 0.565
960 190 22 35 0.352
650 157 9 14 0.301
1001 222 21 28 0.259
565 164 9 12 0.246
784 177 13 20 0.223
909 162 15 23 0.171
813 202 16 20 0.147
590 161 11 13 0.112
648 153 13 26 0.095
729 156 17 18 0.093
645 175 10 13 0.087
806 197 19 24 0.081
780 206 18 25 0.077
782 196 29 29 0.065
785 181 19 28 0.064
583 145 9 11 0.060
738 214 16 25 0.046
349 102 24 31 0.042
906 167 16 28 0.040
380 129 23 30 0.036
766 196 19 23 0.035
584 153 19 14 0.033
333 113 32 36 0.029
585 147 10 25 0.023
646 170 13 20 0.023
775 209 18 24 0.023
620 154 9 11 0.022
371 103 32 44 0.022
623 158 11 13 0.020
808 214 20 24 0.019
831 185 16 20 0.019
602 154 14 21 0.018
994 226 22 26 0.018
377 136 29 38 0.018
901 163 20 25 0.016
365 100 21 27 0.015
1008 227 15 25 0.015
319 93 25 29 0.015
784 214 13 17 0.015
316 88 18 27 0.014
549 210 13 16 0.013
722 156 18 22 0.013
730 153 13 14 0.013
394 125 28 40 0.012
551 206 13 17 0.011
66 45 23 29 0.011
358 103 23 27 0.011
692 158 37 43 0.011
897 174 20 27 0.010
414 118 41 57 0.010
