2_Demonstration_Protesters_2_684
619
109 497 18 23 0.795
870 431 20 25 0.784
773 413 14 19 0.781
739 377 12 16 0.774
850 575 55 63 0.766
953 476 21 25 0.748
736 436 16 20 0.747
693 364 12 14 0.742
910 416 17 22 0.737
231 422 16 19 0.708
662 443 17 19 0.708
205 372 12 15 0.706
77 402 14 16 0.702
2 480 19 24 0.688
792 560 23 25 0.672
1005 312 11 12 0.671
562 468 16 21 0.666
689 329 10 13 0.665
1004 337 12 13 0.663
306 389 14 17 0.663
537 375 11 13 0.661
858 388 15 19 0.653
885 334 12 14 0.644
365 372 11 15 0.638
575 361 10 13 0.630
337 351 12 13 0.624
827 452 17 21 0.622
570 343 10 12 0.617
521 426 16 17 0.613
165 350 10 13 0.611
807 307 10 12 0.607
305 344 10 11 0.591
682 547 21 24 0.582
614 422 14 16 0.579
604 480 18 19 0.578
998 289 9 11 0.569
854 364 12 14 0.569
505 324 8 11 0.565
829 325 11 13 0.560
358 435 14 15 0.558
754 327 10 12 0.556
649 349 10 13 0.545
466 338 11 13 0.539
599 369 12 13 0.532
397 328 9 11 0.524
371 353 11 13 0.521
418 340 11 14 0.506
618 349 12 14 0.499
816 337 11 14 0.497
5 333 9 13 0.493
477 319 9 10 0.484
440 322 10 12 0.477
545 351 10 12 0.477
200 345 10 12 0.475
40 361 11 13 0.466
380 336 8 11 0.464
499 355 11 13 0.461
726 345 12 15 0.460
646 328 10 13 0.457
310 323 8 11 0.453
307 305 9 12 0.414
731 295 7 10 0.410
397 358 9 12 0.410
93 365 12 15 0.405
335 333 9 11 0.378
572 323 10 13 0.368
991 273 8 10 0.361
978 303 10 13 0.361
344 403 12 14 0.359
185 341 10 11 0.355
447 373 11 13 0.351
464 374 12 14 0.351
590 314 8 11 0.341
534 328 10 13 0.339
113 355 11 13 0.337
69 604 19 31 0.335
294 317 10 12 0.322
992 328 10 13 0.319
453 307 8 12 0.314
383 314 8 11 0.310
714 406 16 18 0.310
95 328 12 14 0.308
92 369 11 14 0.301
553 432 12 15 0.299
959 274 6 10 0.295
294 359 9 12 0.295
806 356 13 15 0.294
999 334 13 14 0.293
422 346 10 13 0.289
602 332 9 11 0.288
177 326 11 11 0.286
603 326 10 15 0.286
208 323 10 11 0.282
191 319 9 11 0.277
158 336 10 11 0.273
829 344 11 14 0.273
500 300 9 11 0.271
413 377 10 13 0.271
887 297 10 12 0.270
371 300 8 10 0.268
275 329 9 12 0.268
480 338 10 13 0.268
307 496 15 20 0.268
7 372 13 14 0.266
268 316 9 12 0.263
668 360 11 14 0.263
478 315 9 20 0.259
0 357 6 15 0.259
594 353 9 11 0.259
601 319 10 12 0.256
43 328 12 12 0.252
902 301 9 12 0.251
23 323 11 13 0.251
359 325 9 12 0.246
534 342 9 13 0.244
363 402 11 13 0.239
866 305 9 12 0.238
708 412 15 17 0.238
950 298 10 11 0.236
428 303 8 11 0.228
143 314 10 12 0.228
685 295 10 11 0.220
651 345 14 24 0.217
981 392 18 20 0.216
836 307 11 13 0.214
693 350 11 35 0.210
4 367 11 21 0.210
325 372 10 12 0.210
799 291 7 10 0.207
618 297 9 12 0.207
706 296 7 9 0.205
930 362 13 15 0.202
906 281 8 16 0.199
11 331 10 13 0.199
289 301 8 11 0.198
971 347 11 13 0.197
356 321 10 13 0.194
477 443 14 16 0.191
546 316 14 12 0.190
372 347 11 17 0.190
976 270 8 10 0.186
976 291 8 13 0.183
772 325 9 11 0.183
824 326 13 15 0.179
276 383 10 12 0.179
875 329 12 15 0.176
203 297 7 9 0.172
667 338 10 12 0.171
335 316 10 12 0.169
920 294 9 13 0.164
500 351 11 14 0.164
647 341 11 16 0.161
419 335 11 25 0.161
35 359 12 14 0.160
346 317 14 11 0.159
221 347 8 10 0.159
414 294 7 10 0.158
592 276 7 9 0.157
648 293 8 10 0.157
938 282 9 20 0.157
692 298 8 11 0.153
425 382 10 13 0.150
451 306 10 20 0.147
78 321 9 13 0.147
957 276 9 11 0.146
172 312 9 11 0.146
239 328 9 12 0.146
144 336 13 13 0.146
429 458 13 16 0.145
57 339 11 14 0.143
664 336 11 12 0.142
253 336 9 12 0.140
622 296 8 10 0.139
643 321 12 23 0.139
523 419 14 18 0.137
796 276 6 8 0.135
948 294 13 16 0.135
552 318 9 12 0.134
116 305 7 9 0.133
417 378 15 14 0.133
629 271 6 8 0.131
213 317 11 12 0.130
900 306 10 12 0.126
76 363 10 12 0.126
466 343 11 14 0.126
540 313 10 12 0.124
890 271 7 10 0.123
309 313 9 23 0.122
72 320 10 12 0.121
336 333 11 30 0.121
268 298 7 10 0.120
529 363 10 12 0.120
233 302 8 14 0.119
864 301 11 20 0.118
840 341 13 14 0.118
820 451 17 21 0.117
974 251 7 10 0.116
652 325 11 13 0.115
718 404 17 17 0.115
976 307 12 14 0.111
15 413 16 18 0.111
878 332 14 14 0.109
706 395 14 17 0.108
826 289 8 13 0.107
442 376 15 13 0.107
668 290 11 13 0.106
530 358 10 13 0.100
597 346 22 43 0.097
927 278 7 10 0.097
781 373 11 14 0.096
927 273 8 20 0.096
118 348 12 15 0.095
812 324 12 49 0.094
890 265 7 23 0.094
327 365 13 17 0.094
634 316 8 12 0.093
799 289 11 19 0.092
349 341 11 15 0.091
381 330 9 17 0.091
200 295 11 12 0.090
667 407 13 17 0.089
604 330 11 15 0.088
6 310 11 61 0.086
842 308 11 12 0.085
502 288 9 36 0.085
596 358 16 29 0.084
534 334 10 25 0.084
814 333 12 15 0.083
632 366 11 14 0.083
651 294 11 11 0.082
681 362 15 15 0.082
534 317 10 15 0.080
306 415 14 16 0.080
940 298 11 13 0.078
74 314 13 23 0.077
185 298 8 10 0.075
49 326 10 12 0.075
442 321 16 19 0.075
467 293 8 14 0.075
1 476 15 21 0.075
6 331 24 12 0.074
37 315 12 25 0.073
309 278 8 68 0.072
426 303 12 22 0.072
345 289 8 10 0.071
477 437 14 16 0.071
502 275 6 9 0.070
964 322 10 12 0.070
279 384 10 12 0.070
617 287 10 26 0.069
353 340 10 13 0.069
570 285 7 9 0.068
990 262 12 23 0.068
711 401 15 16 0.067
222 567 17 18 0.066
423 365 11 19 0.066
1004 376 14 19 0.065
223 342 10 12 0.064
330 408 13 15 0.064
394 387 12 14 0.063
407 296 9 27 0.061
646 285 7 16 0.061
57 301 8 10 0.061
395 289 11 25 0.061
867 302 12 28 0.060
413 331 11 22 0.060
120 384 10 12 0.060
667 292 27 12 0.059
117 421 14 20 0.059
4 330 13 20 0.059
713 438 16 17 0.059
116 304 8 18 0.058
20 410 15 19 0.057
614 278 9 20 0.057
268 295 9 27 0.057
868 306 8 18 0.057
570 284 8 19 0.057
446 292 10 12 0.057
860 326 11 18 0.056
504 298 10 16 0.056
422 351 10 13 0.056
572 293 10 64 0.055
678 290 17 16 0.054
91 317 13 25 0.053
537 310 17 25 0.053
732 272 7 8 0.052
794 273 7 14 0.052
850 290 11 17 0.052
405 306 12 28 0.052
308 322 16 11 0.052
888 268 7 59 0.052
465 287 9 27 0.052
112 301 12 15 0.052
425 306 12 13 0.051
16 376 12 15 0.051
499 297 8 10 0.051
887 361 12 14 0.051
647 290 7 10 0.051
384 299 11 28 0.050
850 356 14 17 0.050
232 294 8 23 0.049
316 325 17 13 0.049
97 333 11 13 0.049
438 325 26 11 0.049
262 279 7 12 0.049
842 337 12 14 0.049
926 358 15 18 0.049
10 416 13 18 0.049
534 316 23 14 0.048
907 279 8 29 0.048
623 295 11 16 0.048
120 306 8 10 0.047
1005 285 10 91 0.046
998 236 7 98 0.046
479 433 13 15 0.046
943 491 22 25 0.046
122 341 15 12 0.046
412 294 18 10 0.046
348 379 16 89 0.045
171 303 8 22 0.045
299 299 17 27 0.045
336 398 13 17 0.045
734 402 13 17 0.045
2 510 15 21 0.045
77 301 8 22 0.044
796 269 8 27 0.044
1011 240 9 20 0.043
956 284 14 26 0.043
240 323 10 16 0.043
861 304 11 29 0.043
112 411 13 17 0.043
428 340 14 14 0.043
508 347 10 13 0.043
569 331 11 26 0.042
341 292 12 10 0.042
976 268 9 31 0.042
1011 270 10 10 0.042
397 330 10 23 0.042
226 416 16 20 0.041
933 278 14 19 0.041
467 285 10 102 0.041
68 316 14 24 0.041
573 333 10 54 0.040
646 292 21 10 0.040
649 305 9 91 0.040
374 291 9 15 0.040
40 302 10 10 0.040
986 330 12 23 0.040
441 372 37 16 0.038
819 217 6 8 0.038
40 310 9 97 0.038
838 266 7 10 0.038
395 365 12 12 0.038
307 391 14 30 0.038
476 302 10 23 0.038
1008 374 13 17 0.038
725 305 9 12 0.037
321 357 11 14 0.037
859 335 12 13 0.037
232 412 14 17 0.037
907 259 16 25 0.036
324 314 18 21 0.036
427 289 8 9 0.036
500 306 9 93 0.036
344 382 10 14 0.035
119 427 13 17 0.035
14 359 13 76 0.035
814 450 17 21 0.035
340 485 15 18 0.035
593 370 11 13 0.034
338 330 11 68 0.034
445 284 12 29 0.034
527 427 18 18 0.034
749 352 12 15 0.034
478 267 9 19 0.033
343 283 12 28 0.033
114 413 14 24 0.033
631 318 11 18 0.033
413 352 20 60 0.033
984 351 10 13 0.032
523 406 15 17 0.032
1011 245 9 11 0.032
910 319 10 13 0.031
551 427 13 17 0.031
653 480 16 17 0.031
906 266 19 10 0.031
736 274 8 18 0.030
116 311 13 92 0.030
667 277 9 29 0.030
102 300 8 9 0.030
645 296 10 26 0.030
669 362 15 15 0.029
812 343 16 21 0.029
647 265 9 61 0.029
325 374 12 14 0.029
954 259 10 29 0.029
754 332 12 17 0.028
722 309 9 21 0.028
630 369 10 14 0.028
480 272 7 8 0.028
62 346 12 22 0.028
413 382 13 14 0.028
51 297 16 20 0.028
996 381 18 19 0.028
369 421 12 15 0.028
76 296 8 17 0.027
684 337 13 16 0.027
119 372 12 27 0.027
680 279 9 23 0.027
830 278 9 105 0.027
338 319 17 28 0.027
615 357 15 15 0.027
476 433 24 20 0.027
502 260 7 100 0.026
156 392 13 16 0.026
338 283 13 26 0.026
395 292 17 31 0.026
942 327 10 14 0.026
257 537 14 18 0.026
424 276 9 30 0.026
153 291 8 11 0.026
944 500 20 24 0.026
1010 256 12 29 0.025
14 398 16 40 0.025
483 333 11 14 0.025
946 363 17 18 0.025
859 288 9 10 0.025
121 347 13 14 0.025
291 363 11 14 0.025
439 280 17 92 0.025
254 322 34 31 0.025
155 288 7 10 0.025
914 315 9 13 0.024
711 328 11 14 0.024
144 282 10 94 0.024
788 306 9 12 0.024
912 260 8 19 0.024
812 297 18 28 0.024
694 368 13 16 0.024
47 414 14 17 0.024
393 327 16 14 0.024
205 303 9 115 0.024
181 291 14 31 0.023
312 295 13 26 0.023
702 382 13 18 0.023
624 289 8 29 0.023
569 295 10 23 0.023
367 399 13 15 0.023
890 487 18 24 0.023
386 291 7 45 0.023
953 287 26 20 0.023
281 349 20 56 0.023
233 301 12 30 0.023
534 322 11 29 0.022
946 475 21 26 0.022
347 296 10 31 0.022
464 314 14 21 0.022
1002 343 13 14 0.022
483 337 9 13 0.022
2 314 9 10 0.022
286 336 10 13 0.022
686 541 17 19 0.022
33 302 12 18 0.021
556 244 9 10 0.021
967 244 15 27 0.021
892 358 14 16 0.021
258 361 11 13 0.021
910 424 16 19 0.021
605 282 11 29 0.021
154 298 12 24 0.021
991 257 16 33 0.021
587 287 11 26 0.021
532 304 10 18 0.021
876 318 10 14 0.021
832 269 11 30 0.020
612 312 17 22 0.020
313 414 17 19 0.020
580 252 10 15 0.020
723 307 9 14 0.020
219 393 13 16 0.020
37 296 16 26 0.020
798 254 8 71 0.020
167 293 9 16 0.020
13 314 20 25 0.020
270 277 10 100 0.019
127 336 12 14 0.019
1 256 7 10 0.019
785 366 16 17 0.019
573 298 7 110 0.019
421 284 15 31 0.019
367 327 10 82 0.019
439 341 34 78 0.019
795 270 9 60 0.019
346 368 26 78 0.019
648 263 12 19 0.019
718 268 10 25 0.019
476 258 8 115 0.019
441 350 12 16 0.018
876 312 13 21 0.018
300 382 15 17 0.018
821 444 16 21 0.018
581 271 17 23 0.018
804 303 33 17 0.018
771 298 13 76 0.018
117 365 11 76 0.017
46 303 23 9 0.017
846 277 20 39 0.017
777 375 14 16 0.017
448 382 13 13 0.017
507 273 14 113 0.017
813 444 16 21 0.017
333 322 30 28 0.017
331 373 17 22 0.017
503 270 9 114 0.017
959 371 13 16 0.017
83 336 11 14 0.016
504 377 11 14 0.016
653 257 9 28 0.016
599 318 25 12 0.016
944 242 15 29 0.016
854 287 17 27 0.016
439 318 14 15 0.016
793 269 9 27 0.016
262 281 11 29 0.016
710 424 15 23 0.016
187 294 15 30 0.016
201 329 12 35 0.016
377 283 9 16 0.016
831 272 17 116 0.015
472 351 13 21 0.015
906 345 14 16 0.015
906 348 15 22 0.015
1007 382 15 17 0.015
835 256 9 30 0.015
208 415 13 18 0.015
795 309 14 18 0.015
398 319 11 110 0.015
392 470 14 18 0.015
62 302 8 9 0.015
376 277 12 25 0.014
821 314 13 21 0.014
710 263 9 20 0.014
525 402 12 14 0.014
941 341 13 15 0.014
503 269 9 26 0.014
445 332 13 25 0.014
599 293 16 30 0.014
713 324 11 21 0.014
947 237 9 29 0.014
61 295 11 19 0.014
732 266 10 31 0.013
570 282 16 28 0.013
407 283 14 50 0.013
0 312 17 23 0.013
849 384 16 21 0.013
820 242 8 17 0.013
895 282 18 31 0.013
976 394 17 20 0.013
339 306 15 117 0.013
870 149 9 11 0.013
156 292 13 12 0.013
737 371 13 17 0.013
445 351 10 12 0.013
579 294 18 29 0.013
268 258 10 110 0.013
820 254 9 29 0.013
285 293 18 12 0.013
866 287 16 28 0.013
883 482 20 27 0.012
813 261 12 25 0.012
1011 235 9 46 0.012
95 302 9 116 0.012
189 262 12 108 0.012
258 266 9 26 0.012
495 267 14 26 0.012
614 252 6 23 0.012
308 288 17 16 0.012
449 275 11 29 0.012
580 249 10 30 0.012
820 247 7 8 0.012
889 358 42 17 0.012
782 311 15 23 0.012
683 264 27 76 0.012
837 250 8 21 0.012
812 210 14 24 0.011
742 290 13 19 0.011
913 358 17 22 0.011
725 408 20 25 0.011
260 534 13 17 0.011
955 367 14 16 0.011
541 375 12 15 0.011
949 312 12 23 0.011
815 295 32 100 0.011
16 311 11 12 0.011
726 308 14 25 0.011
919 257 16 32 0.011
115 320 14 26 0.011
156 282 8 39 0.011
184 294 20 11 0.011
232 262 11 94 0.011
500 301 20 115 0.011
210 394 14 17 0.011
298 377 13 19 0.010
412 274 12 29 0.010
321 341 14 21 0.010
141 319 16 35 0.010
932 366 14 21 0.010
503 318 20 26 0.010
331 281 23 31 0.010
290 287 16 28 0.010
113 277 10 68 0.010
236 293 17 95 0.010
432 418 13 18 0.010
940 354 16 24 0.010
893 269 19 60 0.010
59 294 18 28 0.010
743 313 13 23 0.010
940 315 11 22 0.010
392 380 11 17 0.010
