2_Demonstration_Protesters_2_822
50
721 383 84 110 0.881
30 366 39 54 0.855
299 344 52 74 0.853
207 387 46 55 0.852
677 365 40 47 0.841
939 385 34 39 0.834
97 424 57 70 0.832
586 435 55 69 0.827
1003 369 17 23 0.775
978 365 15 19 0.717
138 370 25 30 0.479
720 336 11 15 0.471
1008 468 13 18 0.388
1002 404 21 26 0.351
518 398 27 41 0.255
85 393 19 25 0.206
435 401 39 48 0.158
190 368 15 21 0.115
374 387 38 52 0.103
685 342 16 19 0.097
271 396 35 51 0.094
134 368 33 44 0.074
712 425 29 50 0.063
187 400 21 42 0.057
188 406 14 22 0.056
1 368 19 44 0.053
140 373 40 49 0.050
423 401 34 47 0.050
994 406 18 22 0.047
1011 361 14 22 0.036
524 395 33 46 0.033
847 477 44 55 0.031
517 402 20 30 0.027
1002 412 18 27 0.026
447 408 35 39 0.022
293 367 45 63 0.020
186 400 15 21 0.019
91 398 36 41 0.018
708 409 46 71 0.018
183 394 15 23 0.016
92 422 40 55 0.016
93 396 20 22 0.015
560 286 16 24 0.015
184 414 19 26 0.013
108 398 35 36 0.012
258 392 35 47 0.012
555 157 12 14 0.011
474 446 38 50 0.011
487 339 23 33 0.010
410 394 36 47 0.010
