2_Demonstration_Demonstration_Or_Protest_2_140
706
332 607 19 23 0.838
549 477 13 16 0.826
412 562 17 21 0.824
741 549 16 20 0.823
203 540 15 20 0.819
245 607 15 20 0.819
955 590 18 22 0.817
768 541 18 22 0.815
138 585 18 23 0.809
764 625 17 20 0.803
687 415 12 16 0.802
724 474 13 17 0.802
494 476 13 17 0.798
785 561 16 19 0.797
616 527 17 21 0.794
429 621 19 21 0.794
330 520 16 19 0.793
546 524 17 20 0.791
524 527 14 16 0.788
248 562 15 21 0.786
802 645 18 21 0.786
570 537 17 18 0.783
683 477 12 15 0.781
455 397 13 15 0.777
452 643 16 20 0.777
523 576 17 22 0.773
532 492 14 18 0.770
301 607 16 19 0.770
739 396 12 15 0.768
834 544 14 17 0.768
281 525 14 18 0.762
722 629 18 21 0.761
806 569 16 22 0.756
157 545 15 18 0.753
702 463 13 16 0.750
761 596 17 19 0.750
450 485 14 17 0.748
231 465 15 19 0.747
591 459 13 15 0.747
638 385 12 15 0.745
686 505 14 18 0.744
756 579 16 19 0.742
304 558 16 19 0.742
637 487 14 19 0.740
721 313 10 13 0.733
513 503 12 18 0.730
954 639 25 30 0.725
623 377 10 13 0.725
414 477 15 18 0.725
871 237 8 10 0.718
858 597 18 18 0.715
600 380 12 15 0.711
513 387 10 13 0.709
547 395 12 15 0.709
914 603 17 18 0.709
576 329 10 13 0.704
160 593 15 20 0.704
413 655 20 17 0.704
560 503 12 17 0.702
929 645 17 22 0.702
552 418 11 15 0.699
711 572 13 17 0.699
656 332 9 12 0.697
623 626 20 22 0.697
679 299 9 11 0.695
382 476 12 14 0.695
389 618 16 19 0.695
181 615 17 20 0.694
183 651 21 21 0.694
778 524 14 15 0.692
375 632 17 22 0.690
841 630 25 31 0.688
376 512 12 17 0.688
533 300 8 11 0.673
861 324 10 14 0.673
1000 218 7 10 0.667
853 266 9 10 0.667
569 287 8 10 0.665
896 281 9 13 0.665
804 304 9 12 0.663
528 621 18 23 0.662
559 355 12 13 0.660
376 572 16 18 0.656
696 589 16 20 0.656
649 528 14 17 0.652
564 468 13 14 0.648
593 345 9 11 0.642
674 369 11 13 0.642
909 576 17 19 0.641
607 659 24 25 0.641
711 390 10 13 0.638
643 462 12 15 0.636
299 520 15 17 0.636
859 289 9 13 0.627
568 431 11 14 0.626
691 271 9 12 0.624
585 315 8 10 0.624
605 314 8 10 0.619
751 287 8 11 0.611
672 543 13 18 0.607
363 606 17 19 0.605
564 247 8 9 0.599
768 235 9 10 0.597
541 258 8 10 0.597
557 384 10 14 0.597
906 645 23 24 0.594
968 264 9 10 0.593
660 640 21 20 0.592
220 621 17 21 0.580
962 233 8 10 0.575
929 324 10 13 0.567
654 272 10 12 0.565
785 263 9 12 0.560
483 636 15 19 0.550
629 471 13 16 0.543
671 319 9 12 0.535
742 243 8 10 0.532
823 274 10 13 0.530
595 288 8 10 0.525
433 593 14 17 0.524
609 434 12 15 0.524
697 652 17 20 0.522
702 217 7 9 0.519
933 280 10 12 0.519
600 278 6 9 0.513
927 309 10 12 0.513
232 486 14 18 0.510
492 630 16 19 0.504
785 318 10 12 0.484
913 178 7 10 0.468
597 246 7 9 0.468
760 259 8 11 0.462
973 216 7 10 0.447
887 228 8 11 0.440
584 230 7 9 0.431
835 248 8 9 0.431
984 264 10 12 0.429
667 250 7 10 0.425
938 228 8 9 0.418
684 242 7 9 0.418
798 242 8 10 0.414
447 609 14 18 0.412
551 392 13 17 0.408
704 199 6 8 0.408
932 245 8 10 0.403
685 257 7 10 0.397
719 185 6 8 0.395
522 275 9 11 0.386
863 182 8 9 0.384
203 586 13 20 0.382
873 287 9 12 0.376
485 633 17 20 0.376
844 239 8 10 0.368
734 268 8 10 0.365
839 301 8 11 0.353
616 285 8 11 0.349
652 561 15 18 0.347
491 531 13 16 0.343
411 533 14 18 0.336
745 654 18 21 0.335
934 207 7 9 0.329
928 314 11 15 0.325
705 575 15 21 0.324
729 233 8 9 0.316
844 162 6 7 0.314
493 431 10 13 0.310
738 186 6 9 0.308
688 198 7 9 0.306
738 220 7 9 0.306
923 233 7 10 0.304
730 168 6 7 0.299
720 256 8 11 0.288
632 466 17 17 0.282
596 549 15 17 0.282
780 557 17 20 0.279
609 248 8 10 0.277
758 656 17 18 0.275
671 393 11 12 0.271
694 140 5 7 0.270
946 189 7 8 0.270
620 630 21 28 0.267
821 321 9 12 0.264
765 658 12 15 0.261
339 363 10 12 0.254
640 238 7 7 0.252
817 203 7 11 0.251
650 597 17 19 0.249
510 581 14 18 0.246
923 183 8 10 0.239
762 175 7 10 0.238
853 219 7 10 0.236
797 641 36 25 0.235
749 161 6 7 0.231
698 577 25 21 0.230
817 188 7 8 0.230
970 196 7 9 0.230
270 660 15 19 0.229
751 284 9 20 0.228
686 310 8 11 0.225
451 105 6 8 0.222
1000 247 8 11 0.222
770 529 18 39 0.214
821 149 6 7 0.213
527 379 8 11 0.211
718 258 8 10 0.210
1017 199 7 11 0.207
630 246 6 8 0.204
681 291 8 19 0.198
558 421 11 14 0.198
761 173 7 18 0.197
738 215 7 9 0.194
1017 243 7 11 0.183
919 645 24 25 0.179
678 164 7 7 0.178
638 238 8 10 0.178
971 264 10 11 0.178
844 159 7 17 0.175
520 626 15 19 0.174
905 325 11 13 0.173
702 237 8 10 0.172
825 241 8 11 0.171
840 241 12 11 0.170
690 359 11 12 0.166
511 575 17 22 0.164
404 82 6 6 0.163
569 425 10 37 0.162
366 548 13 17 0.161
626 505 11 15 0.160
758 206 7 15 0.159
377 623 27 23 0.157
792 233 8 11 0.154
884 202 7 10 0.153
304 581 12 14 0.152
731 257 9 25 0.150
608 246 7 9 0.148
596 284 9 13 0.147
679 157 6 19 0.146
761 210 8 14 0.146
823 233 8 19 0.146
628 214 5 7 0.145
666 656 22 19 0.145
954 217 8 10 0.145
733 430 11 16 0.140
738 244 10 12 0.140
817 195 8 17 0.139
527 258 8 9 0.139
968 196 8 12 0.138
649 525 29 36 0.137
398 102 7 8 0.136
872 226 8 31 0.135
679 297 10 23 0.135
786 565 40 20 0.135
715 243 9 14 0.133
470 390 11 13 0.133
972 483 13 18 0.132
928 482 18 22 0.132
1018 250 7 13 0.130
621 226 6 9 0.128
769 185 11 21 0.126
818 181 7 23 0.125
516 383 11 15 0.124
890 248 9 11 0.122
685 280 10 20 0.121
832 249 9 24 0.119
721 346 9 12 0.119
936 297 11 14 0.118
850 212 12 23 0.117
595 246 15 9 0.117
508 574 15 20 0.116
589 386 9 12 0.115
449 604 14 18 0.113
638 464 13 53 0.113
998 214 8 10 0.112
911 501 14 17 0.111
494 536 13 17 0.108
940 187 15 10 0.107
750 159 5 6 0.105
769 229 8 29 0.105
987 643 19 21 0.105
626 214 9 11 0.103
889 273 10 13 0.103
595 211 6 7 0.102
804 214 11 20 0.099
737 178 9 25 0.097
800 263 8 11 0.096
692 246 8 58 0.096
682 386 10 14 0.093
975 249 11 11 0.092
840 155 10 23 0.092
605 186 5 7 0.092
921 174 9 23 0.091
824 268 11 14 0.091
432 582 21 52 0.090
649 595 46 22 0.090
696 167 6 8 0.090
554 472 14 18 0.090
683 350 11 14 0.089
303 657 22 21 0.088
626 472 13 17 0.087
863 177 13 22 0.087
873 283 10 12 0.085
720 244 10 26 0.085
489 602 15 19 0.085
837 175 10 23 0.084
371 591 20 72 0.083
881 604 16 19 0.083
798 210 9 20 0.083
835 216 10 22 0.083
822 166 5 15 0.083
886 158 6 9 0.082
748 156 9 18 0.082
885 184 10 18 0.082
1017 240 7 24 0.082
592 544 14 17 0.082
526 257 10 15 0.081
998 248 9 17 0.081
812 156 5 15 0.081
838 183 7 10 0.080
773 179 8 26 0.080
597 555 17 20 0.080
471 584 12 15 0.080
811 149 7 28 0.079
732 220 10 22 0.078
954 243 8 11 0.078
875 576 15 18 0.078
793 173 6 29 0.077
781 204 8 27 0.077
366 598 17 19 0.077
798 145 6 7 0.076
511 263 7 9 0.075
405 536 16 19 0.073
274 655 15 20 0.073
448 592 18 40 0.072
490 584 11 14 0.072
625 607 16 19 0.071
890 185 10 15 0.070
674 288 8 66 0.069
469 556 12 16 0.068
821 146 7 6 0.068
796 139 9 25 0.068
821 160 8 28 0.068
201 639 17 20 0.068
664 452 12 17 0.067
551 399 11 42 0.066
735 659 22 21 0.066
521 281 9 12 0.066
669 355 29 43 0.066
539 640 17 21 0.065
864 182 10 12 0.065
762 214 9 12 0.065
468 589 13 16 0.064
738 182 6 23 0.064
994 246 15 16 0.064
687 194 17 17 0.063
781 209 12 27 0.063
712 135 6 8 0.062
827 264 10 15 0.062
855 229 7 91 0.061
838 220 8 14 0.061
923 181 8 26 0.061
449 578 13 19 0.058
985 231 11 72 0.056
816 273 11 14 0.056
890 267 8 15 0.056
690 295 10 19 0.056
745 317 11 13 0.056
679 144 6 9 0.055
327 646 14 17 0.055
961 218 12 28 0.054
535 477 29 41 0.053
896 200 10 22 0.053
970 477 14 19 0.053
951 204 12 29 0.053
984 268 11 13 0.052
972 170 7 9 0.052
656 193 9 24 0.052
19 658 18 20 0.052
551 375 10 88 0.051
657 292 11 92 0.051
823 232 9 85 0.051
747 309 9 18 0.051
759 192 8 29 0.050
696 360 10 12 0.050
797 146 7 10 0.050
440 588 16 24 0.049
577 322 11 16 0.049
684 232 16 23 0.049
799 232 11 23 0.049
593 339 9 13 0.049
955 206 15 26 0.048
796 274 12 24 0.047
613 242 9 88 0.047
560 328 10 83 0.047
504 241 7 9 0.047
178 478 11 15 0.046
417 538 17 20 0.046
853 206 12 24 0.045
747 323 9 11 0.045
471 597 15 16 0.045
809 617 16 19 0.045
611 250 9 9 0.045
804 282 12 21 0.045
691 114 6 5 0.044
545 502 24 56 0.044
633 184 6 10 0.044
572 449 12 14 0.044
208 588 16 20 0.043
282 596 16 20 0.043
834 182 7 31 0.043
916 203 10 23 0.043
30 661 18 20 0.043
711 133 6 15 0.042
703 150 8 21 0.042
794 162 8 31 0.042
473 495 12 15 0.042
652 603 16 20 0.042
879 188 20 10 0.041
760 165 14 27 0.041
783 288 10 14 0.041
619 283 14 13 0.041
753 558 48 47 0.041
946 643 23 26 0.041
750 570 44 28 0.041
784 190 10 28 0.040
679 210 12 28 0.040
719 235 8 40 0.040
505 585 19 18 0.040
769 212 9 27 0.040
784 244 11 22 0.039
720 470 14 18 0.039
686 198 26 9 0.039
995 643 16 20 0.039
649 556 14 20 0.039
356 565 15 19 0.039
838 163 5 38 0.038
329 604 17 22 0.038
1001 178 5 103 0.037
510 260 11 16 0.037
793 268 11 22 0.037
772 291 11 12 0.037
627 209 8 21 0.037
680 134 10 22 0.036
524 627 19 22 0.036
497 543 12 14 0.036
210 630 21 23 0.036
741 188 10 29 0.036
293 648 20 25 0.036
862 153 7 64 0.035
378 592 16 20 0.035
947 179 7 21 0.035
674 152 10 28 0.034
381 602 18 25 0.034
554 477 22 101 0.034
644 529 15 17 0.033
395 549 14 19 0.033
490 616 16 23 0.033
419 508 16 18 0.032
585 218 7 29 0.032
705 654 16 18 0.032
793 277 13 15 0.032
785 218 9 100 0.032
840 139 8 7 0.032
406 531 15 17 0.032
656 643 18 21 0.032
749 304 10 13 0.032
966 189 8 17 0.031
893 189 13 29 0.031
964 235 14 27 0.031
521 355 10 12 0.031
318 649 21 20 0.031
598 569 21 23 0.031
611 439 12 15 0.031
294 584 17 18 0.031
652 332 10 13 0.031
416 546 17 21 0.031
321 587 13 15 0.031
664 201 16 29 0.030
652 209 13 26 0.030
820 215 12 28 0.030
517 355 11 12 0.030
670 450 12 15 0.030
795 566 18 20 0.030
582 275 12 96 0.030
830 319 14 19 0.030
829 582 17 20 0.030
13 656 19 19 0.029
769 147 6 11 0.029
659 188 7 14 0.029
596 208 6 9 0.029
199 582 16 21 0.029
604 182 7 19 0.029
948 188 9 31 0.029
668 168 6 11 0.029
669 163 8 18 0.028
632 179 6 18 0.028
420 514 15 21 0.028
930 158 7 9 0.028
721 166 9 28 0.028
445 621 15 19 0.028
864 186 8 29 0.028
819 179 5 47 0.028
766 292 15 18 0.028
696 200 9 30 0.027
762 539 19 20 0.027
565 215 8 74 0.027
594 223 19 56 0.027
659 444 12 15 0.027
682 240 28 9 0.027
622 570 14 21 0.027
793 210 14 30 0.027
690 185 7 28 0.026
1018 299 7 13 0.026
655 529 14 18 0.026
932 243 9 104 0.026
782 194 7 44 0.026
680 130 5 37 0.026
977 547 12 16 0.026
631 181 7 10 0.025
838 323 11 13 0.025
732 207 11 40 0.025
675 136 9 27 0.025
833 608 16 18 0.025
709 381 11 19 0.025
929 489 20 22 0.025
697 149 9 30 0.024
548 450 32 58 0.024
915 189 11 25 0.024
298 657 19 21 0.024
442 479 10 16 0.024
805 201 14 30 0.024
736 257 13 22 0.024
510 363 9 12 0.024
516 630 13 18 0.024
769 202 7 49 0.024
966 236 31 66 0.024
265 663 16 18 0.023
227 488 13 17 0.023
442 483 12 16 0.022
341 374 8 12 0.022
744 159 10 31 0.022
291 644 16 21 0.022
710 271 11 12 0.022
167 511 11 13 0.021
465 558 14 18 0.021
832 631 20 26 0.021
997 201 6 11 0.021
672 312 10 23 0.021
778 288 13 22 0.021
379 306 20 21 0.021
687 195 7 10 0.021
996 197 9 15 0.021
469 543 16 34 0.021
764 204 17 29 0.020
883 186 11 31 0.020
687 524 13 17 0.020
560 497 13 18 0.020
883 155 8 19 0.020
567 502 15 18 0.020
451 575 12 15 0.020
283 649 15 19 0.020
640 207 13 28 0.020
766 179 16 35 0.020
953 158 8 13 0.020
910 215 13 26 0.020
658 440 10 15 0.020
491 464 13 26 0.019
490 435 12 15 0.019
785 163 15 30 0.019
677 200 13 32 0.019
834 201 10 30 0.019
727 332 11 14 0.019
910 541 13 17 0.019
1014 658 12 18 0.019
695 297 8 11 0.019
772 143 5 19 0.019
901 327 11 13 0.019
948 177 5 47 0.019
596 572 18 33 0.018
954 300 10 14 0.018
1002 643 13 18 0.018
860 218 9 112 0.018
836 327 9 11 0.018
846 576 15 19 0.018
899 282 10 12 0.018
889 602 18 20 0.018
973 158 7 22 0.017
705 139 7 31 0.017
513 354 14 22 0.017
957 243 18 15 0.017
528 261 46 86 0.017
792 149 10 32 0.017
434 587 13 18 0.017
537 645 16 19 0.017
878 571 17 21 0.017
896 179 8 46 0.016
514 254 9 36 0.016
687 363 12 20 0.016
2 656 15 21 0.016
668 204 16 31 0.016
971 490 13 19 0.016
469 534 12 94 0.016
737 392 12 15 0.016
842 138 10 10 0.016
820 326 10 11 0.016
605 183 6 8 0.015
788 150 12 30 0.015
476 533 18 21 0.015
604 307 9 11 0.015
489 524 12 16 0.015
834 230 16 31 0.015
878 586 16 26 0.015
587 660 16 15 0.015
927 155 8 8 0.015
621 615 19 22 0.015
937 485 16 21 0.015
199 373 13 14 0.015
790 182 16 31 0.014
399 95 7 18 0.014
665 165 6 20 0.014
659 147 8 19 0.014
770 153 8 31 0.014
132 570 15 21 0.014
543 390 13 19 0.014
854 141 9 21 0.014
509 569 14 18 0.014
617 565 17 21 0.014
819 566 26 55 0.013
550 409 11 22 0.013
828 282 12 16 0.013
866 198 13 29 0.013
870 216 11 27 0.013
216 594 16 19 0.013
837 606 19 18 0.013
234 604 19 22 0.013
616 516 18 25 0.013
471 526 19 23 0.013
409 472 14 16 0.013
682 238 10 116 0.013
738 199 15 31 0.013
138 614 16 20 0.013
747 301 14 22 0.013
657 567 17 20 0.013
957 304 11 13 0.013
679 331 11 21 0.013
687 533 15 21 0.013
662 448 12 16 0.012
971 151 8 9 0.012
686 185 8 24 0.012
667 234 9 25 0.012
853 195 13 44 0.012
964 465 12 16 0.012
823 323 24 12 0.012
531 298 15 14 0.012
939 391 18 21 0.012
768 137 8 17 0.012
599 599 19 20 0.012
947 171 9 21 0.012
930 255 9 21 0.012
594 562 17 23 0.012
854 264 11 17 0.012
824 575 21 35 0.012
886 156 7 62 0.012
950 427 15 21 0.012
794 199 11 56 0.012
870 184 18 31 0.012
693 136 7 10 0.012
996 653 27 19 0.012
698 140 5 48 0.012
483 584 31 45 0.011
350 572 16 21 0.011
402 81 8 14 0.011
793 321 10 12 0.011
857 604 19 20 0.011
747 647 17 21 0.011
990 191 15 25 0.011
736 324 12 14 0.011
76 347 7 8 0.011
623 587 16 24 0.011
628 617 17 22 0.011
507 270 9 16 0.011
462 535 14 23 0.011
843 581 19 21 0.011
1014 506 10 22 0.011
642 385 16 16 0.011
511 418 12 14 0.011
780 313 10 14 0.011
551 303 13 12 0.011
811 622 16 21 0.011
495 427 14 17 0.011
713 261 13 25 0.011
463 526 16 21 0.011
284 607 15 19 0.011
771 395 14 17 0.011
249 589 13 18 0.011
719 624 16 20 0.011
746 291 15 45 0.010
883 174 13 54 0.010
1016 219 9 17 0.010
994 264 10 12 0.010
469 498 13 15 0.010
213 581 16 22 0.010
324 590 15 17 0.010
940 280 14 21 0.010
687 311 15 93 0.010
973 149 6 14 0.010
327 385 8 11 0.010
