2_Demonstration_Demonstrators_2_28
299
177 518 41 49 0.854
659 605 53 62 0.844
330 514 34 44 0.843
385 430 26 32 0.836
514 444 28 36 0.832
845 515 39 51 0.829
38 391 32 41 0.827
181 602 47 66 0.822
754 431 23 32 0.819
39 547 39 54 0.819
250 396 23 29 0.818
456 395 24 34 0.817
977 478 27 38 0.817
594 505 36 46 0.813
83 479 38 46 0.810
673 379 15 23 0.806
262 453 22 27 0.797
367 382 18 22 0.793
329 443 25 33 0.792
546 363 15 21 0.777
495 562 32 51 0.774
602 384 24 30 0.764
490 387 21 30 0.763
295 427 23 28 0.752
890 437 26 42 0.749
685 451 18 23 0.746
64 353 19 24 0.740
173 382 25 31 0.738
216 369 15 18 0.723
262 363 19 25 0.711
135 414 23 32 0.707
1008 441 16 38 0.706
866 398 23 32 0.701
648 367 15 21 0.692
240 343 13 16 0.684
35 361 25 32 0.681
438 464 23 29 0.674
525 343 9 13 0.674
455 346 11 14 0.642
586 362 18 22 0.627
564 322 8 10 0.626
705 579 32 49 0.620
619 322 10 11 0.611
441 498 28 33 0.604
766 352 14 19 0.601
1 364 12 23 0.593
193 354 11 15 0.588
838 389 13 20 0.588
442 371 17 25 0.584
806 391 13 20 0.581
760 403 16 21 0.576
588 321 7 9 0.575
570 342 11 16 0.556
422 350 15 21 0.552
215 338 12 15 0.515
711 357 12 16 0.512
759 351 15 21 0.499
796 332 8 9 0.497
478 365 17 21 0.486
155 373 19 24 0.484
805 360 11 15 0.468
286 372 16 20 0.425
172 346 10 14 0.423
570 395 15 23 0.412
670 352 10 12 0.412
620 367 13 16 0.405
911 419 18 28 0.398
812 331 7 8 0.391
667 335 9 10 0.372
148 370 21 25 0.360
895 431 30 41 0.347
833 330 9 10 0.335
639 326 9 10 0.325
700 358 12 17 0.318
715 402 17 20 0.315
885 365 10 15 0.310
995 342 9 11 0.306
968 370 11 14 0.302
137 369 17 23 0.299
650 341 9 11 0.295
1001 357 11 15 0.282
475 369 17 22 0.279
901 356 11 15 0.277
307 230 21 22 0.263
471 320 7 9 0.241
658 329 8 9 0.241
619 357 10 17 0.219
936 316 8 9 0.199
760 406 19 31 0.178
674 412 17 22 0.174
801 390 38 21 0.173
812 359 12 16 0.168
612 352 17 63 0.167
701 329 7 10 0.166
668 334 9 20 0.164
229 320 8 9 0.159
999 351 11 18 0.156
889 361 15 18 0.155
499 365 13 18 0.154
428 313 7 9 0.153
618 350 10 13 0.153
724 395 19 23 0.153
939 403 19 25 0.147
277 348 11 13 0.144
667 413 19 25 0.142
331 340 11 13 0.139
595 354 13 17 0.136
433 377 14 21 0.136
467 364 34 23 0.136
845 329 8 9 0.135
896 356 15 21 0.133
464 370 15 20 0.111
324 312 8 9 0.110
1005 380 11 16 0.110
593 367 29 47 0.109
15 348 13 18 0.104
439 345 32 18 0.102
229 318 9 17 0.102
993 342 8 10 0.101
924 386 14 18 0.098
960 295 10 14 0.097
602 349 11 13 0.096
279 345 13 23 0.096
810 330 17 11 0.095
63 343 17 23 0.092
100 357 15 17 0.086
176 357 15 17 0.086
565 370 12 18 0.084
699 329 7 9 0.083
669 325 8 52 0.083
662 328 10 20 0.082
835 365 13 16 0.082
264 390 18 26 0.080
89 334 8 12 0.077
478 358 15 20 0.077
969 357 10 12 0.076
503 359 13 17 0.074
509 353 12 17 0.073
279 346 11 13 0.072
587 395 18 23 0.072
459 321 9 57 0.071
865 323 6 8 0.070
186 375 19 25 0.068
806 374 13 43 0.067
0 376 13 29 0.067
816 361 12 14 0.066
681 413 12 18 0.066
172 329 8 12 0.064
493 372 18 29 0.064
838 380 17 27 0.062
877 396 19 26 0.062
966 364 11 18 0.060
806 322 10 76 0.060
836 353 14 78 0.057
239 338 12 16 0.057
620 349 9 34 0.055
338 80 8 10 0.052
904 366 13 18 0.052
719 340 8 9 0.052
836 367 16 20 0.052
902 351 10 15 0.050
587 345 13 16 0.049
971 353 8 10 0.047
336 597 38 61 0.047
939 317 8 11 0.046
64 339 12 14 0.046
528 344 10 13 0.045
638 358 11 17 0.045
216 316 13 100 0.045
559 366 15 20 0.045
856 326 10 22 0.044
959 300 9 12 0.044
161 364 20 27 0.043
293 348 9 11 0.043
259 355 18 24 0.043
116 352 10 12 0.040
120 352 14 21 0.039
325 315 9 11 0.039
289 353 13 25 0.038
838 330 22 10 0.038
583 338 38 78 0.037
454 509 35 49 0.037
475 348 13 13 0.036
111 352 17 17 0.036
619 346 10 13 0.035
1011 417 14 24 0.034
999 440 21 35 0.033
905 386 25 68 0.032
970 376 13 18 0.032
445 499 34 47 0.031
730 389 17 23 0.030
0 385 11 30 0.030
295 401 15 18 0.030
755 353 12 18 0.029
427 299 9 47 0.029
743 328 8 10 0.029
390 365 11 14 0.029
850 370 13 16 0.029
653 327 18 23 0.029
104 353 12 13 0.029
254 348 13 17 0.029
841 347 12 16 0.029
833 330 13 19 0.028
339 364 21 22 0.028
889 355 28 26 0.028
411 358 12 17 0.027
750 404 18 22 0.027
906 371 13 17 0.027
668 347 12 24 0.026
504 348 11 14 0.026
408 378 11 15 0.026
856 334 9 12 0.026
831 332 11 12 0.026
567 277 9 113 0.025
919 389 13 18 0.024
197 388 13 19 0.023
438 302 8 10 0.023
686 375 17 24 0.023
1009 382 11 16 0.023
428 305 13 17 0.022
587 315 8 12 0.022
454 340 10 13 0.021
220 372 16 20 0.021
420 346 12 16 0.021
721 340 9 11 0.021
785 376 13 18 0.021
862 325 9 13 0.021
921 303 8 8 0.020
993 307 15 103 0.020
1019 318 5 13 0.020
75 301 7 8 0.019
458 524 33 45 0.019
427 307 10 12 0.019
330 341 14 23 0.019
617 363 17 23 0.019
212 331 12 19 0.019
880 357 11 15 0.018
313 228 18 20 0.018
794 331 11 13 0.018
1008 378 10 14 0.018
963 293 9 14 0.018
647 358 14 20 0.018
292 345 10 27 0.018
671 344 12 18 0.017
959 288 10 14 0.017
696 325 13 21 0.017
740 327 11 17 0.017
552 346 11 15 0.017
703 368 16 23 0.017
842 342 13 17 0.016
904 337 8 11 0.016
17 340 17 22 0.016
279 405 16 21 0.016
996 340 11 15 0.016
857 403 22 32 0.016
91 360 18 20 0.016
296 418 19 27 0.016
660 369 16 23 0.016
900 422 23 37 0.015
903 340 9 19 0.015
49 357 20 25 0.015
721 585 21 43 0.015
321 311 8 9 0.015
917 397 18 23 0.014
915 367 12 17 0.014
472 492 20 39 0.014
703 393 14 18 0.014
468 321 9 11 0.014
900 370 16 20 0.014
906 346 13 34 0.014
279 56 12 14 0.014
442 304 7 11 0.014
582 345 23 18 0.013
14 342 12 20 0.013
736 377 14 20 0.013
75 303 6 8 0.013
79 283 7 26 0.013
331 396 18 32 0.013
586 319 10 14 0.012
79 287 7 10 0.012
113 359 21 22 0.012
100 355 21 26 0.012
850 374 14 19 0.011
353 85 9 11 0.011
168 327 23 29 0.011
700 339 11 25 0.011
215 342 14 24 0.011
948 364 16 22 0.011
1017 312 8 21 0.011
321 314 8 11 0.011
387 269 16 20 0.010
873 446 22 35 0.010
703 338 12 27 0.010
258 373 21 26 0.010
79 355 30 24 0.010
711 374 14 19 0.010
277 388 17 28 0.010
803 396 15 21 0.010
717 591 21 31 0.010
