2_Demonstration_Political_Rally_2_264
695
440 501 16 22 0.770
335 457 15 18 0.752
582 463 13 17 0.737
678 591 17 22 0.734
623 568 16 21 0.730
650 468 14 17 0.705
387 549 20 23 0.696
990 523 13 20 0.688
613 472 12 16 0.680
601 517 14 18 0.673
531 509 17 21 0.667
55 346 10 12 0.654
958 387 12 14 0.654
280 348 11 13 0.646
237 576 18 23 0.643
394 426 14 16 0.628
340 360 10 14 0.617
445 351 11 13 0.601
600 368 9 12 0.573
311 513 17 21 0.558
43 366 10 12 0.556
730 440 12 14 0.552
49 378 11 15 0.547
93 358 11 13 0.513
1004 397 12 16 0.510
905 405 13 16 0.509
336 419 14 17 0.506
335 400 12 14 0.484
454 453 15 18 0.468
934 592 16 20 0.460
798 409 12 14 0.457
618 421 13 15 0.425
812 538 14 17 0.425
785 456 14 17 0.423
155 336 9 12 0.423
510 411 14 15 0.401
498 509 17 20 0.380
707 505 16 19 0.376
222 545 20 22 0.373
620 368 8 11 0.370
138 482 17 19 0.359
463 348 12 13 0.355
692 374 9 11 0.349
58 293 9 10 0.347
639 355 9 10 0.337
240 391 12 17 0.318
667 405 13 16 0.318
107 347 10 11 0.316
792 367 9 10 0.314
736 603 17 20 0.312
331 312 10 12 0.309
309 485 13 17 0.301
419 344 11 15 0.293
97 417 13 16 0.288
271 455 14 19 0.280
244 267 9 11 0.271
282 410 14 17 0.270
417 337 13 16 0.270
46 374 12 15 0.270
214 364 12 15 0.259
193 367 12 14 0.249
319 390 11 13 0.249
550 339 9 11 0.244
309 243 10 12 0.241
494 333 11 13 0.241
446 429 13 18 0.237
361 405 12 15 0.236
180 434 13 16 0.234
212 329 10 12 0.214
34 431 12 15 0.214
423 364 13 16 0.213
456 302 10 11 0.205
23 299 9 11 0.201
3 380 11 14 0.195
359 531 17 20 0.192
723 424 9 11 0.190
79 327 9 12 0.188
97 502 19 23 0.186
513 452 13 16 0.171
646 307 8 10 0.171
31 384 9 13 0.171
641 290 7 9 0.168
599 324 8 10 0.168
751 361 10 12 0.165
863 346 8 10 0.164
533 285 7 10 0.163
234 351 12 15 0.163
1013 487 11 20 0.156
454 303 9 10 0.155
964 453 15 19 0.145
168 529 16 20 0.143
11 444 11 14 0.143
336 403 12 41 0.140
141 449 13 17 0.140
466 360 12 15 0.140
862 411 14 17 0.139
1 365 7 14 0.139
335 316 11 14 0.138
739 422 12 14 0.138
669 367 9 11 0.136
1016 439 8 17 0.136
812 362 10 14 0.132
137 400 13 15 0.132
722 310 8 9 0.128
369 431 13 16 0.128
696 412 10 13 0.127
451 426 12 17 0.127
581 466 39 16 0.126
156 361 13 15 0.125
687 463 17 21 0.125
344 326 10 13 0.123
730 353 8 11 0.123
204 304 9 12 0.122
709 357 8 10 0.120
87 392 12 15 0.120
550 333 10 22 0.120
454 327 11 12 0.115
898 315 10 10 0.113
307 333 11 14 0.113
418 332 11 34 0.112
1 370 11 26 0.112
444 434 13 18 0.112
82 475 15 21 0.111
280 415 15 18 0.109
127 323 9 12 0.109
623 297 8 12 0.105
488 574 17 20 0.103
669 266 7 10 0.101
461 298 10 11 0.100
646 577 16 19 0.100
499 329 12 14 0.097
716 467 13 16 0.096
813 337 8 11 0.096
726 426 11 14 0.095
703 336 9 11 0.094
465 351 12 15 0.094
694 357 8 50 0.093
420 332 11 14 0.093
669 439 13 14 0.093
132 398 13 15 0.092
407 318 11 12 0.092
676 339 9 14 0.091
567 405 12 13 0.090
239 397 12 21 0.090
920 386 10 14 0.089
741 337 8 14 0.087
725 312 7 10 0.087
338 339 11 64 0.086
422 344 11 45 0.086
197 291 9 11 0.085
767 502 13 17 0.083
967 426 14 16 0.082
68 415 13 15 0.080
7 381 10 14 0.080
594 366 30 16 0.080
117 368 11 15 0.078
428 591 13 20 0.078
831 196 8 9 0.078
841 419 11 15 0.078
343 333 11 14 0.076
1019 348 5 17 0.075
393 381 12 14 0.074
813 330 8 14 0.073
129 396 13 15 0.073
355 592 14 19 0.073
486 312 9 13 0.072
932 587 15 20 0.072
391 383 12 18 0.072
125 565 18 20 0.071
409 319 13 21 0.071
461 302 9 12 0.070
932 323 9 10 0.070
25 292 9 29 0.070
92 506 20 23 0.069
91 243 9 10 0.069
596 319 11 21 0.069
362 343 12 14 0.069
191 364 11 14 0.069
488 512 19 20 0.069
899 311 9 21 0.068
177 437 12 15 0.068
401 301 10 12 0.068
832 317 8 10 0.068
40 396 12 13 0.068
519 332 11 12 0.067
604 420 12 14 0.067
198 294 10 12 0.066
291 437 17 19 0.066
98 421 13 18 0.065
547 328 13 32 0.065
1003 402 12 16 0.065
523 326 11 21 0.064
742 335 8 10 0.064
875 316 8 11 0.063
268 377 11 13 0.063
848 297 7 9 0.063
411 497 14 18 0.062
950 368 10 12 0.062
18 480 12 15 0.062
140 397 14 16 0.060
642 379 10 13 0.060
103 500 16 21 0.060
358 536 16 22 0.059
525 477 14 17 0.059
387 389 14 17 0.059
249 299 10 13 0.059
830 360 11 15 0.058
233 425 13 16 0.058
194 372 12 15 0.058
218 547 18 22 0.057
279 298 11 12 0.057
573 299 10 17 0.055
969 455 14 18 0.055
402 304 11 14 0.055
33 323 10 13 0.054
1011 563 11 19 0.054
948 505 15 19 0.054
212 372 20 17 0.054
65 417 11 14 0.054
356 432 15 14 0.053
454 445 16 20 0.053
386 395 13 17 0.052
28 458 13 17 0.052
476 484 14 20 0.052
111 345 10 12 0.052
215 330 13 24 0.051
332 314 11 14 0.050
79 443 11 16 0.050
231 543 19 21 0.050
48 334 11 87 0.050
858 375 11 14 0.049
585 603 15 18 0.049
762 326 10 12 0.049
720 466 15 18 0.048
97 288 9 11 0.048
926 322 14 12 0.047
146 405 16 16 0.047
33 408 13 72 0.047
978 316 11 13 0.047
913 313 11 18 0.046
382 346 11 14 0.046
1012 434 11 18 0.046
170 516 18 22 0.046
390 318 8 11 0.046
958 419 13 17 0.046
278 324 12 13 0.045
271 604 15 18 0.045
536 342 11 12 0.045
1006 562 13 18 0.045
34 429 15 28 0.045
34 352 10 13 0.045
491 403 12 15 0.045
401 307 14 19 0.044
785 330 10 11 0.044
599 416 11 13 0.044
661 299 8 11 0.044
179 457 14 16 0.043
529 516 15 18 0.043
751 344 10 46 0.043
204 368 19 17 0.042
367 419 14 16 0.042
538 505 15 17 0.042
697 304 7 10 0.042
862 388 12 16 0.042
311 200 11 12 0.041
678 324 9 19 0.041
218 350 12 24 0.041
289 407 12 15 0.041
293 443 17 18 0.041
85 379 16 43 0.041
484 515 16 20 0.041
629 331 9 11 0.041
804 478 13 16 0.040
479 517 16 19 0.040
243 270 9 11 0.040
418 393 14 17 0.040
285 441 16 18 0.040
646 298 7 22 0.039
989 513 14 23 0.039
281 563 16 22 0.039
19 488 14 20 0.039
939 303 8 11 0.039
156 349 13 24 0.039
859 372 10 12 0.039
693 300 10 17 0.038
720 329 9 27 0.038
737 611 15 19 0.038
0 352 10 33 0.038
338 337 13 15 0.038
591 339 9 14 0.038
812 329 8 29 0.038
722 423 21 16 0.038
30 449 14 18 0.038
416 398 14 17 0.037
157 411 13 16 0.037
442 335 40 40 0.037
199 350 31 47 0.037
541 369 10 13 0.037
875 309 9 21 0.037
165 482 16 19 0.037
206 311 12 42 0.036
706 355 13 11 0.036
59 416 14 15 0.036
833 346 10 13 0.036
38 348 14 21 0.036
743 380 10 12 0.036
862 514 12 18 0.036
649 581 16 18 0.036
698 412 33 22 0.036
522 333 18 14 0.036
291 430 14 20 0.036
306 384 11 13 0.035
468 384 13 17 0.035
202 288 11 37 0.035
862 333 8 35 0.035
800 477 13 16 0.035
663 402 13 17 0.034
622 289 8 27 0.034
1019 341 5 19 0.034
414 340 13 17 0.034
487 394 16 31 0.033
940 473 16 21 0.033
488 274 8 10 0.033
700 348 10 18 0.033
663 363 11 16 0.033
704 329 10 18 0.032
710 360 9 15 0.032
245 374 12 16 0.032
139 404 17 17 0.032
415 473 13 19 0.032
80 320 10 13 0.032
854 376 12 14 0.032
405 321 13 13 0.032
878 377 11 14 0.031
807 476 12 17 0.031
27 306 11 25 0.031
0 360 8 14 0.031
360 393 12 17 0.031
722 392 11 15 0.031
30 413 12 16 0.031
755 439 14 17 0.031
201 312 10 13 0.031
181 452 15 19 0.031
167 477 16 20 0.031
20 494 15 19 0.031
552 241 8 10 0.030
222 375 13 16 0.030
262 373 16 17 0.030
360 526 15 16 0.030
411 326 14 19 0.030
759 329 11 11 0.030
880 418 11 14 0.030
311 240 9 12 0.029
634 279 15 30 0.029
94 245 8 11 0.029
587 337 10 12 0.029
219 554 15 20 0.029
343 326 11 28 0.029
1001 320 10 12 0.029
118 388 15 17 0.029
718 323 10 26 0.028
199 366 34 16 0.028
685 299 9 15 0.028
724 489 15 20 0.028
575 293 11 27 0.028
914 317 9 10 0.028
580 287 9 21 0.028
810 341 10 30 0.028
907 309 16 22 0.027
254 357 12 15 0.027
264 367 11 18 0.027
330 459 14 18 0.027
862 501 11 18 0.027
782 324 13 19 0.027
530 343 10 13 0.027
627 364 16 18 0.027
591 488 15 19 0.027
1010 404 12 16 0.027
241 341 12 16 0.027
351 429 24 15 0.026
691 297 9 10 0.026
226 343 14 17 0.025
29 355 12 14 0.025
481 300 10 21 0.025
830 347 12 27 0.025
888 339 10 12 0.025
465 364 14 23 0.025
763 374 11 14 0.025
703 267 8 10 0.025
81 418 14 45 0.024
303 387 12 15 0.024
917 398 13 20 0.024
662 404 18 30 0.024
981 318 11 13 0.024
486 287 9 55 0.024
247 293 12 17 0.023
894 357 13 13 0.023
810 542 14 17 0.023
301 327 14 16 0.023
669 380 12 18 0.023
812 425 11 15 0.023
992 367 10 12 0.022
345 301 17 63 0.022
416 370 15 54 0.022
813 347 9 19 0.022
947 490 14 33 0.022
3 289 10 13 0.022
140 593 16 20 0.022
31 382 13 20 0.022
626 272 10 22 0.022
73 418 12 14 0.022
404 287 13 72 0.022
90 242 8 9 0.021
483 359 13 15 0.021
138 368 12 13 0.021
493 506 17 21 0.021
733 299 11 17 0.021
865 405 13 20 0.021
317 333 17 16 0.021
933 599 17 19 0.021
276 309 13 46 0.021
244 363 14 18 0.021
130 367 16 15 0.021
172 432 14 17 0.021
916 311 12 22 0.021
926 359 12 16 0.021
900 315 25 10 0.021
575 555 17 19 0.021
64 409 13 16 0.020
815 401 12 15 0.020
663 314 8 15 0.020
485 276 8 11 0.020
858 317 11 11 0.020
33 415 16 17 0.020
883 341 13 17 0.020
536 498 15 17 0.020
176 454 14 36 0.020
238 544 19 25 0.020
368 342 18 20 0.020
97 399 16 20 0.020
80 394 15 17 0.020
462 408 14 17 0.020
300 262 11 13 0.020
272 312 12 14 0.020
141 366 14 14 0.020
488 397 12 15 0.020
833 384 14 18 0.020
426 587 14 19 0.020
455 278 8 92 0.020
37 333 10 24 0.020
468 371 15 24 0.020
740 339 13 26 0.020
557 329 12 16 0.020
265 463 14 17 0.020
32 527 16 21 0.020
276 309 16 20 0.019
108 375 13 16 0.019
77 348 12 14 0.019
692 378 9 12 0.019
263 449 16 20 0.019
644 581 14 18 0.019
159 348 14 20 0.019
768 329 11 11 0.019
839 349 9 15 0.019
256 577 19 24 0.019
247 271 10 13 0.019
270 418 15 17 0.019
620 367 19 11 0.019
314 331 13 15 0.019
884 342 9 11 0.019
82 314 9 12 0.019
755 370 16 16 0.018
113 394 13 17 0.018
929 361 12 12 0.018
326 563 17 21 0.018
894 283 13 28 0.018
785 355 9 12 0.018
106 388 15 16 0.018
941 352 9 13 0.018
584 310 14 21 0.018
554 306 11 27 0.018
618 360 10 13 0.018
529 289 9 26 0.018
482 351 13 15 0.018
384 220 9 12 0.018
482 327 10 13 0.018
35 523 16 20 0.018
371 523 16 19 0.018
682 291 10 14 0.018
673 318 13 26 0.018
706 491 15 27 0.018
504 327 28 14 0.018
532 265 7 56 0.017
247 264 11 71 0.017
949 320 10 11 0.017
980 311 15 23 0.017
133 404 11 16 0.017
696 299 9 27 0.017
998 556 16 20 0.017
281 356 13 20 0.017
633 338 9 18 0.017
494 349 13 18 0.017
339 363 12 20 0.017
63 209 12 9 0.017
247 260 13 15 0.017
299 265 9 12 0.017
647 305 16 21 0.017
207 349 13 20 0.017
823 310 16 24 0.017
106 415 14 17 0.017
298 447 15 18 0.017
234 580 17 24 0.017
36 337 10 14 0.016
92 373 14 23 0.016
724 388 13 19 0.016
647 356 9 11 0.016
341 383 15 16 0.016
630 570 19 21 0.016
1000 488 17 20 0.016
590 555 15 19 0.016
310 305 11 13 0.016
26 397 15 22 0.016
1000 426 15 19 0.016
723 496 15 21 0.016
79 470 15 21 0.016
22 275 32 56 0.016
193 380 15 16 0.016
203 308 9 12 0.016
5 233 10 9 0.016
270 259 9 12 0.016
848 282 7 30 0.016
279 371 16 19 0.016
558 316 14 28 0.016
955 421 14 19 0.016
88 469 15 20 0.016
609 260 10 19 0.015
933 355 12 11 0.015
952 312 9 19 0.015
261 440 14 19 0.015
551 301 12 23 0.015
763 320 17 24 0.015
548 364 13 15 0.015
733 598 17 19 0.015
490 274 9 12 0.015
794 414 14 21 0.015
210 273 10 13 0.015
99 342 11 14 0.015
260 390 15 15 0.015
248 303 11 14 0.015
20 278 7 10 0.015
279 292 10 13 0.015
266 588 17 28 0.015
935 308 10 29 0.015
594 330 10 23 0.015
894 333 11 20 0.015
718 342 17 29 0.015
416 375 15 16 0.014
1016 325 8 57 0.014
214 550 15 19 0.014
170 467 14 18 0.014
547 286 13 103 0.014
479 346 16 39 0.014
350 538 19 21 0.014
95 290 9 11 0.014
140 452 15 23 0.014
102 458 13 16 0.014
303 240 11 13 0.014
537 320 15 29 0.014
679 582 16 21 0.014
728 225 10 23 0.014
581 315 10 21 0.014
471 372 19 51 0.014
535 363 11 14 0.014
691 371 12 22 0.014
839 500 15 21 0.014
429 367 14 14 0.014
648 293 18 28 0.014
184 456 16 19 0.014
865 390 15 47 0.014
664 281 11 23 0.014
506 322 18 24 0.014
254 359 12 23 0.014
141 364 23 14 0.014
104 290 11 15 0.013
499 516 17 19 0.013
957 417 11 15 0.013
235 502 15 19 0.013
85 511 16 20 0.013
754 295 13 23 0.013
60 208 8 10 0.013
966 417 14 24 0.013
863 353 10 105 0.013
480 285 8 21 0.013
437 343 14 16 0.013
545 369 11 14 0.013
249 308 12 14 0.013
578 304 13 30 0.013
657 315 12 18 0.013
752 430 15 19 0.013
843 273 9 23 0.013
840 382 14 16 0.013
1000 309 11 25 0.013
473 292 13 25 0.013
207 326 14 16 0.013
214 324 12 79 0.013
878 381 15 23 0.013
570 406 14 16 0.013
944 480 16 19 0.013
811 437 12 17 0.012
763 365 12 20 0.012
297 439 14 18 0.012
101 288 10 12 0.012
211 265 9 12 0.012
988 393 14 16 0.012
862 313 15 76 0.012
350 328 10 13 0.012
979 427 15 19 0.012
654 284 15 26 0.012
277 248 10 13 0.012
176 350 15 18 0.012
145 393 13 16 0.012
189 438 17 29 0.012
171 491 18 53 0.012
309 309 12 19 0.012
956 453 14 18 0.012
274 342 12 15 0.012
192 348 15 24 0.012
141 426 15 19 0.012
725 397 12 15 0.012
260 345 23 67 0.012
842 205 9 9 0.012
94 240 9 11 0.012
755 301 11 12 0.012
549 320 14 31 0.012
909 356 13 13 0.012
497 356 12 15 0.012
75 451 11 15 0.012
920 374 14 28 0.012
936 466 15 22 0.012
214 543 16 20 0.012
276 566 16 22 0.012
25 434 13 83 0.011
389 498 17 19 0.011
643 371 14 21 0.011
50 419 17 15 0.011
341 369 13 20 0.011
57 376 13 17 0.011
173 446 16 24 0.011
966 388 12 15 0.011
571 560 17 20 0.011
619 322 14 22 0.011
812 411 12 17 0.011
841 360 12 19 0.011
258 253 11 12 0.011
1014 569 8 15 0.011
158 400 37 63 0.011
778 393 11 14 0.011
380 432 18 17 0.011
95 285 9 11 0.011
772 381 13 18 0.011
266 254 13 12 0.011
5 315 11 14 0.011
761 436 15 21 0.011
471 338 14 19 0.011
857 313 16 15 0.011
912 368 13 18 0.011
958 600 13 17 0.011
702 255 11 28 0.011
670 348 12 25 0.011
160 496 17 21 0.011
726 371 10 22 0.011
768 309 11 27 0.010
400 300 14 35 0.010
250 287 11 19 0.010
586 292 12 29 0.010
813 319 13 28 0.010
780 412 13 17 0.010
355 312 29 79 0.010
483 366 13 15 0.010
34 320 11 13 0.010
232 294 11 13 0.010
100 285 10 11 0.010
556 306 16 29 0.010
145 409 52 80 0.010
978 295 13 59 0.010
842 422 17 18 0.010
672 254 15 29 0.010
107 493 15 19 0.010
453 321 12 25 0.010
787 320 16 29 0.010
673 563 15 19 0.010
928 359 17 17 0.010
581 284 9 12 0.010
210 300 12 13 0.010
833 366 14 28 0.010
