2_Demonstration_Political_Rally_2_816
44
510 30 91 124 0.863
231 426 70 90 0.843
798 554 60 74 0.840
85 436 96 148 0.824
942 579 70 75 0.760
698 496 54 63 0.720
52 292 61 86 0.711
718 433 30 35 0.690
932 452 54 68 0.669
687 464 35 50 0.665
937 473 56 66 0.634
828 486 51 68 0.590
785 426 31 41 0.558
760 431 37 42 0.508
147 401 59 81 0.484
793 482 42 52 0.351
722 432 60 37 0.219
751 612 46 56 0.159
688 429 29 31 0.121
1002 405 22 56 0.112
825 471 43 59 0.092
996 428 28 66 0.074
590 112 59 77 0.059
665 487 34 57 0.047
969 431 47 57 0.040
823 441 37 46 0.037
874 436 34 40 0.037
1005 510 20 51 0.034
683 435 30 38 0.028
831 443 46 61 0.026
896 537 32 55 0.023
836 428 33 36 0.023
825 457 36 48 0.018
702 425 41 46 0.017
931 444 43 51 0.016
978 412 45 55 0.016
736 482 43 55 0.015
749 421 28 37 0.014
871 446 36 47 0.013
178 405 47 73 0.012
790 425 23 27 0.011
759 481 57 52 0.011
102 427 69 110 0.011
793 478 29 44 0.010
