2_Demonstration_Demonstrators_2_307
1148
741 60 9 12 0.774
437 73 9 11 0.771
245 68 10 12 0.753
702 78 10 13 0.735
555 36 9 11 0.733
606 148 10 13 0.733
741 195 10 12 0.733
650 119 9 12 0.730
908 217 10 12 0.730
467 83 10 13 0.727
381 95 9 12 0.727
617 171 10 11 0.720
89 119 10 12 0.718
752 170 10 12 0.713
403 74 9 11 0.708
817 220 10 13 0.702
620 32 9 11 0.701
974 391 10 13 0.701
113 256 13 15 0.699
55 199 10 13 0.694
429 104 9 12 0.690
844 213 10 12 0.688
927 197 10 13 0.682
677 122 9 11 0.681
197 92 10 11 0.675
331 157 9 11 0.667
875 48 9 11 0.660
283 346 12 16 0.660
725 23 9 12 0.656
617 106 9 12 0.654
32 97 9 11 0.652
609 60 9 12 0.646
642 189 10 12 0.646
587 92 10 12 0.640
193 597 14 17 0.640
872 270 10 13 0.638
683 40 9 11 0.630
355 11 8 12 0.627
280 18 8 10 0.622
192 4 9 10 0.619
113 27 9 11 0.619
922 239 10 13 0.619
797 7 8 12 0.617
192 384 12 14 0.615
76 433 13 15 0.611
916 261 10 13 0.611
389 394 14 17 0.609
744 117 9 12 0.608
1011 81 9 12 0.607
178 152 11 12 0.603
153 19 9 12 0.601
646 88 10 12 0.601
256 98 10 11 0.593
524 74 9 12 0.591
587 113 8 9 0.591
249 169 10 12 0.586
825 304 11 12 0.582
124 49 9 10 0.580
347 34 9 11 0.573
73 86 8 11 0.573
893 166 10 12 0.572
797 41 9 12 0.571
671 52 9 10 0.569
937 98 8 10 0.567
208 23 9 9 0.556
856 17 9 11 0.556
203 455 12 14 0.555
31 161 10 12 0.555
848 325 10 13 0.554
205 501 13 16 0.542
776 2 8 11 0.541
90 57 9 11 0.541
338 291 10 12 0.539
650 0 10 10 0.536
142 103 10 12 0.526
101 503 12 16 0.525
527 35 9 11 0.524
543 133 10 13 0.524
65 24 9 10 0.515
913 309 9 11 0.515
809 153 9 11 0.513
524 413 12 14 0.512
879 232 10 12 0.510
412 108 9 10 0.499
63 483 12 15 0.493
119 187 12 13 0.484
706 8 9 12 0.477
887 17 9 11 0.466
101 58 9 10 0.462
692 60 9 10 0.462
986 24 9 11 0.460
876 78 9 11 0.457
686 95 9 11 0.457
153 265 11 13 0.457
318 141 9 11 0.455
493 588 12 17 0.453
109 303 10 13 0.451
450 146 9 12 0.444
344 221 10 12 0.444
438 213 10 13 0.440
667 11 9 10 0.436
996 247 10 12 0.436
231 315 12 15 0.430
322 213 10 12 0.425
392 599 13 15 0.420
241 203 10 13 0.418
357 124 9 11 0.416
664 229 12 12 0.414
553 86 10 12 0.413
798 210 9 12 0.405
385 7 9 11 0.404
175 235 10 13 0.403
836 239 9 11 0.403
860 309 10 11 0.399
724 176 9 12 0.395
743 221 10 12 0.395
221 71 8 11 0.390
917 286 9 11 0.386
298 191 9 12 0.384
133 3 8 10 0.382
154 91 10 13 0.381
704 369 10 13 0.380
474 23 8 10 0.376
948 267 9 11 0.376
429 339 13 14 0.365
148 384 12 14 0.353
349 221 10 12 0.350
483 104 8 11 0.347
288 561 14 16 0.342
845 56 8 12 0.341
482 48 9 11 0.339
483 325 10 13 0.339
239 36 9 11 0.333
585 27 9 12 0.333
508 484 11 15 0.332
262 25 9 11 0.331
958 219 10 12 0.329
449 415 12 14 0.326
687 20 9 11 0.322
373 163 8 11 0.320
139 343 13 16 0.313
982 21 11 12 0.312
241 35 9 11 0.308
711 58 9 11 0.308
98 39 9 12 0.304
294 440 12 16 0.301
986 89 8 11 0.301
49 128 10 11 0.299
452 571 10 13 0.297
425 48 11 12 0.288
574 129 10 12 0.286
474 5 7 10 0.277
369 8 8 10 0.277
98 47 7 11 0.275
334 309 11 13 0.264
985 84 9 11 0.263
916 331 9 12 0.263
454 50 8 11 0.261
358 221 10 11 0.261
423 106 17 10 0.260
75 87 10 12 0.259
267 131 9 10 0.258
412 174 10 12 0.257
648 43 8 11 0.256
295 79 9 11 0.254
89 3 8 10 0.251
848 274 10 13 0.251
507 6 7 10 0.249
428 -1 8 9 0.247
428 47 10 11 0.244
934 171 9 11 0.241
947 328 11 12 0.240
608 149 11 16 0.236
741 17 8 11 0.233
728 56 8 9 0.230
93 57 11 11 0.228
529 525 11 13 0.227
962 2 8 9 0.222
1010 352 10 13 0.222
742 185 10 26 0.219
73 306 12 16 0.218
475 128 10 11 0.217
614 517 11 14 0.216
937 257 9 12 0.216
893 5 7 10 0.211
767 563 11 15 0.210
510 480 12 15 0.208
889 480 13 15 0.207
904 136 9 11 0.205
937 0 8 9 0.204
847 4 10 11 0.204
823 105 9 12 0.202
577 20 9 12 0.199
946 350 9 11 0.199
336 305 11 14 0.198
24 56 8 11 0.195
850 79 8 12 0.194
984 77 8 12 0.190
938 95 8 25 0.190
993 379 11 12 0.188
862 308 12 14 0.187
857 61 7 11 0.182
878 303 8 12 0.179
148 443 12 15 0.178
713 135 10 12 0.178
541 386 10 14 0.177
454 453 13 17 0.176
444 9 9 11 0.176
688 54 12 13 0.176
987 1 8 11 0.175
942 148 8 11 0.174
557 61 10 11 0.172
534 503 10 12 0.172
917 258 9 40 0.171
747 0 10 9 0.171
829 190 10 13 0.169
34 542 15 16 0.166
533 314 11 16 0.165
628 539 11 14 0.165
316 5 7 10 0.164
938 114 8 12 0.164
741 353 11 12 0.163
630 11 9 10 0.161
650 577 11 15 0.161
921 231 10 24 0.159
559 372 12 14 0.158
266 410 13 16 0.158
842 147 11 14 0.156
561 636 10 13 0.155
267 5 8 11 0.154
657 0 11 20 0.152
431 529 14 16 0.148
148 34 7 10 0.148
939 112 9 12 0.147
637 187 12 14 0.145
931 368 11 13 0.145
950 218 11 12 0.143
25 53 9 11 0.142
281 47 9 12 0.142
972 226 10 13 0.141
256 463 14 15 0.140
723 166 11 29 0.139
938 -1 8 15 0.139
3 154 10 13 0.139
450 447 13 17 0.138
437 61 8 37 0.137
535 320 12 14 0.137
229 320 12 14 0.136
4 158 11 15 0.136
666 232 11 13 0.135
312 503 12 15 0.134
768 156 11 16 0.133
420 55 8 11 0.133
570 3 7 9 0.132
847 74 9 15 0.131
290 132 9 11 0.130
261 99 10 10 0.129
796 200 10 25 0.129
17 153 10 13 0.128
813 91 9 11 0.127
831 86 10 13 0.126
905 65 9 11 0.125
461 522 13 17 0.125
846 52 9 14 0.125
1012 59 8 12 0.124
869 398 11 13 0.124
977 103 9 11 0.123
701 583 12 15 0.122
740 624 13 17 0.122
41 49 9 12 0.121
474 8 7 32 0.121
623 10 8 10 0.119
643 40 9 12 0.118
885 481 12 14 0.117
751 0 12 9 0.116
569 494 11 13 0.116
147 0 8 10 0.115
221 3 8 9 0.115
526 4 7 8 0.115
846 270 11 12 0.115
966 569 10 12 0.114
646 0 11 12 0.114
260 460 13 14 0.113
714 512 11 12 0.112
1017 23 6 12 0.111
518 133 9 11 0.111
97 34 10 15 0.110
109 185 11 14 0.110
678 370 11 12 0.109
916 271 10 39 0.108
194 22 8 11 0.108
982 94 10 13 0.108
146 386 12 17 0.108
230 69 10 12 0.105
592 602 12 16 0.105
38 2 9 11 0.104
69 308 14 16 0.104
114 13 8 38 0.104
808 152 11 21 0.103
995 235 11 13 0.102
947 328 11 25 0.102
724 2 9 50 0.101
485 322 11 14 0.101
943 351 11 13 0.101
478 628 13 16 0.100
23 63 9 12 0.100
960 23 8 10 0.100
820 97 12 22 0.100
809 138 8 36 0.099
878 71 10 13 0.099
493 359 10 13 0.099
975 387 13 13 0.098
716 104 9 11 0.097
962 232 10 13 0.097
759 11 9 11 0.095
79 436 12 15 0.095
270 407 13 17 0.095
936 165 11 16 0.093
424 371 11 15 0.093
148 300 10 13 0.093
732 142 10 12 0.092
690 22 8 10 0.091
428 33 9 37 0.091
295 69 10 33 0.091
978 205 9 12 0.090
842 455 12 14 0.090
843 5 10 12 0.090
505 457 11 11 0.090
493 31 8 10 0.089
260 204 10 12 0.089
985 152 9 11 0.088
791 191 10 12 0.088
393 585 13 16 0.085
839 495 13 13 0.084
742 21 9 11 0.084
936 174 11 13 0.084
791 195 8 12 0.084
882 0 9 10 0.083
571 3 10 13 0.082
37 155 9 12 0.082
628 188 12 12 0.082
421 321 10 12 0.082
827 191 9 12 0.082
479 329 10 14 0.080
845 418 9 11 0.080
540 378 30 14 0.079
939 9 9 11 0.077
996 250 9 12 0.077
615 521 10 14 0.077
990 3 8 11 0.076
121 286 9 12 0.076
455 460 13 17 0.076
390 62 8 10 0.075
817 199 15 49 0.075
715 55 10 11 0.074
954 133 9 12 0.074
870 176 11 12 0.074
146 414 11 14 0.074
296 145 11 13 0.073
41 122 9 38 0.073
352 145 10 12 0.073
873 266 10 13 0.073
420 325 12 17 0.073
419 50 10 12 0.072
143 82 11 14 0.072
858 -1 10 8 0.072
242 6 10 10 0.071
743 -4 10 25 0.071
957 21 9 12 0.071
372 85 9 16 0.071
410 1 9 10 0.070
935 151 11 53 0.070
390 467 13 19 0.070
985 337 11 13 0.070
772 62 10 12 0.070
314 136 11 14 0.069
990 197 9 12 0.069
273 504 14 17 0.069
369 341 11 14 0.069
905 61 9 22 0.069
97 81 9 11 0.068
278 37 11 23 0.068
63 28 9 12 0.068
937 130 9 11 0.067
154 228 11 13 0.067
4 169 10 14 0.066
435 534 13 17 0.066
321 22 10 12 0.065
348 0 7 74 0.064
76 300 12 16 0.064
825 353 11 12 0.064
684 1 7 82 0.064
982 74 9 11 0.064
941 169 10 13 0.064
677 111 10 23 0.063
475 113 11 39 0.063
804 29 10 13 0.063
189 45 8 11 0.062
294 189 10 11 0.062
734 586 10 12 0.062
1019 9 6 13 0.061
951 326 11 13 0.061
590 610 11 12 0.061
181 163 11 14 0.061
711 54 9 12 0.060
292 131 11 11 0.060
986 198 12 14 0.060
144 348 12 15 0.060
66 480 13 17 0.060
313 7 14 14 0.059
709 173 11 13 0.059
235 305 12 16 0.059
884 332 10 14 0.059
798 -26 7 97 0.058
190 427 13 16 0.058
247 464 14 16 0.058
945 161 10 14 0.058
187 296 11 13 0.058
869 173 9 12 0.057
422 421 14 16 0.057
613 201 11 13 0.057
618 518 10 13 0.057
707 367 10 13 0.056
441 10 8 11 0.056
492 597 12 19 0.056
197 260 11 14 0.055
306 87 9 12 0.055
600 485 11 13 0.055
984 -4 9 63 0.055
987 22 15 13 0.054
839 69 9 12 0.054
771 158 11 13 0.054
971 173 9 12 0.054
843 127 10 47 0.054
34 33 9 11 0.054
800 131 10 14 0.054
748 46 8 10 0.053
862 125 9 13 0.053
753 477 11 14 0.053
881 481 12 13 0.053
919 0 9 8 0.052
0 435 6 14 0.052
504 8 8 11 0.052
950 129 11 19 0.052
950 265 10 13 0.052
673 241 11 13 0.052
189 595 14 18 0.052
594 597 12 16 0.052
828 306 10 14 0.051
322 215 38 19 0.051
935 346 12 43 0.051
408 2 10 18 0.051
794 299 9 12 0.051
272 152 10 13 0.050
676 245 10 12 0.050
997 380 10 12 0.050
985 0 9 9 0.050
879 1 11 17 0.050
849 40 9 12 0.050
734 623 15 16 0.050
319 17 9 15 0.049
1016 15 7 23 0.049
92 79 13 13 0.049
922 235 16 22 0.049
950 262 15 18 0.049
698 370 14 13 0.049
631 541 11 14 0.049
72 289 24 48 0.049
218 3 8 10 0.048
954 115 9 17 0.048
848 44 9 12 0.048
926 -1 12 9 0.048
408 10 8 11 0.048
370 78 9 11 0.048
127 210 10 13 0.048
400 396 13 16 0.048
836 496 13 15 0.048
69 23 12 12 0.047
503 451 12 15 0.047
609 185 9 13 0.047
75 110 9 11 0.045
474 127 8 10 0.045
179 408 12 15 0.045
416 369 23 23 0.045
85 96 11 15 0.045
614 172 10 13 0.045
619 172 11 27 0.045
11 154 18 14 0.045
618 511 17 42 0.045
396 7 15 12 0.045
75 49 9 77 0.045
326 22 11 12 0.044
792 41 11 14 0.044
613 197 10 12 0.044
277 395 13 16 0.044
263 458 15 15 0.044
756 478 13 14 0.044
828 135 10 13 0.043
899 306 10 13 0.043
615 -3 9 96 0.043
388 602 14 16 0.043
87 23 9 18 0.043
635 15 10 12 0.043
0 557 8 16 0.043
89 32 18 59 0.043
62 1 9 10 0.042
31 92 10 14 0.042
623 10 19 10 0.042
939 1 14 19 0.042
261 209 11 13 0.042
438 222 10 14 0.042
451 430 13 45 0.042
981 202 11 14 0.042
714 155 12 14 0.041
877 308 10 14 0.041
516 478 12 15 0.041
535 43 10 11 0.041
946 270 10 12 0.041
880 335 12 13 0.041
648 584 12 14 0.041
58 311 22 15 0.040
105 2 9 10 0.040
319 50 11 11 0.040
499 72 9 12 0.040
757 -1 11 27 0.040
773 -10 42 42 0.040
352 140 9 12 0.040
107 181 11 14 0.040
420 337 10 14 0.040
865 416 12 15 0.040
907 433 12 13 0.040
450 527 19 16 0.040
760 595 11 15 0.040
407 469 13 16 0.040
323 337 12 14 0.039
148 361 11 15 0.039
464 516 13 15 0.039
556 41 10 41 0.039
371 82 8 10 0.039
427 373 10 15 0.039
918 5 9 13 0.039
293 193 11 13 0.039
714 145 10 13 0.038
499 515 14 17 0.038
457 526 15 15 0.038
379 464 20 16 0.038
738 -1 11 10 0.038
976 258 9 12 0.038
946 219 9 12 0.038
869 292 11 17 0.038
145 405 12 19 0.038
574 136 10 13 0.037
438 339 11 14 0.037
583 0 10 10 0.037
123 190 11 13 0.037
937 471 10 12 0.037
188 296 11 20 0.037
357 63 9 11 0.037
978 262 10 12 0.037
815 409 12 15 0.037
586 509 11 13 0.037
687 9 9 90 0.037
419 423 13 17 0.036
555 541 11 14 0.036
423 -8 16 26 0.036
968 423 10 12 0.036
983 527 9 11 0.036
883 310 11 49 0.036
671 569 11 13 0.036
389 464 12 16 0.035
220 67 10 12 0.035
260 407 14 17 0.035
549 461 11 11 0.035
124 182 11 24 0.035
915 271 8 104 0.035
67 23 10 11 0.035
958 232 11 17 0.035
471 350 11 14 0.035
493 503 12 15 0.035
714 137 10 15 0.035
261 213 11 15 0.035
44 41 13 14 0.035
308 104 13 14 0.035
375 96 12 17 0.035
847 101 9 12 0.035
183 160 10 13 0.035
943 179 12 14 0.035
237 301 12 17 0.035
262 449 14 53 0.034
907 329 18 29 0.034
363 465 13 17 0.034
608 68 19 81 0.034
410 472 13 16 0.034
267 107 10 75 0.034
4 149 25 13 0.034
469 28 11 12 0.034
343 45 10 12 0.034
76 108 11 17 0.034
973 175 10 12 0.034
57 314 13 15 0.034
901 305 12 17 0.034
480 619 13 17 0.034
939 -20 8 54 0.033
171 231 11 15 0.033
463 539 12 16 0.033
713 137 11 25 0.033
868 380 10 12 0.033
669 228 9 11 0.033
152 269 11 14 0.033
930 57 12 12 0.032
748 -1 22 9 0.032
143 79 10 12 0.032
825 352 22 13 0.032
586 -1 9 10 0.032
510 377 10 13 0.032
465 543 11 14 0.032
345 49 11 12 0.032
840 320 12 15 0.032
197 383 12 16 0.031
108 306 16 17 0.031
481 343 13 37 0.031
111 22 10 15 0.031
207 270 12 14 0.031
474 347 12 18 0.031
288 451 15 17 0.031
175 7 10 12 0.031
1008 123 10 12 0.031
314 97 12 12 0.030
783 100 12 13 0.030
749 222 15 15 0.030
176 237 11 25 0.030
953 192 20 71 0.030
475 -20 7 93 0.030
750 147 12 13 0.030
603 618 12 16 0.030
13 39 9 10 0.030
536 386 11 13 0.030
278 564 14 16 0.030
66 -21 13 103 0.030
198 -37 9 102 0.030
841 264 10 13 0.029
293 448 14 17 0.029
920 205 8 105 0.029
426 529 14 16 0.029
944 215 13 22 0.029
873 400 10 12 0.029
715 0 11 11 0.029
875 18 15 17 0.029
302 33 9 12 0.029
676 8 17 84 0.029
773 100 10 12 0.029
34 102 10 15 0.029
806 144 10 19 0.029
837 348 13 17 0.029
528 495 12 15 0.029
616 185 31 22 0.029
802 80 10 15 0.028
987 194 11 13 0.028
567 482 21 42 0.028
665 70 13 13 0.028
806 155 10 12 0.028
870 264 10 13 0.028
839 267 10 13 0.028
519 46 10 12 0.028
901 128 10 15 0.028
842 151 10 17 0.028
890 335 14 13 0.028
1014 340 9 25 0.028
990 373 10 12 0.028
444 438 14 19 0.028
997 528 12 14 0.028
356 113 10 16 0.028
935 495 10 13 0.028
439 547 13 16 0.028
392 493 13 17 0.028
308 91 13 24 0.027
886 130 9 11 0.027
433 137 9 11 0.027
185 167 11 13 0.027
981 88 13 24 0.027
173 262 13 14 0.027
71 460 13 15 0.027
551 538 12 14 0.027
445 552 13 21 0.027
585 -2 10 19 0.027
989 27 10 11 0.027
144 340 12 15 0.027
0 406 7 17 0.027
419 417 12 16 0.027
582 498 14 22 0.027
774 58 12 17 0.027
798 125 10 15 0.027
590 557 12 16 0.027
298 570 16 21 0.027
205 266 16 20 0.027
912 341 11 18 0.027
428 424 15 16 0.027
589 492 15 15 0.027
243 8 9 25 0.026
475 87 10 13 0.026
958 269 15 16 0.026
544 321 16 14 0.026
632 580 11 15 0.026
950 0 15 11 0.026
491 21 10 19 0.026
917 46 8 12 0.026
829 128 10 25 0.026
376 158 15 20 0.026
437 166 10 12 0.026
727 623 10 12 0.026
677 373 9 10 0.026
181 4 10 9 0.026
348 101 9 12 0.026
115 171 13 16 0.026
348 -9 33 50 0.026
214 4 14 16 0.026
184 59 11 13 0.026
66 487 12 16 0.026
475 354 11 14 0.025
841 44 11 18 0.025
256 93 10 12 0.025
454 446 13 16 0.025
111 302 13 16 0.025
515 193 10 11 0.025
940 252 12 14 0.025
460 502 15 19 0.025
37 549 16 17 0.025
735 0 11 22 0.025
917 290 11 16 0.025
511 472 11 17 0.025
803 24 10 12 0.025
36 -1 10 10 0.024
308 499 14 18 0.024
62 495 14 17 0.024
289 603 13 16 0.024
308 91 11 12 0.024
882 62 11 16 0.024
714 131 10 12 0.024
913 179 11 14 0.024
1017 262 8 14 0.024
316 503 14 16 0.024
184 313 11 13 0.024
1018 329 7 14 0.024
970 385 10 13 0.024
229 2 10 11 0.024
511 380 12 13 0.024
443 544 12 16 0.024
762 551 12 22 0.024
727 60 8 10 0.024
191 -33 13 96 0.024
936 114 8 99 0.024
51 9 11 15 0.023
1 177 10 20 0.023
426 -4 28 25 0.023
14 37 11 18 0.023
531 72 11 13 0.023
979 228 10 13 0.023
948 323 11 13 0.023
51 319 12 14 0.023
554 534 14 33 0.023
325 205 12 13 0.023
272 411 14 17 0.023
384 461 14 16 0.023
759 480 10 17 0.023
922 -2 8 16 0.023
315 101 13 20 0.023
417 373 14 15 0.023
437 229 10 13 0.023
568 349 12 14 0.023
566 494 12 19 0.023
35 160 10 12 0.023
273 393 15 15 0.023
739 141 17 19 0.022
145 56 12 72 0.022
562 562 13 15 0.022
797 21 10 37 0.022
258 463 17 19 0.022
770 565 12 15 0.022
261 221 11 14 0.022
837 344 11 14 0.022
73 121 9 15 0.022
887 130 11 19 0.022
343 224 10 13 0.022
503 467 12 71 0.022
563 608 22 56 0.022
43 53 9 12 0.022
771 105 10 16 0.022
306 107 10 12 0.022
914 12 9 15 0.021
180 260 11 14 0.021
831 384 12 12 0.021
612 37 10 46 0.021
430 48 10 19 0.021
804 57 11 13 0.021
588 479 22 43 0.021
70 48 8 12 0.021
125 180 12 14 0.021
868 388 11 16 0.021
847 455 11 13 0.021
763 224 9 11 0.021
701 563 12 14 0.021
718 582 13 14 0.021
109 2 9 11 0.021
375 42 11 13 0.021
824 108 12 21 0.021
906 363 9 12 0.021
805 399 13 15 0.021
606 620 12 15 0.021
306 61 12 14 0.021
234 318 13 16 0.021
845 94 11 18 0.021
885 67 10 11 0.021
974 258 13 31 0.021
640 580 13 20 0.021
98 105 12 13 0.021
927 126 12 17 0.021
531 399 11 15 0.021
21 59 10 29 0.021
390 474 14 18 0.020
457 520 15 16 0.020
799 49 12 20 0.020
856 86 9 12 0.020
649 572 11 15 0.020
578 58 9 11 0.020
587 607 12 14 0.020
377 37 9 13 0.020
829 122 11 21 0.020
406 168 14 17 0.020
989 337 11 13 0.020
835 355 12 14 0.020
671 68 11 14 0.020
1009 442 10 13 0.020
695 561 12 13 0.020
472 21 22 62 0.020
955 218 15 19 0.020
831 214 11 12 0.020
489 536 12 14 0.020
453 464 12 17 0.020
310 57 11 13 0.020
117 257 15 15 0.020
936 516 11 14 0.020
463 527 13 15 0.020
51 104 10 11 0.020
832 175 11 13 0.020
666 567 14 15 0.020
117 92 10 15 0.020
841 358 13 13 0.020
277 559 13 15 0.019
596 489 13 15 0.019
966 413 12 22 0.019
667 557 12 12 0.019
658 70 12 13 0.019
861 189 11 13 0.019
868 289 9 12 0.019
603 96 15 13 0.019
942 519 14 21 0.019
184 418 12 16 0.019
941 201 11 20 0.019
900 272 10 17 0.019
533 504 14 23 0.019
615 516 14 24 0.019
534 4 10 10 0.019
187 52 10 18 0.019
983 133 11 18 0.019
189 368 15 35 0.019
297 63 10 12 0.019
766 67 9 12 0.019
559 567 12 14 0.019
532 499 10 14 0.019
715 91 13 33 0.019
497 45 12 14 0.019
968 418 12 15 0.019
891 443 9 12 0.019
551 511 13 13 0.019
63 0 10 21 0.018
689 97 9 11 0.018
116 163 10 12 0.018
348 164 12 20 0.018
197 257 10 13 0.018
1017 140 7 14 0.018
402 161 11 13 0.018
843 139 12 16 0.018
946 525 13 14 0.018
535 311 9 12 0.018
256 468 14 17 0.018
493 510 15 18 0.018
452 622 11 15 0.018
350 -27 10 110 0.018
936 43 9 20 0.018
186 30 13 47 0.018
652 48 10 11 0.018
901 282 10 17 0.018
845 46 9 14 0.018
848 46 13 86 0.018
304 85 11 20 0.018
213 145 11 12 0.018
965 380 9 12 0.018
874 22 10 20 0.018
284 145 14 18 0.017
713 552 14 19 0.017
309 77 10 61 0.017
936 38 10 13 0.017
447 89 9 12 0.017
404 29 17 101 0.017
183 150 10 11 0.017
511 374 11 12 0.017
151 225 11 13 0.017
46 16 11 21 0.017
776 135 11 13 0.017
110 94 11 20 0.017
614 48 8 12 0.017
976 225 10 13 0.017
733 582 26 24 0.017
563 565 16 15 0.017
954 107 8 35 0.017
548 498 11 13 0.017
863 529 11 14 0.017
780 132 12 14 0.017
883 472 14 18 0.017
943 507 12 42 0.017
189 291 12 14 0.017
293 549 14 17 0.017
764 559 12 16 0.017
134 93 14 19 0.017
528 468 13 102 0.016
867 164 11 16 0.016
918 -1 24 8 0.016
194 481 13 28 0.016
429 313 12 14 0.016
466 507 12 15 0.016
247 111 11 14 0.016
647 113 10 14 0.016
922 226 11 15 0.016
155 224 12 14 0.016
455 578 12 14 0.016
527 1 6 113 0.016
969 567 11 14 0.016
377 134 11 14 0.016
837 460 11 22 0.016
703 560 14 13 0.016
206 387 11 15 0.016
423 312 13 15 0.016
546 78 14 21 0.016
933 469 10 12 0.016
877 24 8 14 0.016
195 467 16 18 0.016
291 109 14 79 0.016
284 341 12 16 0.016
971 0 16 29 0.016
291 68 11 19 0.016
990 528 17 12 0.016
978 478 12 14 0.016
862 419 12 14 0.015
374 86 11 18 0.015
647 46 9 11 0.015
1012 445 9 12 0.015
279 15 10 23 0.015
982 273 10 13 0.015
73 449 19 19 0.015
798 103 12 17 0.015
40 541 17 17 0.015
924 121 11 17 0.015
666 572 13 14 0.015
699 638 16 13 0.015
731 482 10 12 0.015
976 170 10 97 0.015
296 36 14 12 0.015
490 500 11 14 0.015
94 323 11 14 0.015
554 546 13 15 0.015
922 434 12 14 0.015
188 477 16 17 0.015
528 495 12 58 0.015
306 120 12 24 0.015
384 596 19 18 0.015
655 557 12 15 0.015
871 -3 17 17 0.015
172 238 11 14 0.015
544 465 15 15 0.015
478 635 12 13 0.015
892 440 13 12 0.015
59 0 10 10 0.014
322 212 16 15 0.014
457 359 11 13 0.014
217 26 12 12 0.014
117 86 11 18 0.014
408 74 12 17 0.014
734 589 11 13 0.014
387 147 10 14 0.014
401 390 15 19 0.014
775 479 12 14 0.014
862 180 13 22 0.014
84 312 15 17 0.014
732 144 23 11 0.014
468 -1 9 9 0.014
965 153 14 20 0.014
589 540 14 21 0.014
754 543 12 16 0.014
696 191 10 12 0.014
835 474 10 12 0.014
516 522 16 15 0.014
356 68 9 11 0.014
950 527 11 13 0.014
957 108 12 19 0.014
506 516 16 20 0.014
81 300 12 16 0.014
960 472 9 11 0.014
609 45 10 23 0.014
487 540 12 15 0.014
662 559 14 15 0.014
768 569 12 15 0.014
196 97 10 14 0.013
62 314 14 15 0.013
912 390 11 13 0.013
240 306 12 16 0.013
268 99 11 11 0.013
838 10 10 15 0.013
30 538 13 14 0.013
136 81 13 17 0.013
766 5 12 26 0.013
346 151 13 27 0.013
974 273 14 17 0.013
714 531 10 18 0.013
555 631 12 16 0.013
936 497 10 24 0.013
927 563 12 15 0.013
448 -25 8 98 0.013
357 0 11 16 0.013
593 567 10 13 0.013
772 36 14 72 0.013
343 287 10 15 0.013
843 199 11 21 0.013
771 473 12 13 0.013
997 369 12 14 0.013
765 515 9 12 0.013
33 548 15 16 0.013
938 505 11 46 0.013
875 182 10 13 0.013
935 57 10 17 0.013
781 124 12 20 0.013
1013 123 11 28 0.013
491 440 13 17 0.013
584 557 12 15 0.013
24 16 20 83 0.013
938 522 14 14 0.013
494 436 14 18 0.012
1012 32 9 59 0.012
527 26 10 14 0.012
355 165 14 18 0.012
701 203 12 13 0.012
315 38 12 24 0.012
294 73 9 13 0.012
662 550 22 49 0.012
717 561 15 20 0.012
617 133 9 13 0.012
897 270 10 12 0.012
910 395 13 19 0.012
422 428 14 17 0.012
523 51 12 23 0.012
878 322 12 22 0.012
919 554 10 13 0.012
962 236 10 18 0.012
317 3 9 10 0.012
556 517 11 13 0.012
644 586 13 16 0.012
750 153 10 18 0.012
445 448 14 18 0.012
82 67 11 21 0.012
764 110 11 14 0.012
939 375 10 14 0.012
279 507 17 19 0.012
711 130 9 74 0.012
144 219 22 20 0.012
332 201 10 13 0.012
908 106 12 19 0.012
406 162 12 17 0.012
326 335 15 16 0.012
935 0 26 22 0.011
115 137 9 12 0.011
375 54 14 79 0.011
991 314 8 93 0.011
532 188 12 13 0.011
682 628 11 13 0.011
506 553 12 14 0.011
950 20 13 17 0.011
583 169 10 12 0.011
361 4 12 11 0.011
825 69 11 99 0.011
106 295 48 29 0.011
939 43 9 12 0.011
156 641 13 11 0.011
562 559 22 33 0.011
946 211 18 107 0.011
383 6 31 12 0.011
832 238 10 12 0.011
983 472 10 11 0.011
763 475 18 20 0.011
259 473 14 17 0.011
59 129 12 13 0.011
827 234 13 14 0.011
87 0 9 10 0.011
858 245 9 12 0.011
278 459 15 19 0.011
287 482 46 54 0.011
225 17 10 17 0.011
695 641 15 13 0.011
935 0 26 8 0.011
92 646 23 13 0.011
649 12 14 17 0.011
746 354 12 13 0.011
843 268 10 13 0.011
822 500 12 14 0.011
543 536 16 19 0.011
714 543 11 15 0.011
155 74 11 14 0.011
59 502 14 15 0.011
549 499 15 24 0.011
929 560 12 14 0.011
819 403 15 38 0.011
962 137 13 20 0.011
477 123 12 15 0.011
881 207 12 16 0.011
514 624 12 17 0.011
727 348 17 15 0.011
913 99 11 13 0.011
418 368 12 15 0.011
810 41 12 97 0.011
843 395 8 100 0.011
789 206 11 17 0.010
763 503 9 15 0.010
71 77 10 13 0.010
783 379 10 13 0.010
964 400 11 14 0.010
971 95 9 13 0.010
0 359 9 15 0.010
980 476 12 13 0.010
756 228 10 12 0.010
768 62 9 11 0.010
176 411 13 15 0.010
819 51 10 107 0.010
152 49 11 12 0.010
436 209 11 12 0.010
492 313 13 14 0.010
446 567 12 17 0.010
457 468 16 17 0.010
390 528 13 17 0.010
560 61 14 18 0.010
562 159 9 12 0.010
