2_Demonstration_Protesters_2_840
28
792 167 22 29 0.835
916 154 21 34 0.812
678 190 19 27 0.807
256 194 16 24 0.763
322 174 16 23 0.753
102 187 18 21 0.710
185 185 17 22 0.682
953 215 14 20 0.567
180 187 17 21 0.126
70 197 11 14 0.091
596 165 8 11 0.075
308 154 11 18 0.073
711 172 14 19 0.052
884 150 15 19 0.045
1008 193 15 29 0.041
672 192 19 25 0.041
955 219 16 21 0.038
952 211 13 17 0.036
315 147 12 16 0.035
320 181 15 20 0.027
430 112 17 23 0.021
1002 193 16 20 0.019
310 150 14 17 0.018
320 145 10 13 0.017
1012 213 11 26 0.015
571 166 9 11 0.014
881 150 12 15 0.012
710 169 12 16 0.011
