2_Demonstration_Political_Rally_2_319
358
616 457 35 47 0.866
156 484 25 36 0.764
715 535 31 45 0.762
119 443 24 32 0.757
391 465 26 33 0.753
669 443 23 35 0.745
834 568 46 64 0.726
872 385 14 18 0.690
136 684 27 42 0.687
457 436 20 27 0.678
855 427 16 27 0.640
276 458 24 39 0.620
53 457 22 32 0.596
842 395 12 16 0.582
533 443 20 32 0.551
954 401 11 16 0.524
47 566 25 54 0.507
0 394 10 19 0.440
110 370 8 10 0.431
925 377 8 10 0.368
298 468 21 36 0.364
230 358 9 11 0.341
34 390 13 18 0.339
312 515 23 40 0.335
193 441 31 34 0.329
466 392 19 22 0.308
241 379 10 13 0.304
131 407 19 22 0.293
56 373 11 13 0.289
37 436 21 31 0.284
242 401 18 26 0.277
719 474 27 34 0.271
531 391 12 14 0.270
286 375 9 11 0.263
193 411 19 24 0.263
314 378 10 14 0.259
493 381 15 17 0.249
247 369 9 12 0.244
399 364 10 11 0.243
455 375 10 13 0.236
843 398 13 24 0.233
782 416 11 17 0.225
173 418 18 24 0.214
228 357 9 11 0.211
219 394 15 19 0.211
344 362 8 11 0.205
134 367 8 10 0.201
30 458 19 27 0.201
976 522 26 35 0.201
307 421 16 20 0.198
993 491 18 22 0.194
34 446 27 37 0.194
1011 384 10 12 0.192
307 359 9 11 0.190
77 387 11 14 0.188
324 393 13 15 0.187
243 374 10 16 0.184
827 431 14 20 0.174
967 377 9 12 0.171
433 409 18 23 0.170
711 414 11 17 0.168
362 417 17 26 0.166
896 361 7 9 0.163
421 365 10 13 0.153
867 365 8 10 0.153
333 411 15 20 0.141
315 379 13 18 0.139
507 366 9 13 0.134
575 531 29 36 0.132
381 413 17 24 0.125
20 331 6 15 0.125
908 387 11 13 0.125
794 395 10 13 0.125
34 409 14 19 0.124
269 359 9 11 0.123
200 376 15 16 0.122
722 399 11 13 0.121
575 445 17 21 0.118
177 416 34 27 0.116
623 422 20 24 0.116
23 371 10 13 0.115
897 397 13 16 0.115
240 385 13 18 0.114
254 439 20 35 0.110
811 393 11 14 0.105
231 398 18 23 0.104
894 360 9 13 0.102
21 357 7 9 0.101
89 353 9 11 0.101
53 321 7 8 0.100
557 391 14 17 0.100
511 417 16 23 0.098
245 356 9 16 0.094
70 352 8 11 0.093
260 378 11 14 0.092
157 373 11 13 0.091
77 394 16 20 0.090
176 362 10 12 0.087
684 397 10 15 0.087
523 523 18 33 0.085
986 363 8 13 0.080
212 442 21 28 0.080
116 394 13 17 0.078
995 400 11 15 0.077
318 342 8 10 0.076
707 417 14 19 0.075
244 411 21 34 0.072
205 373 13 17 0.072
898 390 13 16 0.072
748 405 11 17 0.072
14 355 13 10 0.068
265 356 13 11 0.066
456 372 13 18 0.066
219 368 11 14 0.065
683 399 12 20 0.064
963 361 9 11 0.063
533 385 14 19 0.063
829 408 15 52 0.062
518 417 30 52 0.062
180 385 15 17 0.061
394 362 12 15 0.060
374 358 9 12 0.059
212 374 14 14 0.059
510 472 19 32 0.058
80 389 16 20 0.058
162 368 15 14 0.057
414 361 19 21 0.057
954 360 7 9 0.056
268 352 11 22 0.055
76 389 14 19 0.054
190 356 13 12 0.053
525 432 22 36 0.053
870 358 8 19 0.052
579 448 20 24 0.052
878 342 6 9 0.052
7 354 10 12 0.052
3 360 9 21 0.051
523 429 20 26 0.051
858 378 11 16 0.049
965 362 9 36 0.049
583 537 28 37 0.048
328 414 16 21 0.048
82 395 16 20 0.048
986 359 9 25 0.047
179 356 11 13 0.047
384 410 15 19 0.046
953 405 10 15 0.046
319 339 10 16 0.046
185 382 15 17 0.046
913 386 11 13 0.046
867 386 14 18 0.045
988 388 9 16 0.045
532 391 17 18 0.044
282 354 9 13 0.044
330 392 23 53 0.043
604 360 12 14 0.043
229 391 17 20 0.043
686 406 14 17 0.043
508 368 12 14 0.041
335 402 15 24 0.039
368 403 14 21 0.039
112 367 10 20 0.039
1016 434 8 16 0.039
462 390 39 24 0.037
963 357 9 28 0.036
4 368 10 15 0.036
51 380 14 16 0.036
372 355 10 12 0.035
299 362 14 13 0.034
954 359 9 25 0.034
707 391 10 12 0.034
747 384 10 15 0.034
896 406 15 18 0.034
1013 475 10 24 0.034
906 371 8 11 0.032
113 434 25 37 0.032
48 315 13 20 0.032
809 356 12 27 0.032
951 370 9 25 0.031
34 400 13 20 0.031
551 392 16 20 0.031
1011 359 10 60 0.031
331 406 22 28 0.031
877 340 6 8 0.030
1 326 9 20 0.030
520 364 27 64 0.029
905 365 10 20 0.029
315 346 12 24 0.029
89 355 10 16 0.029
401 365 31 13 0.029
527 380 15 28 0.028
278 348 12 26 0.028
1007 481 13 25 0.028
856 378 10 12 0.028
910 375 11 26 0.028
312 321 10 100 0.028
143 364 10 11 0.028
408 382 12 15 0.028
396 357 38 26 0.028
346 370 11 14 0.027
982 390 11 14 0.027
29 403 34 28 0.027
302 422 17 21 0.027
858 338 6 7 0.027
30 465 13 23 0.027
324 357 14 75 0.026
17 330 8 13 0.026
890 352 11 25 0.026
1004 373 18 27 0.026
264 449 21 28 0.026
77 349 18 19 0.026
792 365 8 12 0.026
174 411 16 19 0.026
583 407 19 21 0.026
619 429 22 28 0.026
508 422 18 27 0.025
132 365 11 18 0.025
1003 360 13 23 0.025
201 404 19 24 0.025
1018 413 7 20 0.025
797 353 10 17 0.025
889 360 15 9 0.024
749 389 10 18 0.024
95 389 19 19 0.023
1 396 15 18 0.023
73 320 9 10 0.023
988 369 11 29 0.023
168 408 15 19 0.023
20 355 14 30 0.023
1015 420 9 34 0.023
440 348 27 61 0.022
260 349 16 25 0.022
885 356 15 26 0.022
797 371 10 25 0.022
506 362 8 14 0.022
714 382 16 71 0.022
285 373 14 16 0.021
801 392 22 17 0.021
273 340 7 8 0.021
145 408 17 22 0.021
194 355 12 27 0.021
830 357 15 28 0.021
757 413 15 18 0.021
1005 365 10 13 0.021
401 375 13 18 0.020
577 406 17 22 0.020
140 369 16 14 0.020
875 375 14 25 0.020
508 415 15 22 0.020
222 344 10 19 0.020
579 426 26 56 0.020
158 348 21 64 0.020
705 389 10 11 0.020
859 384 19 16 0.020
126 394 61 53 0.019
209 439 49 33 0.019
1001 389 14 20 0.019
588 518 28 37 0.019
379 355 12 17 0.019
17 374 13 14 0.018
188 447 27 35 0.018
101 346 11 21 0.018
685 387 21 43 0.018
89 342 10 26 0.018
122 411 17 23 0.018
685 394 12 17 0.018
987 493 19 22 0.018
69 354 30 10 0.018
143 404 17 20 0.018
131 347 21 50 0.018
854 420 17 24 0.018
193 377 15 17 0.017
439 405 17 23 0.017
53 367 13 17 0.017
894 400 13 18 0.017
593 332 9 11 0.017
911 367 8 43 0.017
611 348 10 15 0.017
505 344 8 14 0.017
683 407 12 18 0.017
694 381 9 12 0.017
793 356 7 11 0.017
1002 355 10 25 0.017
269 332 13 30 0.016
215 392 21 27 0.016
897 373 14 28 0.016
41 361 9 10 0.016
569 522 28 37 0.016
1011 482 13 27 0.016
742 412 23 25 0.016
157 386 18 18 0.016
64 402 18 22 0.016
402 354 16 21 0.015
314 358 14 25 0.015
601 353 14 36 0.015
1003 362 9 13 0.015
876 333 7 26 0.015
254 378 16 27 0.015
315 366 25 98 0.015
387 406 15 19 0.015
328 338 11 24 0.015
346 466 27 35 0.015
605 440 20 24 0.015
763 409 12 16 0.014
881 370 16 24 0.014
559 388 12 14 0.014
878 362 27 16 0.014
570 447 19 23 0.014
1009 381 14 20 0.014
267 383 12 15 0.014
103 392 20 20 0.014
2 326 10 30 0.013
343 361 12 15 0.013
815 394 12 13 0.013
1015 400 9 25 0.013
732 419 14 19 0.013
548 352 10 18 0.013
61 405 17 22 0.013
243 332 10 116 0.013
505 350 8 28 0.013
349 416 19 23 0.013
106 368 13 15 0.013
285 466 22 30 0.013
652 342 7 9 0.013
1000 379 22 56 0.013
336 347 13 27 0.013
508 387 14 17 0.012
702 370 23 93 0.012
427 363 12 19 0.012
331 369 14 14 0.012
611 438 21 25 0.012
470 380 16 23 0.012
997 358 18 28 0.012
352 369 14 21 0.012
848 420 16 23 0.012
273 327 6 41 0.012
37 363 14 12 0.012
896 335 11 71 0.011
512 430 19 29 0.011
398 361 12 19 0.011
102 332 10 28 0.011
524 356 14 30 0.011
370 399 11 16 0.011
42 448 34 42 0.011
108 330 7 9 0.011
452 427 18 26 0.011
48 410 20 21 0.011
310 528 17 28 0.011
400 383 15 16 0.011
619 412 17 25 0.010
401 357 27 14 0.010
469 365 14 19 0.010
546 359 11 12 0.010
625 324 9 14 0.010
985 524 19 27 0.010
525 347 13 28 0.010
848 400 15 18 0.010
954 357 11 11 0.010
