2_Demonstration_Political_Rally_2_609
527
157 146 28 36 0.842
634 391 17 19 0.804
122 241 83 136 0.793
996 349 17 21 0.777
808 543 23 28 0.762
739 401 13 17 0.750
940 375 16 18 0.743
757 450 14 17 0.737
749 371 14 17 0.727
963 450 16 20 0.722
967 347 16 19 0.720
408 418 13 15 0.718
690 413 15 17 0.711
908 431 16 21 0.701
902 475 15 19 0.697
758 322 14 16 0.695
460 365 13 15 0.695
992 466 16 21 0.695
790 437 14 18 0.692
510 339 12 15 0.690
321 372 13 17 0.690
712 406 12 15 0.690
771 410 13 16 0.686
383 399 14 18 0.682
440 406 14 15 0.681
965 410 18 21 0.671
982 488 18 22 0.663
887 543 22 28 0.662
887 457 17 22 0.656
389 363 14 16 0.654
729 516 19 21 0.654
489 388 16 18 0.652
304 360 11 15 0.640
418 392 14 16 0.630
922 491 17 23 0.630
640 349 14 17 0.627
768 565 22 28 0.626
772 493 17 19 0.626
782 465 17 18 0.613
664 320 13 16 0.607
677 403 13 16 0.605
554 362 13 16 0.603
800 299 11 13 0.599
261 368 12 15 0.599
849 556 20 27 0.597
448 343 11 13 0.597
742 475 15 18 0.597
343 359 11 15 0.591
850 518 18 22 0.582
769 596 22 29 0.576
998 376 14 20 0.575
609 325 12 15 0.563
814 327 13 17 0.563
470 343 12 16 0.558
770 296 13 15 0.547
477 322 11 13 0.547
745 540 19 22 0.547
531 400 15 17 0.524
819 405 14 19 0.506
719 426 15 17 0.504
477 409 14 16 0.501
1014 475 11 21 0.493
589 383 12 15 0.486
718 460 14 18 0.486
640 429 17 18 0.477
804 280 12 13 0.464
935 572 20 24 0.463
412 357 12 14 0.462
535 342 11 12 0.451
491 342 11 13 0.449
716 476 13 17 0.438
912 330 14 18 0.432
455 388 11 14 0.431
717 469 14 21 0.431
963 617 19 26 0.407
394 332 11 14 0.405
742 615 26 33 0.403
694 354 14 17 0.401
976 309 14 17 0.399
812 453 16 20 0.397
851 394 13 17 0.396
436 430 15 17 0.389
353 324 10 13 0.382
790 385 12 16 0.376
717 297 12 15 0.374
805 357 14 17 0.374
554 346 11 13 0.370
617 427 14 17 0.349
884 391 14 17 0.348
738 290 13 16 0.347
817 294 11 14 0.341
648 326 11 13 0.331
555 319 12 15 0.325
710 387 10 14 0.325
289 355 12 14 0.312
769 525 16 18 0.310
700 286 13 19 0.308
906 508 20 23 0.297
667 296 12 14 0.280
1008 294 13 16 0.280
940 464 13 17 0.280
751 505 15 19 0.271
685 408 16 19 0.264
599 320 13 16 0.249
851 485 17 21 0.249
878 360 14 18 0.244
472 330 12 26 0.243
604 326 13 17 0.238
364 309 10 13 0.234
307 438 14 17 0.230
276 387 14 17 0.226
711 326 15 17 0.225
358 386 11 15 0.225
280 383 13 15 0.222
650 323 14 16 0.220
597 317 11 14 0.217
943 528 25 31 0.211
750 608 27 37 0.210
497 308 11 13 0.210
617 295 14 15 0.208
290 328 13 15 0.206
810 449 14 17 0.205
260 288 11 13 0.204
742 282 14 18 0.194
418 376 13 39 0.185
814 322 13 35 0.184
328 336 10 14 0.175
587 387 13 16 0.174
768 288 13 29 0.171
985 567 19 23 0.169
817 314 15 18 0.168
724 317 15 19 0.165
939 527 21 26 0.165
333 354 14 17 0.164
749 277 13 16 0.161
591 413 14 18 0.158
956 478 14 18 0.155
864 474 18 22 0.153
611 366 11 15 0.150
738 295 12 16 0.144
794 402 14 18 0.142
778 462 18 47 0.136
822 312 12 15 0.134
442 408 16 17 0.134
844 425 15 21 0.132
791 524 18 21 0.130
846 606 24 50 0.129
797 343 13 17 0.125
417 386 14 16 0.125
800 281 11 45 0.123
507 320 15 55 0.121
730 504 22 50 0.121
389 291 10 13 0.120
709 291 14 17 0.119
474 520 17 21 0.119
482 388 14 16 0.119
964 349 52 19 0.118
944 327 16 18 0.118
725 549 22 23 0.116
690 399 15 39 0.116
535 406 16 18 0.114
253 325 14 16 0.112
330 352 13 16 0.110
862 520 19 21 0.110
854 478 17 36 0.110
748 450 19 42 0.109
514 296 11 14 0.109
950 535 20 25 0.106
720 258 12 14 0.104
393 361 14 16 0.104
708 425 15 20 0.104
833 477 14 19 0.104
717 402 40 19 0.104
381 454 13 17 0.103
844 437 15 21 0.103
731 296 14 16 0.100
837 382 12 16 0.100
891 509 22 75 0.100
846 631 26 33 0.095
582 390 14 17 0.095
743 577 21 26 0.095
848 605 19 25 0.095
613 373 11 23 0.092
595 342 13 14 0.091
540 320 11 14 0.090
259 285 10 13 0.090
349 283 11 13 0.090
412 436 16 18 0.087
330 291 11 13 0.087
456 421 12 14 0.086
514 315 13 14 0.085
705 318 14 18 0.082
876 337 15 18 0.082
268 305 10 13 0.081
836 479 19 21 0.080
699 326 13 17 0.080
808 329 15 18 0.080
792 408 14 18 0.080
759 299 14 15 0.079
643 435 19 21 0.079
977 657 19 24 0.078
868 415 15 19 0.078
667 307 18 50 0.077
318 282 12 14 0.077
712 431 15 19 0.077
716 438 14 39 0.076
291 318 11 62 0.075
439 332 11 13 0.075
263 295 11 13 0.073
843 296 14 17 0.072
323 285 13 14 0.072
417 382 12 16 0.071
812 355 18 20 0.070
799 401 17 19 0.070
896 655 22 28 0.070
936 522 17 23 0.069
727 572 22 25 0.067
608 296 17 27 0.065
1004 288 16 18 0.065
486 358 16 84 0.064
709 435 14 18 0.064
1013 410 11 17 0.064
852 614 22 27 0.064
911 495 21 24 0.063
911 508 25 26 0.062
556 355 14 18 0.061
912 322 13 17 0.060
498 365 12 16 0.060
813 317 15 18 0.059
615 386 11 14 0.059
943 516 21 26 0.059
352 340 11 15 0.058
272 393 16 18 0.058
600 342 12 14 0.057
907 505 47 39 0.056
480 296 15 70 0.056
428 290 10 13 0.056
547 301 12 14 0.056
754 414 12 15 0.056
774 468 15 18 0.056
907 573 19 24 0.056
767 554 40 29 0.055
574 410 13 16 0.055
738 429 11 16 0.055
671 349 11 16 0.054
719 402 12 95 0.054
714 463 14 19 0.054
329 292 15 23 0.053
574 405 11 15 0.053
789 459 15 19 0.053
998 285 12 13 0.053
881 381 16 23 0.053
946 504 18 22 0.053
474 272 11 13 0.052
785 276 10 15 0.052
957 464 16 27 0.052
267 374 16 17 0.052
673 373 13 18 0.051
868 597 22 27 0.051
542 414 14 19 0.050
254 316 13 33 0.050
301 325 12 14 0.049
850 623 22 28 0.049
907 452 29 92 0.049
581 439 19 19 0.049
298 290 11 14 0.049
671 453 14 19 0.049
722 554 24 29 0.048
824 431 13 17 0.047
762 566 20 26 0.047
828 273 13 14 0.047
800 348 14 21 0.045
747 271 13 16 0.045
952 525 22 27 0.044
820 453 15 20 0.043
817 268 15 70 0.042
322 302 13 16 0.041
381 312 11 14 0.041
335 307 13 17 0.041
283 335 16 16 0.041
757 609 22 28 0.040
366 308 13 15 0.039
1017 451 8 17 0.039
725 331 15 18 0.039
357 344 14 14 0.039
696 356 15 18 0.039
850 511 18 22 0.039
846 394 13 78 0.038
816 439 16 27 0.038
1016 267 9 17 0.038
574 358 13 17 0.037
820 400 13 17 0.037
538 401 16 19 0.037
846 252 11 14 0.037
286 378 15 15 0.036
823 353 14 20 0.036
715 565 20 24 0.036
574 391 12 16 0.035
1007 413 14 17 0.035
702 317 12 15 0.035
890 537 21 25 0.035
814 410 17 19 0.034
410 300 12 18 0.034
928 648 19 23 0.034
701 280 12 15 0.034
695 342 13 23 0.034
934 252 12 15 0.034
860 598 39 30 0.033
355 378 13 17 0.033
713 308 19 45 0.032
374 281 11 14 0.032
614 285 12 13 0.032
793 306 16 24 0.032
1017 545 9 21 0.032
791 334 15 25 0.032
536 316 17 15 0.032
611 293 12 15 0.032
576 398 14 23 0.032
387 448 13 17 0.032
655 300 16 16 0.031
885 647 33 35 0.031
352 399 13 17 0.031
870 408 16 19 0.031
457 442 16 20 0.030
775 518 22 23 0.030
287 323 11 15 0.030
771 423 31 75 0.030
889 554 19 23 0.030
407 297 12 13 0.030
494 294 9 12 0.030
274 341 13 16 0.030
427 432 16 18 0.030
993 330 14 17 0.029
784 409 13 101 0.029
720 235 12 69 0.029
350 424 14 20 0.029
251 330 17 20 0.029
303 428 14 20 0.029
971 414 18 26 0.029
555 347 13 19 0.028
525 317 11 13 0.028
787 499 19 22 0.028
962 416 17 20 0.028
860 480 19 21 0.028
513 293 11 12 0.028
839 299 14 17 0.028
529 404 14 18 0.028
857 554 21 27 0.027
716 480 14 24 0.027
945 495 16 21 0.027
779 326 17 18 0.027
936 533 20 25 0.027
415 359 16 96 0.027
412 408 15 19 0.027
571 341 11 15 0.026
349 313 13 88 0.026
772 287 13 17 0.026
651 303 11 14 0.026
491 393 15 19 0.026
918 402 16 19 0.026
871 337 14 29 0.025
705 327 15 17 0.025
896 355 15 18 0.025
420 293 12 14 0.025
643 336 14 18 0.025
349 361 12 16 0.025
543 290 13 13 0.024
825 477 16 21 0.024
884 273 12 18 0.024
822 273 17 20 0.024
514 269 11 83 0.024
496 382 14 18 0.023
946 315 16 25 0.023
265 301 11 16 0.023
656 446 23 23 0.023
951 515 20 25 0.023
848 298 13 16 0.023
417 318 10 14 0.023
992 563 18 23 0.023
362 341 11 14 0.022
733 567 22 30 0.022
878 596 23 27 0.022
879 331 15 21 0.022
651 275 13 18 0.022
255 276 9 12 0.022
379 393 16 18 0.022
452 440 17 20 0.022
674 457 16 20 0.022
320 286 21 17 0.022
658 282 15 24 0.022
746 463 16 19 0.022
589 423 15 29 0.022
356 273 11 15 0.022
321 380 14 17 0.021
1009 661 12 19 0.021
881 555 22 24 0.021
659 266 14 59 0.021
327 286 38 16 0.021
475 381 14 17 0.021
568 439 18 20 0.021
463 304 11 109 0.020
316 299 13 14 0.020
684 372 15 17 0.020
958 287 13 15 0.020
789 319 18 21 0.020
357 269 11 13 0.020
263 386 14 17 0.020
902 578 18 24 0.020
364 297 13 31 0.020
696 605 19 25 0.020
925 271 12 15 0.020
499 355 15 19 0.020
675 341 15 64 0.020
595 276 11 13 0.019
855 473 18 21 0.019
302 419 12 16 0.019
822 262 13 16 0.019
476 274 11 14 0.019
667 322 13 16 0.019
464 440 15 20 0.019
874 355 16 20 0.019
672 363 12 24 0.019
966 233 10 13 0.019
751 355 14 17 0.018
643 360 12 16 0.018
990 462 14 19 0.018
429 275 12 40 0.018
841 639 26 30 0.018
617 448 18 22 0.018
480 423 14 19 0.018
371 321 43 98 0.018
623 335 15 15 0.018
425 327 13 14 0.017
414 360 14 17 0.017
436 277 12 15 0.017
648 443 16 19 0.017
784 269 13 17 0.017
834 282 17 16 0.017
924 345 17 20 0.017
953 542 19 23 0.017
884 589 36 34 0.016
823 429 30 18 0.016
912 570 22 26 0.016
558 368 14 16 0.016
618 439 20 26 0.016
874 529 20 25 0.016
323 251 14 89 0.016
901 650 19 24 0.016
537 296 30 68 0.016
752 450 15 19 0.016
845 469 18 21 0.016
980 482 18 22 0.016
859 346 14 18 0.015
753 267 15 33 0.015
546 288 16 22 0.015
626 234 12 16 0.015
623 331 12 14 0.015
980 307 15 18 0.015
834 249 12 59 0.015
938 643 26 26 0.015
717 500 18 21 0.015
269 343 12 17 0.014
432 284 11 13 0.014
827 417 16 19 0.014
412 305 12 15 0.014
260 356 14 21 0.014
545 422 16 21 0.014
734 398 13 17 0.014
705 279 48 48 0.014
891 597 21 25 0.014
936 471 17 26 0.014
324 402 16 19 0.014
951 287 15 18 0.013
593 305 11 18 0.013
428 391 16 19 0.013
667 316 13 16 0.013
346 331 14 61 0.013
304 476 19 23 0.013
862 249 15 16 0.013
713 257 33 93 0.013
792 530 19 23 0.013
696 290 13 16 0.013
668 448 14 19 0.013
329 408 16 17 0.013
451 282 10 14 0.013
930 634 19 25 0.013
474 323 10 14 0.013
871 517 18 22 0.013
396 276 12 20 0.013
385 394 14 17 0.013
900 595 18 25 0.013
874 331 15 21 0.013
993 549 30 46 0.012
542 283 11 15 0.012
933 329 17 27 0.012
558 290 11 14 0.012
377 458 14 18 0.012
887 260 11 16 0.012
744 611 21 26 0.012
260 326 15 17 0.012
718 248 13 26 0.012
501 345 20 60 0.012
754 419 14 19 0.012
847 496 19 23 0.012
928 538 17 22 0.011
630 394 15 18 0.011
848 549 17 23 0.011
884 258 13 41 0.011
845 655 27 23 0.011
943 295 16 27 0.011
901 351 16 19 0.011
937 250 13 18 0.011
734 306 16 18 0.011
751 244 34 85 0.011
582 368 13 17 0.011
646 329 13 18 0.011
762 319 15 16 0.011
663 289 16 19 0.011
551 281 13 61 0.011
1017 258 8 13 0.011
362 254 16 105 0.011
506 363 18 21 0.011
598 512 17 23 0.011
534 348 11 16 0.010
268 398 22 24 0.010
1008 407 14 18 0.010
572 434 18 22 0.010
