2_Demonstration_Demonstrators_2_244
76
427 115 50 61 0.859
726 155 60 84 0.823
250 174 29 33 0.779
204 171 16 17 0.739
843 142 25 28 0.659
27 193 7 7 0.550
410 175 19 23 0.463
118 211 38 40 0.450
359 174 11 13 0.449
301 168 11 12 0.437
940 121 27 30 0.427
714 163 51 69 0.373
615 136 19 21 0.299
96 171 20 22 0.260
713 187 23 37 0.255
73 156 14 16 0.233
711 179 35 51 0.218
1012 116 12 25 0.195
392 192 12 14 0.194
48 187 8 10 0.176
335 175 11 13 0.161
159 173 16 19 0.158
304 170 11 13 0.150
906 134 14 18 0.110
164 180 16 19 0.096
382 174 10 13 0.094
537 139 29 30 0.089
712 174 22 35 0.084
361 174 16 14 0.080
155 170 15 17 0.075
682 145 22 30 0.070
611 137 14 17 0.065
73 162 12 16 0.064
107 233 29 33 0.053
943 129 28 33 0.050
382 172 12 21 0.050
363 190 10 12 0.045
414 171 22 24 0.044
671 147 12 18 0.034
372 172 13 15 0.034
674 146 18 23 0.033
332 182 11 12 0.032
335 170 15 15 0.032
332 177 10 13 0.031
390 194 11 14 0.030
911 167 27 32 0.026
990 133 20 24 0.026
401 179 20 24 0.025
169 180 15 17 0.025
407 181 21 25 0.024
903 133 12 15 0.023
74 170 16 16 0.023
534 147 21 23 0.023
712 175 16 22 0.021
75 151 12 15 0.021
150 169 12 15 0.020
618 140 20 25 0.019
708 162 34 46 0.019
3 177 8 19 0.019
303 165 11 13 0.019
595 170 20 22 0.018
661 168 10 14 0.017
77 154 15 17 0.017
904 132 20 26 0.017
5 185 7 12 0.016
172 184 16 17 0.016
44 184 11 10 0.015
313 171 15 13 0.015
660 172 7 9 0.014
70 156 11 14 0.014
690 161 19 22 0.014
999 126 19 26 0.013
101 166 20 22 0.011
75 189 18 21 0.011
592 24 8 9 0.011
953 114 20 25 0.011
