2_Demonstration_Protesters_2_221
227
516 207 60 80 0.875
387 54 38 52 0.850
573 145 49 66 0.850
907 107 40 51 0.840
920 182 35 61 0.827
709 375 47 77 0.825
401 132 40 55 0.817
831 126 33 49 0.817
2 203 48 77 0.814
464 86 36 49 0.806
990 152 34 65 0.806
691 95 37 50 0.793
396 211 46 72 0.789
118 95 40 54 0.788
283 334 43 71 0.769
293 129 38 55 0.768
857 173 42 52 0.767
672 54 32 42 0.763
741 183 45 67 0.758
0 108 21 57 0.754
311 12 31 42 0.744
118 16 26 38 0.743
200 124 48 63 0.743
713 3 29 34 0.729
225 524 86 50 0.729
542 71 34 46 0.728
11 17 28 40 0.723
742 147 36 49 0.711
414 302 41 73 0.705
240 80 32 41 0.701
177 13 20 28 0.684
424 26 30 42 0.670
141 238 39 64 0.650
82 337 32 59 0.642
896 39 26 42 0.640
724 54 38 41 0.640
143 58 35 40 0.637
959 75 26 29 0.637
226 130 46 61 0.632
898 302 71 88 0.622
83 172 32 63 0.601
814 90 22 25 0.493
862 75 23 25 0.482
343 111 34 44 0.481
1 83 21 50 0.454
653 90 25 34 0.405
41 4 25 27 0.391
418 265 43 66 0.383
517 428 58 79 0.378
158 136 29 39 0.350
591 1 19 19 0.328
134 55 32 39 0.326
195 131 35 53 0.324
54 133 34 40 0.302
716 191 41 58 0.297
493 452 103 106 0.289
994 2 22 25 0.284
739 113 28 36 0.260
529 2 28 25 0.258
503 47 28 32 0.251
219 178 37 54 0.250
128 63 36 49 0.248
440 68 37 43 0.233
865 68 32 29 0.213
1007 67 17 43 0.212
436 39 40 55 0.209
0 353 16 59 0.193
233 11 23 29 0.180
755 130 26 36 0.165
453 2 28 28 0.145
874 224 41 49 0.141
221 162 44 60 0.138
60 3 18 22 0.137
0 9 14 26 0.128
318 253 34 50 0.120
844 82 20 23 0.120
654 80 35 51 0.104
506 73 24 35 0.102
435 19 34 41 0.093
1001 46 21 38 0.091
40 40 20 27 0.089
245 1 30 45 0.083
253 21 25 31 0.079
987 47 18 24 0.074
640 135 26 41 0.071
230 269 48 63 0.071
900 288 56 62 0.070
847 77 26 25 0.067
298 272 42 69 0.064
34 6 25 21 0.064
589 0 42 21 0.063
847 4 22 28 0.062
452 76 39 52 0.061
670 5 24 27 0.060
628 1 22 17 0.059
991 48 21 27 0.058
987 41 17 22 0.056
249 2 24 22 0.055
959 143 29 41 0.053
1 4 19 25 0.052
715 57 32 36 0.052
42 45 25 37 0.048
86 323 42 70 0.047
902 35 19 27 0.045
753 3 19 19 0.043
0 123 17 52 0.041
712 14 23 27 0.040
0 22 12 37 0.039
1011 4 14 25 0.038
123 456 51 69 0.037
784 58 16 24 0.036
424 555 55 28 0.036
183 7 19 22 0.036
255 297 59 82 0.035
735 96 40 50 0.033
545 52 35 55 0.033
889 309 47 67 0.033
41 27 25 46 0.033
192 115 43 53 0.032
743 2 22 25 0.032
181 103 33 46 0.032
478 0 21 22 0.032
500 42 22 27 0.032
44 61 26 32 0.032
-5 112 48 57 0.031
412 5 24 18 0.031
891 54 20 25 0.030
274 3 30 25 0.030
230 59 33 46 0.030
1011 233 14 60 0.029
24 2 18 17 0.029
0 89 30 67 0.029
111 90 28 42 0.029
0 89 20 30 0.029
1003 55 21 41 0.028
155 60 23 30 0.027
174 67 29 40 0.027
-1 83 17 28 0.027
560 142 48 62 0.026
0 30 8 31 0.026
391 194 41 74 0.026
1 73 36 54 0.025
462 0 23 24 0.025
320 74 24 39 0.025
690 295 47 69 0.024
308 248 33 48 0.023
480 0 16 15 0.023
781 64 18 24 0.022
403 0 41 49 0.022
17 4 39 48 0.022
385 191 35 50 0.022
523 423 47 55 0.022
513 40 22 27 0.022
189 115 27 41 0.022
726 113 30 40 0.022
284 20 35 37 0.022
953 77 20 27 0.022
901 95 26 38 0.021
510 87 23 28 0.021
1001 77 21 46 0.021
381 6 45 32 0.020
0 273 12 44 0.020
545 137 47 57 0.020
915 3 21 22 0.020
196 4 17 19 0.019
503 57 21 27 0.019
553 42 27 40 0.019
239 5 22 27 0.018
748 9 20 24 0.018
716 211 33 45 0.018
816 0 16 20 0.018
709 65 30 35 0.018
293 251 41 52 0.018
742 52 28 40 0.017
159 323 43 58 0.017
240 21 22 27 0.017
669 15 34 58 0.017
448 72 23 30 0.017
687 42 32 37 0.016
901 95 19 24 0.016
606 3 20 21 0.016
71 176 33 50 0.016
405 11 27 31 0.016
242 293 51 75 0.016
40 26 21 28 0.016
556 0 40 19 0.016
539 10 30 72 0.015
595 3 22 25 0.015
442 22 23 29 0.015
385 14 31 33 0.015
706 1 22 26 0.015
901 3 21 20 0.014
293 37 20 28 0.014
48 1 22 20 0.014
674 299 44 63 0.013
377 4 25 18 0.013
851 1 19 17 0.013
39 59 22 28 0.013
771 57 30 30 0.013
152 57 40 40 0.013
368 1 29 26 0.013
384 10 21 24 0.013
122 2 23 25 0.013
470 484 116 94 0.013
129 0 21 23 0.013
749 58 49 33 0.012
1007 41 17 36 0.012
127 430 44 62 0.012
353 -1 32 16 0.011
961 59 40 49 0.011
237 36 20 27 0.011
515 17 39 45 0.011
216 191 29 43 0.011
228 77 34 44 0.011
548 55 22 28 0.011
639 136 20 28 0.011
953 74 41 54 0.011
588 3 21 28 0.011
268 0 23 23 0.011
427 61 33 43 0.010
136 25 20 29 0.010
664 86 31 39 0.010
310 -1 32 33 0.010
738 140 31 45 0.010
422 537 80 53 0.010
283 0 22 22 0.010
182 22 22 25 0.010
