2_Demonstration_Protesters_2_352
30
589 187 44 58 0.861
131 462 38 52 0.817
136 412 39 47 0.786
679 534 48 67 0.783
676 232 11 14 0.675
613 626 43 70 0.623
67 229 13 14 0.587
149 224 12 13 0.571
922 507 39 49 0.541
928 208 14 14 0.255
0 518 16 62 0.200
391 226 9 12 0.197
822 500 34 57 0.084
931 205 13 15 0.072
437 477 23 49 0.069
9 222 8 8 0.058
394 224 10 13 0.048
389 230 9 11 0.034
663 511 37 61 0.033
215 606 30 72 0.030
69 233 13 14 0.025
925 206 13 15 0.022
937 211 12 13 0.021
10 220 10 13 0.021
150 229 11 12 0.020
0 521 31 62 0.015
66 225 13 14 0.015
619 646 47 55 0.013
661 515 28 43 0.013
0 261 6 15 0.012
