2_Demonstration_Demonstration_Or_Protest_2_816
53
141 286 50 59 0.879
677 204 45 52 0.865
496 158 38 50 0.863
722 3 38 50 0.854
861 171 43 54 0.851
219 259 47 63 0.849
815 81 38 48 0.846
14 173 42 47 0.845
93 67 41 46 0.845
575 124 42 50 0.833
794 229 39 47 0.829
181 197 48 58 0.827
684 68 34 43 0.824
357 397 48 62 0.819
349 269 48 62 0.818
302 150 43 51 0.812
318 211 41 49 0.795
306 4 40 37 0.789
461 225 45 54 0.785
436 200 30 46 0.783
449 65 33 49 0.772
639 16 34 44 0.752
632 172 36 48 0.737
489 2 31 29 0.722
886 0 27 35 0.707
109 -4 33 28 0.651
1001 85 23 49 0.589
0 33 20 44 0.572
782 287 50 58 0.543
189 159 37 45 0.463
970 147 40 49 0.284
977 92 34 44 0.268
358 2 30 33 0.267
386 1 26 30 0.263
157 -2 35 27 0.246
1 -6 22 38 0.098
642 145 34 41 0.093
877 328 49 64 0.073
329 489 59 75 0.069
604 231 45 57 0.059
632 153 41 55 0.058
1001 -2 24 28 0.032
994 438 30 58 0.031
174 -1 21 23 0.027
624 229 43 57 0.023
159 0 22 18 0.018
3 3 30 31 0.016
-2 -3 22 25 0.014
0 124 10 50 0.012
437 185 35 52 0.012
390 11 23 31 0.012
0 136 5 34 0.012
182 132 43 55 0.011
