2_Demonstration_Demonstrators_2_170
55
736 144 64 79 0.888
927 174 82 86 0.840
318 116 55 94 0.836
587 110 50 59 0.834
865 194 56 62 0.831
5 122 20 22 0.690
89 130 16 20 0.685
189 113 38 47 0.661
716 124 40 46 0.575
40 119 24 31 0.434
71 117 15 21 0.324
299 134 9 10 0.277
618 82 34 35 0.165
85 126 15 21 0.161
725 128 60 70 0.149
302 136 8 9 0.136
551 147 20 27 0.120
0 114 13 21 0.120
294 135 16 12 0.119
287 133 11 13 0.092
68 112 14 18 0.090
258 131 17 19 0.082
284 133 11 12 0.074
536 147 32 27 0.053
532 145 21 28 0.048
299 127 17 30 0.048
305 135 9 9 0.042
711 129 31 38 0.040
702 117 33 49 0.040
264 129 14 17 0.028
597 81 27 24 0.026
571 96 11 16 0.025
40 115 16 23 0.025
62 104 13 15 0.021
833 169 38 51 0.020
623 83 23 25 0.019
32 121 19 22 0.019
308 140 12 14 0.018
317 137 8 15 0.016
192 118 24 29 0.015
632 84 22 25 0.014
65 120 18 25 0.014
287 138 9 11 0.014
608 82 23 25 0.014
264 136 17 17 0.012
602 80 43 28 0.011
492 187 27 38 0.011
307 139 11 9 0.011
54 125 21 26 0.011
560 124 29 41 0.011
244 129 22 26 0.011
699 179 43 45 0.010
3 114 19 21 0.010
556 152 28 42 0.010
706 119 23 32 0.010
