2_Demonstration_Demonstrators_2_781
74
694 223 48 53 0.868
548 148 53 74 0.847
463 203 39 51 0.846
255 171 50 68 0.830
393 198 23 32 0.823
536 213 31 40 0.805
235 132 31 49 0.750
926 273 36 39 0.750
930 229 25 34 0.742
861 247 14 18 0.640
761 228 22 28 0.520
758 255 21 24 0.505
653 189 8 9 0.488
537 167 40 55 0.466
534 193 20 24 0.453
436 224 11 14 0.442
106 227 16 19 0.304
665 146 8 10 0.271
359 206 12 17 0.252
889 244 16 21 0.250
502 207 17 24 0.239
130 218 14 18 0.224
978 251 13 23 0.214
1013 251 10 21 0.195
415 187 15 19 0.184
791 240 13 16 0.138
131 225 13 18 0.135
111 231 15 15 0.109
128 231 11 14 0.109
130 214 13 15 0.108
855 246 15 20 0.101
420 222 9 11 0.100
786 238 15 20 0.094
817 232 17 20 0.090
44 202 6 8 0.084
959 267 26 36 0.083
1006 246 13 20 0.072
125 218 13 16 0.068
412 212 18 22 0.066
504 223 21 26 0.059
1000 245 16 20 0.057
940 271 37 39 0.056
442 222 10 14 0.049
659 228 13 18 0.044
418 217 12 16 0.043
509 173 8 9 0.039
505 189 13 23 0.036
788 235 50 21 0.035
437 231 10 11 0.030
664 149 9 11 0.029
507 173 10 13 0.029
777 169 7 9 0.029
101 227 13 16 0.025
1003 477 21 92 0.022
87 210 9 11 0.021
540 192 23 27 0.020
502 196 14 24 0.019
664 145 9 23 0.019
82 214 11 13 0.018
137 225 13 17 0.017
8 221 6 8 0.017
43 202 9 11 0.017
780 242 15 21 0.016
765 222 18 22 0.015
664 174 9 17 0.015
137 213 13 20 0.014
348 524 47 27 0.014
361 209 13 18 0.013
988 675 36 40 0.013
652 185 7 10 0.012
939 229 20 29 0.011
415 221 13 16 0.010
981 248 15 20 0.010
39 204 7 9 0.010
