2_Demonstration_Political_Rally_2_456
108
149 357 28 37 0.800
398 310 28 34 0.795
85 372 22 36 0.750
644 310 13 19 0.663
486 332 17 21 0.624
355 207 17 24 0.542
499 258 17 24 0.322
199 243 15 22 0.297
597 318 14 17 0.272
811 220 20 23 0.271
474 272 16 23 0.271
441 209 12 18 0.204
969 237 11 15 0.195
700 249 14 18 0.190
957 235 14 16 0.180
963 235 15 17 0.174
523 252 11 18 0.157
704 252 13 16 0.153
602 247 10 13 0.151
424 250 20 25 0.146
665 285 13 16 0.128
704 301 13 16 0.117
293 242 15 22 0.100
622 249 11 14 0.095
949 232 14 18 0.085
476 261 43 26 0.085
559 242 9 13 0.078
665 255 15 22 0.077
708 253 12 17 0.072
669 254 14 20 0.071
599 249 12 17 0.067
659 258 14 19 0.062
599 322 14 18 0.060
617 292 12 19 0.055
813 230 19 21 0.044
766 218 19 21 0.043
590 258 12 16 0.042
697 245 12 16 0.042
598 247 30 17 0.042
619 300 13 17 0.041
699 304 15 19 0.039
556 243 10 17 0.038
559 241 11 21 0.038
676 246 11 15 0.037
675 249 11 17 0.037
592 315 14 18 0.034
639 282 12 17 0.034
487 246 21 23 0.033
774 319 10 14 0.032
962 239 11 14 0.031
670 244 18 21 0.029
975 235 13 18 0.029
854 231 14 19 0.028
908 217 19 24 0.028
860 224 17 21 0.026
697 325 21 22 0.025
505 257 17 24 0.024
869 220 15 16 0.024
202 210 16 20 0.023
349 209 16 26 0.023
626 308 13 18 0.022
471 214 12 16 0.022
185 222 15 20 0.022
429 256 17 23 0.021
517 246 39 27 0.021
624 245 13 16 0.020
566 261 15 18 0.020
472 241 18 19 0.019
818 221 18 21 0.019
768 228 16 17 0.019
763 221 16 19 0.019
913 219 21 25 0.019
636 232 11 15 0.018
486 244 16 20 0.018
618 285 14 19 0.018
626 254 11 15 0.017
190 211 25 66 0.017
657 237 13 17 0.017
571 261 16 19 0.016
1013 238 11 26 0.015
710 328 14 17 0.015
769 215 18 18 0.015
456 253 16 20 0.015
544 249 13 15 0.014
919 218 25 24 0.014
721 217 12 16 0.014
692 324 16 20 0.014
874 221 17 18 0.014
933 219 19 26 0.013
618 241 12 25 0.013
444 215 16 25 0.013
694 313 16 20 0.013
197 208 18 25 0.013
524 238 11 20 0.013
604 323 14 18 0.012
635 276 14 19 0.012
619 252 14 15 0.012
591 324 14 17 0.011
664 291 14 16 0.011
1018 240 6 28 0.011
186 215 26 24 0.011
876 217 11 14 0.011
551 260 13 17 0.011
267 234 17 20 0.011
634 230 11 12 0.010
610 312 17 19 0.010
689 255 17 23 0.010
936 230 18 20 0.010
