2_Demonstration_Demonstration_Or_Protest_2_79
119
900 623 29 37 0.813
605 565 11 13 0.781
816 522 12 14 0.727
640 575 12 14 0.682
691 509 9 11 0.667
661 569 12 15 0.554
649 521 9 10 0.552
863 569 16 21 0.541
753 497 9 12 0.528
702 538 12 14 0.525
738 552 13 17 0.513
533 596 13 13 0.479
553 590 11 13 0.433
741 610 17 21 0.349
761 563 14 18 0.312
570 586 11 12 0.310
958 609 36 43 0.272
632 623 20 22 0.266
729 550 11 14 0.247
939 586 30 34 0.243
702 563 10 13 0.225
757 519 9 12 0.189
647 520 8 10 0.182
563 587 15 13 0.171
534 595 22 14 0.165
939 584 21 27 0.165
982 648 30 30 0.162
867 576 16 22 0.159
963 554 22 29 0.156
761 639 29 34 0.140
698 561 12 14 0.131
638 654 17 25 0.124
858 475 10 12 0.123
851 508 10 13 0.094
734 607 17 23 0.088
833 645 24 28 0.087
674 555 15 18 0.085
904 479 11 12 0.083
558 548 8 10 0.079
726 587 14 19 0.062
865 565 13 16 0.061
947 593 37 47 0.060
933 578 18 29 0.058
527 593 45 14 0.057
683 550 11 14 0.055
660 563 11 14 0.055
726 584 12 15 0.055
740 557 15 18 0.052
538 604 14 16 0.049
948 501 7 9 0.049
532 594 10 12 0.049
991 542 17 23 0.048
768 646 32 30 0.048
647 523 9 10 0.045
914 512 8 8 0.043
840 587 15 19 0.042
676 561 14 16 0.042
951 547 19 23 0.042
636 586 14 59 0.040
999 541 14 18 0.038
861 476 10 13 0.037
739 600 15 21 0.037
567 582 11 12 0.036
931 575 14 20 0.036
654 573 14 14 0.034
571 632 16 20 0.032
853 473 10 57 0.029
750 605 17 21 0.028
953 539 15 26 0.028
946 500 8 12 0.027
531 598 13 15 0.026
958 521 8 10 0.025
728 531 14 75 0.024
757 642 22 28 0.023
838 652 23 24 0.023
574 581 10 13 0.022
728 553 11 15 0.021
1010 539 10 15 0.021
914 556 11 14 0.020
697 565 14 13 0.020
844 560 15 21 0.020
707 537 11 12 0.019
589 580 14 14 0.019
839 577 30 25 0.018
910 553 13 24 0.018
908 562 13 17 0.018
978 629 35 40 0.017
984 550 20 27 0.017
1001 555 22 29 0.017
734 520 8 11 0.017
940 501 10 15 0.017
640 627 18 23 0.017
647 619 17 18 0.017
1006 540 15 19 0.016
586 583 12 16 0.015
966 536 21 23 0.015
979 557 20 25 0.015
941 546 13 17 0.015
994 546 19 28 0.014
836 554 15 19 0.014
695 508 9 12 0.014
832 585 19 20 0.013
990 658 21 22 0.013
1015 559 9 30 0.013
687 582 12 17 0.013
965 622 23 29 0.013
810 520 11 15 0.013
737 537 10 13 0.013
669 541 11 23 0.013
725 601 15 19 0.012
903 556 13 17 0.012
840 556 17 19 0.012
953 537 11 16 0.012
754 569 18 22 0.011
740 539 11 14 0.011
820 584 16 20 0.011
929 573 12 18 0.011
561 549 9 12 0.011
854 511 9 14 0.010
