2_Demonstration_Protesters_2_561
257
443 460 20 24 0.870
782 410 17 24 0.843
710 238 18 21 0.839
791 456 18 23 0.833
200 81 18 23 0.828
577 414 19 24 0.827
40 411 16 21 0.820
941 502 18 24 0.820
19 325 17 20 0.816
105 385 18 21 0.816
289 437 17 22 0.816
139 313 18 21 0.815
161 423 16 22 0.815
400 131 18 20 0.809
299 337 18 22 0.809
462 379 17 22 0.809
338 445 18 22 0.808
864 496 18 24 0.808
724 409 16 21 0.807
753 442 17 22 0.807
499 322 19 22 0.803
542 491 19 24 0.800
490 133 18 25 0.800
888 190 16 24 0.800
773 225 18 21 0.798
859 314 16 21 0.798
104 429 16 21 0.798
680 428 19 22 0.795
287 90 16 23 0.794
746 233 16 22 0.793
642 378 18 23 0.792
642 220 18 24 0.787
177 393 19 23 0.786
767 388 16 20 0.786
26 378 17 21 0.784
598 497 20 22 0.784
647 423 15 21 0.780
261 234 17 21 0.777
872 641 17 22 0.777
825 426 15 23 0.773
718 467 17 22 0.770
553 139 18 23 0.769
952 652 18 26 0.762
14 259 16 21 0.761
478 302 17 21 0.759
424 367 17 24 0.759
930 233 16 22 0.759
584 459 19 22 0.755
667 498 18 21 0.753
92 315 20 24 0.752
186 359 17 20 0.749
733 367 16 20 0.747
235 292 18 21 0.745
439 286 17 20 0.742
180 308 15 20 0.740
496 483 18 22 0.739
646 472 17 22 0.739
866 606 16 23 0.736
130 212 19 23 0.732
623 439 18 23 0.732
803 492 16 22 0.729
445 138 18 22 0.729
813 263 18 21 0.729
993 460 16 21 0.725
255 388 16 21 0.723
582 384 15 21 0.722
852 353 17 22 0.713
738 514 20 23 0.711
381 404 16 21 0.708
901 519 19 22 0.702
24 301 16 19 0.697
837 450 16 23 0.695
118 360 16 18 0.694
850 531 19 21 0.690
393 255 16 21 0.685
307 407 15 20 0.673
434 437 15 20 0.669
767 526 19 21 0.665
897 659 15 23 0.663
534 127 16 18 0.652
953 536 16 21 0.648
287 318 17 20 0.644
848 412 16 21 0.644
94 222 15 20 0.640
320 86 20 24 0.605
210 445 16 21 0.602
544 303 18 21 0.594
216 326 13 19 0.579
216 259 14 19 0.573
237 371 15 19 0.569
76 264 16 21 0.559
114 199 15 19 0.538
0 333 10 22 0.490
204 225 15 20 0.480
406 301 17 19 0.457
932 480 18 20 0.434
228 463 17 17 0.395
911 470 16 20 0.384
931 622 18 24 0.348
697 416 15 20 0.335
974 116 22 25 0.334
223 457 18 21 0.323
835 397 16 21 0.316
97 293 18 20 0.310
395 328 18 22 0.297
296 328 19 26 0.254
313 309 16 18 0.223
95 300 20 30 0.221
795 613 17 18 0.221
828 428 16 31 0.205
217 315 18 27 0.205
212 241 15 38 0.191
522 485 14 17 0.174
117 199 19 22 0.169
921 457 16 20 0.167
891 259 18 18 0.163
325 388 14 18 0.159
570 350 14 20 0.152
818 409 17 26 0.152
915 476 18 20 0.150
815 404 17 21 0.143
508 484 22 20 0.141
954 488 15 17 0.141
37 376 16 61 0.141
536 250 16 24 0.140
626 430 24 32 0.137
225 347 15 20 0.135
535 137 15 20 0.134
337 304 16 18 0.134
74 209 14 19 0.131
310 303 16 21 0.116
759 543 17 20 0.112
468 278 15 23 0.111
331 527 13 18 0.109
220 130 14 19 0.107
529 440 18 22 0.105
537 299 18 23 0.098
440 224 16 21 0.094
328 98 21 25 0.093
372 259 14 18 0.092
32 221 16 18 0.090
469 285 18 27 0.088
80 271 15 18 0.085
799 331 18 23 0.081
1006 506 16 21 0.081
749 517 21 23 0.078
849 525 16 20 0.078
342 301 15 21 0.076
339 275 15 19 0.068
614 428 17 20 0.068
337 287 16 46 0.066
168 216 18 21 0.062
681 280 15 19 0.061
966 63 12 14 0.060
293 252 15 21 0.059
503 272 16 22 0.057
416 375 16 22 0.057
310 289 15 20 0.052
332 107 18 21 0.050
914 465 16 18 0.046
150 229 19 22 0.044
133 261 15 21 0.044
318 85 15 22 0.041
818 459 16 21 0.041
564 349 16 21 0.040
996 496 17 24 0.039
344 304 19 22 0.039
883 257 18 20 0.038
552 148 17 19 0.035
992 492 14 19 0.034
83 218 15 24 0.034
967 64 14 20 0.033
349 307 18 26 0.033
535 296 15 21 0.032
128 215 53 25 0.032
808 261 17 21 0.031
242 238 15 18 0.030
1014 471 10 22 0.030
330 305 30 21 0.029
529 451 20 25 0.029
373 335 16 21 0.029
530 466 18 24 0.027
172 221 17 31 0.026
897 514 17 22 0.026
1008 74 15 22 0.025
131 202 19 22 0.025
506 483 48 24 0.025
383 280 15 20 0.024
429 373 17 23 0.024
857 360 17 22 0.023
432 432 15 20 0.023
1010 501 13 21 0.023
102 297 16 19 0.022
149 224 31 23 0.022
730 520 17 19 0.022
532 480 20 29 0.022
936 627 16 21 0.022
400 333 20 22 0.022
969 72 17 20 0.021
317 244 17 23 0.021
643 366 16 19 0.021
395 317 19 26 0.021
297 303 16 21 0.020
438 444 19 27 0.020
384 332 20 23 0.020
419 367 16 23 0.020
37 362 17 20 0.020
59 311 16 20 0.019
459 548 16 21 0.019
972 79 16 20 0.019
309 266 23 53 0.019
413 378 15 22 0.018
294 245 38 25 0.018
321 251 16 22 0.017
243 365 17 20 0.017
539 128 17 18 0.017
851 416 18 20 0.017
695 413 14 18 0.016
502 281 15 21 0.016
816 397 18 21 0.016
872 296 13 20 0.015
138 270 17 21 0.015
103 291 16 19 0.015
827 576 16 19 0.015
166 235 18 24 0.015
893 265 16 17 0.015
1013 273 11 21 0.014
923 482 18 20 0.014
778 333 18 23 0.014
326 261 17 23 0.014
508 271 16 21 0.014
0 338 8 23 0.014
434 407 14 18 0.014
84 235 13 17 0.013
786 333 17 22 0.013
342 270 15 20 0.013
237 354 18 23 0.013
342 278 17 21 0.013
374 264 17 26 0.013
1015 287 9 24 0.013
998 506 18 24 0.013
316 236 16 21 0.012
767 575 15 23 0.012
40 222 16 20 0.012
861 600 16 21 0.012
508 353 19 23 0.012
607 426 19 22 0.012
-1 317 8 18 0.011
238 227 18 24 0.011
799 483 16 22 0.011
1012 262 12 43 0.011
331 520 15 21 0.011
534 258 16 21 0.011
321 80 16 20 0.010
877 471 13 17 0.010
712 272 15 20 0.010
499 270 16 20 0.010
