2_Demonstration_Demonstration_Or_Protest_2_54
80
444 136 36 45 0.857
775 135 35 42 0.854
985 230 30 40 0.839
321 202 43 53 0.835
862 131 38 51 0.834
732 164 30 40 0.813
566 152 22 29 0.813
504 141 23 27 0.811
196 58 18 24 0.810
268 145 19 24 0.810
530 152 21 26 0.796
171 111 19 24 0.792
318 154 20 26 0.787
373 91 14 20 0.783
666 135 29 35 0.774
241 151 26 36 0.759
182 173 23 33 0.758
402 171 17 22 0.752
173 148 20 27 0.744
612 163 22 27 0.737
360 176 21 25 0.734
106 161 25 30 0.719
132 154 22 29 0.693
578 201 28 44 0.690
639 155 21 24 0.687
125 98 15 20 0.628
240 117 17 21 0.626
104 90 20 23 0.558
402 118 11 14 0.545
273 193 19 28 0.480
366 114 11 14 0.477
368 102 13 18 0.347
1005 197 19 37 0.314
717 159 18 23 0.308
489 59 16 23 0.280
851 135 25 31 0.228
490 66 16 26 0.120
531 128 16 22 0.097
696 160 20 24 0.093
722 139 18 22 0.085
416 169 17 21 0.085
441 72 13 14 0.083
394 65 12 15 0.076
334 38 10 13 0.073
692 164 18 24 0.072
382 166 15 19 0.068
394 104 11 14 0.059
574 141 18 20 0.052
472 111 18 21 0.045
314 14 11 15 0.042
744 152 21 25 0.040
722 142 19 31 0.034
534 127 11 16 0.031
505 134 37 25 0.030
396 106 11 16 0.030
702 157 16 21 0.027
1011 207 13 35 0.025
970 67 12 13 0.025
140 157 19 26 0.025
491 82 13 16 0.024
251 147 23 29 0.024
288 180 17 23 0.023
282 196 18 26 0.022
308 41 9 13 0.021
753 159 22 27 0.020
600 143 16 25 0.020
203 136 16 21 0.018
287 184 22 29 0.017
716 168 24 31 0.017
691 167 28 29 0.016
275 157 20 38 0.016
601 139 18 20 0.016
619 125 17 22 0.014
729 150 26 30 0.013
248 163 23 28 0.013
574 213 25 38 0.012
382 68 14 14 0.012
959 192 9 12 0.011
283 175 18 21 0.011
607 132 19 24 0.010
