2_Demonstration_Demonstration_Or_Protest_2_450
56
291 351 21 28 0.798
186 265 55 79 0.792
583 269 34 60 0.731
906 322 13 22 0.617
320 373 19 23 0.493
813 359 9 12 0.488
433 329 34 49 0.465
1012 361 12 15 0.455
980 341 12 13 0.444
726 322 16 25 0.387
569 320 18 26 0.316
32 379 7 10 0.279
45 381 12 15 0.259
859 356 16 16 0.230
956 339 11 15 0.228
854 357 16 16 0.220
502 337 14 17 0.210
871 349 12 14 0.182
0 367 6 17 0.155
866 352 13 16 0.130
853 356 11 15 0.108
569 326 20 30 0.099
1 403 10 16 0.096
1000 359 26 16 0.095
31 379 21 12 0.089
956 335 11 13 0.062
850 353 12 15 0.049
489 338 14 16 0.047
857 351 15 16 0.042
721 319 17 25 0.041
16 380 8 10 0.033
815 359 15 13 0.028
849 358 14 15 0.027
389 353 26 28 0.025
874 351 12 16 0.024
509 333 14 16 0.023
507 341 14 18 0.021
982 346 14 15 0.020
976 345 13 14 0.020
38 378 17 17 0.015
958 345 12 14 0.015
499 334 20 24 0.014
717 313 15 25 0.014
792 332 8 10 0.013
834 361 13 13 0.013
1 411 10 12 0.012
856 364 15 16 0.012
1004 361 15 15 0.012
339 340 16 30 0.011
499 345 15 15 0.011
864 359 14 16 0.011
522 332 12 16 0.011
0 333 10 108 0.010
341 361 18 25 0.010
484 339 13 16 0.010
339 340 14 17 0.010
