2_Demonstration_Protesters_2_57
38
384 232 38 51 0.884
710 191 32 41 0.857
223 228 38 43 0.853
30 239 32 42 0.842
72 221 40 48 0.839
513 255 32 43 0.804
932 261 22 36 0.696
651 241 29 36 0.593
363 260 21 31 0.571
893 230 21 36 0.565
572 296 25 30 0.456
825 232 26 39 0.328
800 264 26 33 0.146
477 267 28 33 0.129
882 224 31 45 0.100
451 275 16 20 0.092
444 276 22 24 0.081
580 295 22 25 0.065
967 282 25 31 0.065
452 272 50 26 0.049
485 264 28 35 0.048
644 246 21 29 0.040
107 227 25 37 0.039
474 270 21 27 0.038
797 268 21 26 0.030
580 308 26 35 0.027
574 292 22 23 0.027
435 274 21 25 0.026
1011 253 14 44 0.025
367 265 23 28 0.024
360 258 18 24 0.023
577 312 21 27 0.017
798 274 23 31 0.017
971 279 18 24 0.017
590 317 19 25 0.016
0 285 6 27 0.015
552 282 17 20 0.015
357 255 33 44 0.010
