2_Demonstration_Demonstration_Or_Protest_2_173
234
846 291 52 69 0.888
109 248 38 53 0.874
362 296 37 55 0.872
169 317 44 57 0.857
869 211 40 54 0.857
775 188 31 46 0.840
50 356 46 52 0.839
652 208 36 46 0.835
0 302 24 51 0.834
672 279 45 65 0.832
584 235 38 51 0.831
256 254 32 40 0.827
460 229 31 44 0.823
273 278 35 45 0.821
353 229 26 35 0.806
505 216 37 55 0.806
175 226 20 26 0.791
359 193 18 20 0.787
576 186 18 23 0.785
320 209 17 23 0.778
548 170 12 16 0.769
829 165 21 28 0.762
742 162 19 27 0.761
206 240 22 27 0.760
673 155 17 25 0.759
641 169 17 25 0.735
5 217 12 18 0.718
15 242 16 18 0.697
439 195 13 18 0.686
517 158 11 13 0.642
897 179 19 22 0.636
493 163 12 15 0.613
250 223 19 22 0.607
287 197 14 18 0.603
135 211 13 16 0.603
438 176 11 12 0.601
157 194 8 10 0.593
375 175 10 12 0.567
883 145 8 11 0.524
185 277 27 31 0.505
220 207 18 20 0.497
98 219 19 21 0.475
37 217 11 12 0.431
384 197 17 21 0.421
518 191 19 23 0.415
453 209 21 27 0.393
173 193 7 8 0.372
719 156 9 11 0.331
586 159 10 13 0.329
94 219 15 19 0.314
116 201 11 13 0.311
469 191 16 19 0.302
166 213 14 18 0.302
457 224 68 51 0.295
214 197 13 15 0.286
47 267 20 22 0.282
2 250 15 21 0.280
907 141 8 10 0.270
399 182 12 14 0.270
50 203 8 9 0.268
215 201 16 18 0.266
111 219 17 17 0.258
562 157 11 15 0.252
329 185 12 14 0.249
334 180 11 13 0.215
427 168 10 12 0.204
170 193 10 11 0.204
844 200 16 23 0.199
967 122 10 11 0.199
522 187 14 17 0.186
403 179 13 15 0.170
62 220 12 15 0.166
246 188 11 12 0.165
235 188 9 10 0.164
38 201 10 11 0.157
174 207 14 15 0.155
995 177 12 15 0.151
263 180 9 11 0.148
439 174 12 47 0.141
170 198 13 26 0.140
439 149 8 10 0.138
422 170 12 18 0.134
665 145 11 13 0.134
479 166 9 12 0.134
95 202 11 16 0.134
711 140 9 13 0.133
3 245 13 17 0.133
67 202 11 13 0.128
131 203 15 27 0.127
171 213 19 26 0.127
98 204 18 46 0.125
337 177 11 15 0.124
845 201 20 33 0.118
852 212 25 40 0.112
327 175 10 23 0.107
371 197 21 22 0.104
128 194 9 13 0.104
381 202 19 22 0.104
303 201 15 19 0.103
445 200 20 25 0.092
712 146 9 11 0.091
472 187 13 16 0.090
69 205 11 13 0.090
407 182 16 16 0.088
326 173 8 11 0.088
190 190 9 12 0.087
262 178 8 10 0.083
26 210 12 14 0.083
428 156 11 14 0.080
106 195 18 23 0.075
325 176 11 14 0.071
515 183 17 19 0.069
436 145 11 22 0.069
327 158 12 66 0.068
408 162 8 10 0.068
563 152 10 12 0.067
692 140 8 9 0.066
238 208 12 15 0.065
710 127 9 13 0.064
908 144 8 11 0.063
852 221 18 27 0.061
518 163 11 15 0.052
400 180 27 14 0.050
39 201 9 33 0.050
59 223 12 14 0.049
129 192 8 9 0.049
718 153 14 17 0.048
326 178 14 31 0.048
376 171 11 12 0.046
710 125 10 25 0.046
870 162 11 13 0.045
174 165 11 72 0.044
405 161 8 9 0.043
475 190 13 18 0.042
58 200 24 16 0.042
344 171 13 12 0.042
670 194 22 25 0.041
667 145 22 34 0.039
266 184 10 13 0.039
363 171 11 11 0.038
137 221 18 21 0.036
69 212 14 17 0.035
4 212 12 17 0.035
428 152 9 10 0.034
702 182 12 17 0.033
303 194 14 20 0.032
1011 212 12 38 0.032
407 162 12 28 0.032
867 165 13 15 0.030
664 149 11 14 0.030
517 196 24 30 0.030
580 159 15 19 0.030
464 186 14 17 0.030
416 186 15 22 0.029
101 171 8 8 0.028
345 190 15 18 0.028
564 169 14 16 0.027
38 197 13 30 0.027
187 274 21 23 0.027
429 148 8 30 0.027
156 193 14 14 0.027
241 209 19 24 0.026
429 153 11 12 0.025
182 199 14 18 0.025
20 198 12 24 0.025
191 175 7 9 0.024
80 188 10 12 0.024
147 225 17 19 0.024
181 186 10 14 0.023
826 152 16 18 0.023
157 185 9 21 0.022
867 171 15 19 0.022
438 146 14 23 0.021
439 147 15 11 0.021
51 260 20 23 0.021
5 255 19 20 0.021
660 149 11 15 0.020
1002 149 9 13 0.020
487 166 15 25 0.019
234 183 17 11 0.019
615 129 12 19 0.019
378 139 24 110 0.019
665 141 9 9 0.019
1011 173 12 22 0.018
995 130 9 11 0.018
13 196 10 13 0.018
104 190 15 25 0.018
38 199 9 10 0.017
1016 195 9 28 0.017
437 193 19 25 0.017
1013 182 11 71 0.017
130 218 20 19 0.017
407 195 17 19 0.017
755 205 19 27 0.017
1018 135 6 15 0.016
27 211 52 26 0.016
675 141 18 21 0.016
444 161 14 18 0.016
747 155 15 21 0.016
248 230 23 25 0.016
812 144 11 14 0.015
788 178 28 37 0.015
459 161 10 15 0.015
244 176 10 11 0.015
1013 245 11 57 0.015
897 174 16 20 0.015
34 195 14 18 0.015
727 131 10 12 0.015
429 250 26 36 0.015
692 142 10 14 0.014
367 206 21 24 0.014
1015 182 9 29 0.014
872 165 15 16 0.013
919 114 7 8 0.013
448 214 20 26 0.013
884 186 32 51 0.013
458 142 13 15 0.013
1017 136 7 25 0.013
813 109 8 12 0.012
432 133 21 118 0.012
44 274 21 22 0.012
917 111 8 15 0.012
794 139 10 16 0.012
993 173 12 16 0.011
75 186 14 25 0.011
913 112 8 9 0.011
418 166 21 30 0.011
671 142 32 15 0.011
117 189 9 12 0.011
305 179 13 20 0.011
705 176 15 20 0.010
856 227 17 26 0.010
400 160 14 28 0.010
579 178 17 22 0.010
