2_Demonstration_Demonstrators_2_689
30
349 324 78 79 0.844
123 313 38 51 0.839
182 259 35 51 0.823
257 229 18 23 0.730
0 247 20 24 0.727
294 250 37 45 0.721
147 236 16 22 0.656
215 211 17 20 0.648
50 260 17 23 0.632
347 194 20 22 0.622
175 231 17 23 0.595
38 238 13 17 0.550
87 237 15 19 0.517
313 208 19 25 0.337
39 206 15 19 0.226
66 216 13 18 0.086
34 293 25 32 0.080
209 208 16 19 0.066
167 234 19 23 0.063
205 207 12 18 0.060
86 217 14 24 0.056
316 203 16 19 0.047
87 213 14 18 0.034
31 239 15 17 0.029
317 218 22 24 0.026
73 225 16 20 0.018
33 223 15 19 0.015
206 204 15 18 0.015
148 229 15 20 0.014
89 211 17 19 0.010
