2_Demonstration_Demonstration_Or_Protest_2_385
644
285 536 30 41 0.853
582 455 21 27 0.843
678 558 38 41 0.837
687 463 20 28 0.831
736 421 20 24 0.823
214 470 25 29 0.819
99 516 25 32 0.814
187 518 31 40 0.814
615 495 26 28 0.811
972 426 20 24 0.805
805 430 20 22 0.805
819 391 14 18 0.803
505 539 32 36 0.801
397 530 28 38 0.791
804 368 11 12 0.787
322 427 19 24 0.787
546 386 12 15 0.783
985 366 12 13 0.781
779 459 22 26 0.768
873 391 16 18 0.767
361 453 23 32 0.766
334 468 21 29 0.766
130 499 24 30 0.764
885 480 25 35 0.757
937 459 18 26 0.750
593 387 13 16 0.750
568 416 17 21 0.748
83 452 23 26 0.742
636 415 14 19 0.730
739 366 9 13 0.723
754 470 25 34 0.716
538 414 16 18 0.708
831 591 32 53 0.684
22 546 25 42 0.680
725 477 18 25 0.677
784 386 12 15 0.671
669 378 13 17 0.663
687 407 15 19 0.661
474 373 10 14 0.658
916 416 15 20 0.657
454 411 13 18 0.648
353 400 15 18 0.630
862 418 18 23 0.619
864 456 19 26 0.612
208 356 9 11 0.609
142 435 14 20 0.607
175 382 15 16 0.603
715 374 13 18 0.594
707 356 11 13 0.593
698 378 14 17 0.588
766 400 13 17 0.584
397 487 16 23 0.581
163 403 16 20 0.573
204 395 15 17 0.567
295 404 10 12 0.563
94 390 17 21 0.530
591 366 12 15 0.528
74 346 11 14 0.519
22 400 14 16 0.517
294 365 9 12 0.515
514 362 8 10 0.513
809 346 8 10 0.513
620 405 15 18 0.506
1013 313 7 9 0.493
612 392 12 15 0.488
846 357 9 12 0.484
619 343 10 11 0.473
976 353 9 12 0.460
0 422 11 21 0.453
25 361 10 11 0.451
1012 369 12 15 0.442
25 378 10 11 0.421
464 355 9 11 0.418
983 342 7 10 0.408
1007 454 16 19 0.403
382 362 10 12 0.397
876 351 9 12 0.391
731 352 10 13 0.376
345 418 12 16 0.372
24 475 17 24 0.367
632 358 10 13 0.364
649 380 11 14 0.364
960 355 9 11 0.343
372 351 8 11 0.333
734 396 14 18 0.332
455 392 13 15 0.329
128 402 15 16 0.329
785 347 9 11 0.319
425 370 12 12 0.319
74 399 14 19 0.318
1 345 8 11 0.312
534 350 7 10 0.306
526 338 8 10 0.301
400 356 11 13 0.301
818 340 9 10 0.293
314 404 10 13 0.291
957 336 9 11 0.288
516 380 10 13 0.288
68 451 20 30 0.278
519 324 7 13 0.275
847 344 8 12 0.270
222 359 11 12 0.264
1000 293 6 8 0.252
1015 335 8 11 0.247
127 371 9 11 0.247
448 341 7 11 0.246
715 333 10 11 0.246
889 339 9 12 0.236
554 343 8 10 0.233
442 362 10 12 0.233
153 369 9 11 0.233
762 354 8 12 0.228
403 380 13 14 0.223
952 344 10 12 0.222
767 393 20 18 0.221
562 375 9 12 0.220
412 403 13 18 0.220
452 372 10 12 0.219
451 400 15 29 0.216
590 368 14 26 0.211
274 400 9 13 0.211
206 353 17 16 0.204
661 356 10 11 0.204
391 391 10 13 0.204
253 346 9 17 0.202
898 345 12 11 0.194
1011 326 7 17 0.192
965 318 8 11 0.188
592 296 5 7 0.187
518 379 14 15 0.183
79 390 14 20 0.183
507 475 29 30 0.183
265 377 10 15 0.178
861 329 9 11 0.173
372 344 9 22 0.172
553 445 16 21 0.170
486 385 14 14 0.168
267 367 11 15 0.165
294 356 8 23 0.164
149 351 10 12 0.161
503 335 6 18 0.158
429 329 6 12 0.157
554 341 8 18 0.157
892 474 21 30 0.156
736 337 8 12 0.155
222 388 11 14 0.155
651 362 11 12 0.154
419 364 12 14 0.153
732 324 8 11 0.151
909 301 6 7 0.150
953 340 9 11 0.150
847 346 8 25 0.150
326 348 7 9 0.148
657 321 8 15 0.147
410 340 11 14 0.146
192 355 8 10 0.144
281 341 10 18 0.143
515 357 9 39 0.142
739 346 10 49 0.141
586 366 12 14 0.141
61 518 22 34 0.140
429 324 7 20 0.139
191 350 9 17 0.138
603 412 13 18 0.138
875 342 10 26 0.136
702 325 8 20 0.132
76 452 25 32 0.132
270 397 11 15 0.131
702 330 8 9 0.129
923 348 10 20 0.128
991 349 12 13 0.126
948 305 7 22 0.124
296 334 8 69 0.124
98 344 12 20 0.123
679 354 9 11 0.122
112 350 9 10 0.121
402 347 12 25 0.121
835 328 9 11 0.120
706 376 21 18 0.119
241 365 10 11 0.119
920 362 11 15 0.114
589 334 8 16 0.114
502 342 9 17 0.114
142 374 10 10 0.113
717 325 9 21 0.110
861 322 9 25 0.110
438 347 7 26 0.109
41 348 9 11 0.107
220 383 12 15 0.107
433 342 10 26 0.106
365 374 9 13 0.105
492 367 9 13 0.104
35 375 10 10 0.103
435 351 8 11 0.102
526 380 12 14 0.101
171 337 7 9 0.101
101 350 8 10 0.101
147 370 11 13 0.100
255 361 13 13 0.100
934 273 5 7 0.099
836 319 8 28 0.099
501 345 8 10 0.097
66 346 12 13 0.096
327 366 9 12 0.096
909 360 16 15 0.096
366 344 16 25 0.095
263 387 10 16 0.094
234 334 9 26 0.092
338 374 10 12 0.092
334 375 12 16 0.090
981 339 13 26 0.089
784 337 10 26 0.088
428 372 12 13 0.087
537 324 14 25 0.087
551 356 9 11 0.087
333 381 11 13 0.087
556 440 18 22 0.087
663 286 5 13 0.085
758 301 6 16 0.085
474 332 8 84 0.085
171 329 7 26 0.085
99 380 12 16 0.082
16 385 13 16 0.082
63 350 9 11 0.080
235 341 8 12 0.080
907 360 13 29 0.080
1001 281 5 7 0.080
758 305 6 8 0.078
884 301 7 7 0.077
1010 373 13 16 0.077
553 335 14 24 0.075
491 403 11 14 0.074
475 339 12 83 0.073
587 337 9 10 0.072
669 328 12 102 0.072
480 387 13 15 0.072
397 391 15 18 0.072
532 380 13 14 0.071
311 400 11 14 0.071
501 325 7 25 0.070
328 347 10 22 0.070
684 332 9 12 0.070
592 364 16 68 0.069
604 328 10 26 0.069
646 382 11 15 0.069
471 325 11 22 0.068
905 363 11 15 0.068
326 371 11 13 0.068
637 336 15 26 0.068
390 389 20 15 0.067
736 328 8 31 0.065
354 347 9 19 0.065
509 487 31 35 0.065
638 357 19 21 0.065
110 455 14 18 0.065
177 356 12 13 0.064
931 333 14 19 0.064
267 369 9 26 0.063
702 312 7 39 0.063
998 327 10 27 0.063
451 339 10 28 0.063
561 365 9 24 0.063
925 351 9 12 0.063
605 406 14 18 0.062
620 334 14 27 0.062
613 388 10 13 0.062
840 345 18 28 0.061
471 331 11 9 0.060
347 539 18 24 0.060
904 335 14 23 0.059
682 324 12 28 0.058
209 376 10 14 0.058
620 389 17 55 0.058
115 324 7 23 0.057
224 379 10 14 0.057
464 308 8 95 0.057
835 319 15 29 0.057
617 413 17 21 0.055
688 329 12 22 0.055
761 331 8 26 0.055
947 294 6 14 0.054
1010 350 10 19 0.054
541 330 8 18 0.053
819 349 19 10 0.053
805 326 8 86 0.053
950 320 11 28 0.052
965 310 14 24 0.052
839 327 10 30 0.052
185 344 11 26 0.052
316 402 16 20 0.052
695 327 15 14 0.051
863 300 7 7 0.051
403 497 22 32 0.051
78 386 11 13 0.050
616 362 17 87 0.050
193 468 16 22 0.050
693 319 18 29 0.049
584 331 12 23 0.049
446 400 12 17 0.049
99 350 23 10 0.049
53 320 7 18 0.049
261 393 10 15 0.049
31 359 13 22 0.048
682 308 7 9 0.048
872 301 8 7 0.048
634 361 26 13 0.047
596 406 21 40 0.047
887 341 25 11 0.047
985 323 10 86 0.047
734 321 12 22 0.047
224 447 18 20 0.047
957 304 8 13 0.046
283 332 7 29 0.046
54 325 6 8 0.046
48 338 11 13 0.046
488 372 11 30 0.046
658 317 16 28 0.045
410 388 16 38 0.045
664 287 6 7 0.045
999 318 13 30 0.045
861 357 13 15 0.045
1014 458 10 60 0.045
274 347 11 25 0.045
384 367 13 14 0.045
706 326 9 31 0.044
489 387 11 30 0.044
698 367 14 15 0.043
883 354 11 11 0.043
821 340 12 26 0.043
632 415 13 20 0.043
455 309 7 9 0.043
629 319 11 30 0.043
889 330 9 24 0.043
589 290 8 20 0.042
321 375 18 103 0.042
308 370 9 11 0.042
539 330 14 11 0.042
715 350 14 54 0.042
772 363 12 13 0.041
144 369 19 12 0.041
301 317 9 26 0.041
91 330 14 30 0.041
114 328 9 10 0.040
223 360 25 12 0.040
368 388 10 14 0.040
631 353 12 23 0.040
561 350 10 21 0.039
65 340 11 21 0.039
1014 290 8 14 0.039
184 385 18 20 0.039
819 322 9 32 0.038
26 484 24 38 0.038
250 360 24 13 0.037
1016 482 8 35 0.037
634 343 17 29 0.037
901 372 12 22 0.037
956 297 11 26 0.037
924 345 15 21 0.037
449 336 7 32 0.037
731 402 15 18 0.036
906 346 15 28 0.036
341 362 12 21 0.036
704 315 10 104 0.035
907 292 10 29 0.035
730 319 14 30 0.035
320 398 12 13 0.034
303 366 10 14 0.034
159 321 8 12 0.034
178 349 23 17 0.034
221 393 13 22 0.033
581 368 15 15 0.033
613 308 11 31 0.033
546 410 15 17 0.033
889 335 21 25 0.033
228 342 14 30 0.033
1004 364 19 20 0.033
143 332 7 23 0.032
369 325 9 12 0.032
898 298 9 12 0.032
948 295 10 30 0.032
567 299 7 8 0.032
656 309 10 31 0.032
764 317 8 29 0.032
346 398 16 18 0.032
515 374 11 15 0.031
1006 321 17 26 0.031
225 353 18 26 0.031
152 340 9 27 0.031
681 301 9 22 0.031
75 387 15 25 0.031
883 302 13 6 0.031
725 397 16 17 0.030
49 331 11 25 0.030
615 311 6 38 0.030
725 368 15 16 0.030
96 454 21 25 0.030
703 301 10 24 0.029
906 382 12 14 0.029
129 342 10 103 0.029
369 315 12 31 0.029
421 368 17 18 0.029
268 338 9 96 0.029
602 448 17 23 0.029
640 415 15 19 0.028
166 340 18 110 0.028
928 289 7 24 0.028
492 378 13 16 0.028
862 428 18 22 0.028
145 319 7 28 0.028
99 332 15 31 0.028
318 400 10 13 0.028
371 312 6 37 0.027
382 359 14 19 0.027
716 309 10 30 0.027
329 359 15 28 0.027
662 288 5 7 0.027
571 408 16 19 0.027
455 306 8 30 0.026
141 414 13 18 0.026
668 326 13 30 0.026
163 360 16 22 0.026
924 361 15 15 0.026
802 286 5 7 0.025
461 319 18 30 0.025
928 296 6 11 0.025
176 522 25 39 0.025
425 324 14 32 0.025
752 390 15 21 0.025
760 298 7 31 0.024
962 318 8 32 0.024
271 328 14 31 0.024
1005 382 15 20 0.024
29 324 9 8 0.024
686 323 16 33 0.024
476 328 10 30 0.024
922 330 14 31 0.024
385 410 13 17 0.024
781 294 7 20 0.024
69 374 10 13 0.024
209 312 9 10 0.023
766 316 14 31 0.023
777 321 13 31 0.023
303 345 8 19 0.023
563 378 10 13 0.023
494 343 12 26 0.022
710 315 34 37 0.022
767 308 11 31 0.022
180 379 15 17 0.022
157 312 10 28 0.022
802 281 6 25 0.022
29 318 9 20 0.022
312 347 12 106 0.022
411 324 9 29 0.022
483 429 12 16 0.022
672 380 13 19 0.022
23 379 13 20 0.022
715 299 12 22 0.022
227 393 14 14 0.022
51 316 11 30 0.021
522 321 16 31 0.021
253 332 13 32 0.021
997 272 9 23 0.021
939 303 14 30 0.021
393 331 20 31 0.021
590 342 12 29 0.021
519 507 22 25 0.020
844 350 23 18 0.020
329 339 11 38 0.020
599 344 13 28 0.020
362 315 15 30 0.020
260 431 17 21 0.020
38 333 15 29 0.020
8 359 10 18 0.020
180 506 21 35 0.020
603 317 14 31 0.020
781 301 9 7 0.020
158 312 9 10 0.020
433 334 16 30 0.020
384 318 15 32 0.019
127 348 13 15 0.019
603 440 16 22 0.019
750 303 16 12 0.019
995 313 21 38 0.019
295 327 6 116 0.019
904 371 15 24 0.019
895 302 14 6 0.019
845 352 11 14 0.019
794 331 19 31 0.019
753 384 12 14 0.019
384 327 16 32 0.019
925 257 5 7 0.019
485 426 14 18 0.019
866 360 11 13 0.019
265 359 13 59 0.018
11 380 10 12 0.018
642 287 6 8 0.018
985 396 14 16 0.018
472 392 14 16 0.018
515 477 28 34 0.018
548 415 19 27 0.018
26 327 8 116 0.018
526 310 9 54 0.018
777 358 13 18 0.018
534 341 54 104 0.018
1001 305 15 30 0.018
697 348 17 23 0.017
145 321 8 14 0.017
191 310 12 30 0.017
360 355 15 30 0.017
976 296 10 13 0.017
750 293 15 29 0.017
334 397 19 24 0.017
356 334 14 31 0.017
406 510 21 27 0.017
975 294 13 30 0.017
256 320 6 55 0.017
412 410 17 18 0.017
811 295 8 28 0.017
66 404 17 19 0.017
122 350 22 11 0.016
919 367 11 14 0.016
611 469 20 23 0.016
652 324 15 31 0.016
929 327 24 33 0.016
103 322 7 53 0.016
53 311 6 42 0.016
640 288 6 7 0.016
155 363 31 15 0.016
922 319 14 32 0.016
594 457 20 26 0.016
79 316 10 22 0.016
205 402 16 19 0.015
900 330 26 32 0.015
270 342 18 34 0.015
116 312 8 22 0.015
67 358 10 25 0.015
599 371 13 18 0.015
900 383 14 15 0.015
70 462 22 32 0.015
909 284 5 46 0.015
241 315 15 32 0.015
137 428 16 22 0.015
657 312 24 39 0.015
637 303 17 31 0.015
325 306 8 88 0.015
4 324 9 10 0.015
281 317 16 32 0.015
79 320 9 12 0.015
246 308 5 48 0.015
978 287 7 43 0.015
587 319 12 32 0.015
482 328 17 31 0.015
216 404 12 15 0.015
924 291 12 31 0.014
144 314 10 25 0.014
908 320 12 31 0.014
923 414 15 20 0.014
510 360 13 17 0.014
717 373 19 18 0.014
658 296 7 57 0.014
801 314 17 31 0.014
15 337 10 31 0.014
717 304 10 12 0.014
190 389 25 18 0.014
465 330 9 31 0.014
14 330 15 31 0.014
451 314 13 32 0.014
442 388 14 16 0.014
222 362 16 60 0.014
257 309 11 12 0.014
634 316 17 32 0.013
771 368 13 12 0.013
422 380 16 15 0.013
32 351 15 36 0.013
984 317 15 31 0.013
326 351 23 42 0.013
188 328 17 32 0.013
261 358 14 38 0.013
111 328 11 32 0.013
562 314 16 32 0.013
792 371 13 15 0.013
101 353 13 28 0.013
182 527 31 36 0.013
169 372 36 25 0.013
14 325 12 8 0.013
616 391 13 17 0.013
327 334 18 29 0.013
385 366 16 22 0.012
665 417 15 18 0.012
623 300 19 111 0.012
679 308 14 51 0.012
804 292 19 109 0.012
486 318 16 31 0.012
221 314 11 7 0.012
341 382 24 42 0.012
11 388 11 15 0.012
639 411 13 18 0.012
68 442 16 26 0.012
109 657 38 26 0.012
344 332 18 30 0.012
271 306 6 56 0.012
456 298 5 47 0.012
781 290 13 112 0.012
267 316 15 32 0.012
707 285 9 119 0.012
27 401 12 14 0.012
565 437 16 21 0.012
70 347 12 14 0.012
817 305 15 32 0.012
848 300 8 118 0.012
676 411 21 19 0.012
992 398 15 18 0.012
283 324 20 15 0.012
896 321 14 30 0.011
134 332 14 29 0.011
604 306 11 55 0.011
979 293 16 31 0.011
586 304 13 32 0.011
235 331 21 31 0.011
963 304 27 35 0.011
759 289 5 49 0.011
768 326 20 31 0.011
598 412 15 19 0.011
699 303 18 32 0.011
695 402 15 20 0.011
694 409 14 19 0.011
666 393 15 21 0.011
956 358 14 24 0.011
290 315 19 31 0.011
540 448 19 24 0.011
279 368 15 21 0.011
907 303 12 32 0.011
75 317 16 31 0.011
930 319 19 31 0.011
593 286 13 27 0.011
541 351 13 23 0.011
455 307 10 9 0.010
396 307 13 31 0.010
925 250 7 28 0.010
392 317 16 32 0.010
491 335 14 40 0.010
833 308 12 31 0.010
656 293 11 32 0.010
388 409 18 20 0.010
