2_Demonstration_Demonstration_Or_Protest_2_813
39
834 372 21 28 0.739
539 357 20 28 0.654
257 327 20 41 0.648
334 347 21 30 0.534
703 392 11 15 0.502
471 367 14 23 0.436
889 386 17 28 0.378
346 358 18 26 0.349
494 372 17 28 0.304
718 474 13 15 0.281
342 352 17 28 0.195
658 446 12 17 0.178
661 391 12 15 0.122
353 358 12 21 0.111
715 476 11 14 0.077
662 450 13 19 0.064
703 388 12 15 0.063
887 381 15 26 0.059
695 460 10 16 0.057
351 365 16 24 0.055
839 366 22 28 0.051
479 364 16 28 0.045
712 467 14 18 0.041
473 360 12 17 0.029
538 349 18 28 0.027
396 536 16 20 0.026
709 380 10 14 0.021
786 337 6 8 0.020
849 361 19 24 0.019
658 388 10 15 0.017
337 338 17 26 0.016
802 288 16 22 0.014
673 325 6 8 0.014
658 394 12 14 0.014
533 360 17 27 0.012
653 436 12 17 0.011
674 454 14 18 0.011
660 430 13 41 0.011
889 360 8 14 0.010
