2_Demonstration_Demonstrators_2_231
38
39 460 57 67 0.881
495 411 113 177 0.863
980 418 17 20 0.843
924 423 46 56 0.841
226 456 50 67 0.840
265 475 38 53 0.790
137 466 17 21 0.675
94 465 15 19 0.554
901 436 17 19 0.488
1014 431 10 19 0.466
896 440 15 18 0.201
23 759 8 10 0.094
116 467 12 15 0.072
359 456 21 33 0.064
894 446 12 15 0.061
358 454 32 47 0.061
0 560 6 23 0.046
0 556 8 44 0.045
1012 423 9 12 0.044
359 452 45 73 0.041
359 459 16 21 0.035
0 577 6 25 0.030
1018 467 6 19 0.030
997 215 13 13 0.029
892 440 12 16 0.028
347 418 11 14 0.027
909 427 25 36 0.027
1016 436 8 19 0.026
0 657 21 59 0.024
358 461 11 16 0.023
1016 461 7 24 0.022
991 214 13 13 0.021
1000 459 11 13 0.017
0 570 7 45 0.016
361 476 55 86 0.013
894 451 12 17 0.012
1 491 9 16 0.011
265 2 32 34 0.010
