2_Demonstration_Demonstrators_2_713
70
105 386 38 61 0.690
363 390 25 34 0.672
398 313 21 28 0.649
557 346 23 30 0.600
299 314 16 20 0.581
860 309 19 24 0.422
933 277 17 22 0.345
372 245 8 10 0.091
864 304 19 24 0.068
93 233 8 9 0.068
680 327 19 23 0.067
628 301 7 9 0.057
868 331 16 25 0.055
903 282 18 23 0.055
575 283 9 11 0.045
303 308 15 18 0.044
31 345 13 16 0.044
626 276 8 11 0.044
872 343 15 18 0.042
554 315 20 17 0.033
562 317 10 13 0.031
267 243 11 13 0.030
50 237 10 11 0.025
483 282 8 11 0.024
90 232 18 14 0.024
891 293 24 25 0.024
267 241 9 10 0.023
467 390 29 31 0.023
889 304 15 19 0.023
52 232 11 14 0.021
642 299 8 9 0.021
325 242 10 12 0.021
418 282 12 17 0.020
84 289 10 12 0.020
538 316 17 18 0.020
519 414 20 25 0.019
48 240 10 11 0.019
624 274 9 19 0.018
107 234 10 11 0.017
836 335 15 18 0.017
260 287 8 9 0.016
539 314 34 19 0.015
523 257 12 14 0.015
217 265 11 12 0.015
97 231 15 16 0.015
269 249 10 11 0.015
110 232 8 11 0.015
638 249 7 8 0.015
627 268 9 26 0.015
934 271 22 23 0.014
299 307 15 20 0.014
601 265 8 9 0.014
574 269 10 23 0.014
593 293 8 10 0.013
0 389 17 39 0.013
475 392 30 32 0.013
354 397 27 29 0.012
575 257 11 64 0.012
572 269 10 12 0.012
121 259 11 14 0.012
553 315 13 15 0.012
390 315 20 25 0.011
944 309 19 22 0.011
644 297 8 10 0.011
592 257 8 9 0.011
650 274 8 8 0.011
309 306 13 19 0.011
90 232 8 11 0.011
575 266 9 11 0.011
893 307 17 21 0.010
