2_Demonstration_Protesters_2_86
564
462 375 35 42 0.888
121 298 20 22 0.881
350 474 49 52 0.878
36 595 82 82 0.878
320 367 33 37 0.877
805 425 40 40 0.874
46 484 47 50 0.870
118 340 29 33 0.866
840 285 16 19 0.865
964 352 34 40 0.863
538 441 44 51 0.862
597 327 27 34 0.861
330 301 22 25 0.860
451 299 21 25 0.860
492 317 25 32 0.858
284 336 29 34 0.856
183 375 38 40 0.855
23 297 24 27 0.853
728 341 31 39 0.848
533 302 21 25 0.844
783 276 14 21 0.843
276 292 20 25 0.843
392 333 24 28 0.837
218 331 25 29 0.835
765 299 20 27 0.832
901 372 32 36 0.829
73 313 22 26 0.822
807 322 28 32 0.821
185 314 24 29 0.819
966 563 57 52 0.819
513 262 14 18 0.817
681 268 17 21 0.817
681 413 34 40 0.815
969 261 12 17 0.812
95 280 18 20 0.812
360 272 16 19 0.809
605 269 17 21 0.809
567 289 18 22 0.806
979 305 20 25 0.806
329 266 14 18 0.803
447 267 17 22 0.802
930 323 27 30 0.801
0 360 16 36 0.801
55 279 19 22 0.799
150 273 16 19 0.798
863 264 14 18 0.793
130 273 15 18 0.791
726 292 18 23 0.790
677 308 27 32 0.787
815 264 14 16 0.787
463 248 12 15 0.783
427 256 14 17 0.780
891 304 19 22 0.780
398 245 11 14 0.771
-1 280 15 21 0.767
247 256 15 18 0.762
401 302 20 23 0.761
306 231 12 15 0.755
532 279 17 20 0.753
101 245 13 16 0.750
294 274 14 17 0.750
1008 261 15 17 0.750
740 278 15 18 0.745
281 247 11 14 0.735
916 292 19 21 0.729
899 235 11 13 0.727
571 241 11 14 0.725
625 314 20 22 0.715
657 278 17 23 0.711
825 302 17 20 0.701
701 251 11 15 0.695
884 252 12 16 0.692
25 263 14 18 0.688
185 233 12 14 0.671
988 252 12 14 0.663
21 196 11 15 0.661
221 229 9 12 0.658
102 194 11 14 0.644
651 245 12 15 0.642
484 257 13 16 0.642
67 186 11 15 0.634
75 267 13 19 0.626
977 242 10 12 0.624
134 232 13 16 0.619
772 249 14 16 0.615
524 235 10 12 0.611
181 176 8 10 0.603
332 218 10 12 0.601
221 213 9 11 0.588
130 182 10 11 0.584
157 213 9 12 0.578
155 235 14 17 0.578
874 227 10 13 0.575
543 212 7 10 0.571
923 232 9 11 0.563
839 243 12 14 0.558
35 184 12 13 0.552
0 448 11 54 0.541
49 184 11 14 0.541
357 232 10 14 0.541
966 218 7 10 0.532
548 232 10 11 0.510
933 264 11 13 0.510
620 254 14 18 0.508
650 224 8 10 0.506
575 270 14 17 0.504
193 273 20 22 0.503
817 214 9 11 0.486
375 251 11 14 0.475
402 228 10 11 0.473
234 235 9 11 0.468
319 254 13 15 0.466
258 234 11 11 0.462
766 280 13 18 0.455
154 187 8 9 0.451
883 210 9 11 0.442
592 234 10 13 0.442
717 230 9 11 0.440
78 179 9 12 0.438
920 194 8 10 0.436
235 200 7 9 0.427
672 226 9 11 0.427
291 230 11 13 0.421
909 267 16 18 0.413
494 230 9 11 0.410
762 239 10 14 0.403
579 214 8 10 0.399
510 242 12 20 0.399
423 239 11 13 0.397
427 227 8 12 0.391
793 239 10 11 0.378
999 174 8 8 0.365
103 181 10 11 0.364
274 225 11 13 0.364
459 232 10 14 0.364
951 230 10 12 0.364
730 258 14 15 0.357
374 228 8 13 0.355
744 225 8 10 0.355
177 213 8 12 0.351
180 207 7 10 0.341
957 244 11 12 0.324
902 212 8 12 0.322
943 239 9 12 0.322
1009 238 11 13 0.319
1013 296 12 26 0.319
228 262 11 14 0.316
792 254 12 13 0.301
990 224 8 11 0.289
359 250 11 14 0.284
201 229 10 13 0.282
190 277 21 28 0.277
541 246 10 12 0.275
491 232 10 13 0.270
446 208 8 10 0.268
457 229 10 12 0.268
1010 467 14 48 0.267
500 212 8 9 0.261
609 228 9 12 0.259
353 218 9 10 0.256
727 255 12 14 0.251
704 235 9 15 0.246
915 225 11 12 0.239
768 246 16 17 0.239
224 232 15 13 0.238
245 214 8 11 0.231
169 230 10 14 0.227
328 249 15 47 0.226
371 219 8 12 0.225
608 213 7 10 0.225
1007 217 7 11 0.223
686 252 12 14 0.222
782 209 7 8 0.210
515 226 9 11 0.208
226 181 7 8 0.207
1009 218 9 11 0.207
830 294 20 24 0.207
535 229 10 13 0.205
478 209 8 10 0.202
519 204 8 10 0.199
10 179 13 12 0.195
535 226 8 23 0.192
294 210 8 16 0.190
270 272 14 17 0.188
410 204 8 17 0.187
635 212 8 18 0.186
445 203 8 18 0.183
7 180 11 11 0.182
783 226 9 12 0.182
891 300 31 24 0.179
873 197 8 10 0.178
580 208 9 22 0.176
847 307 16 21 0.175
458 209 8 11 0.175
1011 175 7 7 0.174
190 258 13 14 0.174
264 258 16 25 0.174
947 243 10 13 0.171
983 286 12 15 0.165
251 256 24 19 0.164
608 251 11 16 0.161
21 182 12 12 0.160
318 219 11 14 0.159
357 226 12 25 0.157
324 251 14 14 0.157
942 200 8 11 0.155
173 216 11 11 0.153
17 179 11 19 0.152
447 202 9 23 0.152
630 234 10 18 0.152
721 208 8 11 0.148
185 216 11 42 0.148
975 238 15 21 0.147
207 258 14 16 0.147
233 235 15 13 0.145
418 236 16 22 0.145
652 237 11 30 0.142
476 203 9 19 0.142
28 184 14 16 0.141
515 205 11 9 0.141
792 233 10 21 0.140
199 264 21 26 0.140
945 297 16 18 0.140
1009 307 15 26 0.138
4 181 9 12 0.135
155 241 13 16 0.135
126 274 39 18 0.135
460 236 10 13 0.124
735 228 16 12 0.122
910 259 12 15 0.122
511 240 12 14 0.118
664 195 8 21 0.115
906 265 14 17 0.115
189 293 23 49 0.114
152 212 11 14 0.114
728 233 15 15 0.111
1013 222 10 27 0.110
569 274 18 22 0.110
630 219 10 26 0.109
794 229 10 49 0.109
186 231 20 15 0.108
73 262 14 14 0.107
652 274 50 22 0.106
354 213 13 18 0.106
267 227 13 19 0.106
962 220 12 13 0.105
482 236 11 13 0.104
247 225 14 70 0.104
902 203 10 27 0.104
734 263 15 17 0.104
913 276 17 20 0.102
299 202 9 18 0.100
961 214 10 25 0.100
84 181 19 13 0.100
1004 203 8 10 0.100
700 225 14 21 0.100
664 200 7 11 0.099
881 248 18 22 0.098
933 233 15 13 0.097
75 179 26 12 0.094
858 212 9 11 0.093
327 268 54 19 0.092
682 317 24 30 0.092
939 199 8 10 0.092
744 212 9 27 0.092
903 206 13 28 0.090
465 195 7 9 0.090
398 225 11 52 0.089
708 193 8 27 0.088
814 308 23 28 0.087
920 184 9 32 0.085
1004 206 9 13 0.085
290 213 10 11 0.084
965 169 6 7 0.084
928 289 19 19 0.084
703 231 9 12 0.082
596 233 12 23 0.081
425 219 10 27 0.080
294 247 13 64 0.078
751 279 39 55 0.077
661 195 9 24 0.077
98 249 15 72 0.074
255 197 8 27 0.074
501 205 8 17 0.074
387 206 10 25 0.073
604 193 7 10 0.073
908 197 11 24 0.073
740 241 11 14 0.073
851 227 11 14 0.072
647 238 14 21 0.072
61 253 15 16 0.072
853 202 9 12 0.071
286 205 14 25 0.070
793 210 9 22 0.070
950 228 12 24 0.070
517 204 8 14 0.070
932 256 12 23 0.070
681 204 9 25 0.069
773 219 11 71 0.068
437 211 9 16 0.067
587 197 13 23 0.067
210 189 6 14 0.066
604 187 7 21 0.066
841 253 26 66 0.065
202 203 8 12 0.065
905 295 22 24 0.065
687 327 21 25 0.065
743 199 10 24 0.064
156 166 8 89 0.064
567 224 11 18 0.063
664 237 13 20 0.063
709 199 6 10 0.063
1006 218 14 87 0.062
738 247 15 16 0.061
354 216 19 12 0.060
292 196 11 40 0.059
223 174 9 24 0.059
858 195 8 24 0.059
793 296 13 17 0.059
671 270 33 78 0.059
424 241 20 14 0.057
955 186 8 14 0.057
957 187 7 8 0.057
843 203 8 11 0.057
491 207 11 26 0.056
758 225 14 28 0.056
445 187 9 52 0.056
550 195 7 9 0.055
109 178 16 15 0.055
794 210 10 10 0.055
622 192 10 30 0.054
375 222 15 25 0.054
898 267 13 16 0.053
608 206 14 25 0.052
483 225 13 19 0.052
272 265 14 17 0.052
557 197 13 26 0.052
852 305 18 20 0.051
606 197 8 30 0.050
551 189 8 20 0.049
438 206 12 26 0.049
945 208 10 19 0.049
855 201 9 10 0.049
776 200 14 25 0.048
393 237 15 24 0.048
102 155 11 76 0.047
571 314 15 20 0.046
936 293 17 17 0.046
67 261 45 44 0.046
246 229 18 14 0.046
937 263 12 15 0.046
483 221 9 19 0.045
539 231 23 13 0.044
251 220 14 27 0.044
138 201 9 12 0.043
721 257 15 15 0.043
604 298 15 19 0.043
402 198 11 28 0.043
383 190 8 25 0.043
798 255 13 16 0.042
806 298 31 21 0.042
313 235 13 16 0.041
189 274 16 19 0.040
751 171 7 9 0.040
980 229 11 18 0.040
555 193 9 31 0.040
857 232 12 13 0.040
334 244 11 18 0.039
797 239 11 14 0.039
359 180 10 107 0.039
580 197 9 12 0.039
584 260 16 17 0.039
403 284 20 21 0.039
850 183 9 8 0.038
963 164 7 24 0.038
725 228 30 12 0.038
410 201 12 32 0.038
572 218 12 25 0.037
968 267 15 23 0.037
641 191 10 25 0.037
203 195 9 24 0.037
245 230 28 60 0.036
37 257 15 18 0.036
209 188 7 9 0.035
364 194 18 52 0.035
204 210 10 27 0.035
264 227 25 14 0.035
666 243 14 12 0.035
591 243 12 18 0.035
917 248 11 15 0.035
16 177 35 41 0.034
605 212 28 11 0.034
952 239 15 15 0.034
384 196 6 12 0.034
678 229 14 23 0.033
763 189 6 16 0.033
464 193 8 31 0.033
590 232 24 23 0.032
848 178 11 22 0.032
309 204 16 29 0.031
702 206 10 29 0.031
81 265 15 18 0.031
810 173 8 9 0.031
624 195 13 30 0.031
516 201 9 31 0.031
943 211 9 15 0.031
218 185 16 106 0.030
897 161 6 7 0.030
626 204 14 31 0.030
723 185 8 8 0.030
107 186 15 15 0.029
424 205 11 38 0.029
640 199 13 9 0.028
286 229 41 14 0.028
248 183 8 24 0.028
984 176 8 15 0.028
753 165 7 19 0.027
300 191 7 37 0.027
235 193 16 31 0.027
987 160 6 8 0.027
853 184 12 8 0.027
996 184 9 26 0.027
644 225 36 56 0.026
666 186 8 31 0.026
716 195 16 29 0.026
47 260 15 18 0.026
746 260 13 16 0.026
824 184 7 13 0.025
252 202 15 31 0.025
1007 180 11 106 0.025
400 438 31 35 0.025
988 299 20 26 0.024
915 233 22 110 0.024
771 206 12 28 0.024
565 242 16 14 0.024
181 139 6 110 0.024
221 174 7 108 0.023
759 185 10 26 0.023
493 246 13 16 0.023
882 243 12 18 0.023
822 238 11 15 0.023
945 279 12 16 0.023
874 185 8 9 0.023
990 164 9 23 0.022
982 223 8 18 0.022
563 205 18 29 0.022
603 292 15 17 0.022
160 255 12 15 0.022
626 187 8 46 0.022
964 211 9 12 0.021
199 207 12 26 0.021
413 228 25 21 0.021
991 184 11 22 0.021
726 199 16 31 0.021
918 208 13 25 0.021
304 197 29 46 0.020
678 191 14 32 0.020
360 191 12 31 0.020
1011 177 11 20 0.020
780 203 12 32 0.020
691 203 15 30 0.020
762 213 8 50 0.019
280 192 11 31 0.019
408 279 15 18 0.019
318 192 16 31 0.019
752 284 16 20 0.019
863 298 16 18 0.019
974 174 8 118 0.019
456 322 17 20 0.019
158 174 9 114 0.019
-2 355 15 28 0.018
966 276 14 18 0.018
774 170 9 10 0.018
501 185 7 10 0.018
486 200 17 40 0.018
845 208 34 103 0.018
783 193 6 53 0.018
511 181 23 62 0.017
624 185 6 48 0.017
317 230 13 18 0.017
954 178 7 18 0.017
187 258 18 21 0.017
400 183 10 29 0.017
752 161 5 33 0.016
848 181 10 11 0.016
109 169 11 15 0.016
768 217 17 30 0.016
0 247 9 20 0.016
607 162 8 103 0.015
626 185 13 31 0.015
381 192 14 32 0.015
426 194 10 117 0.015
265 183 15 28 0.015
994 188 9 14 0.015
30 340 14 17 0.015
493 309 21 30 0.015
681 184 8 51 0.015
890 189 21 17 0.015
493 174 12 114 0.015
1002 322 20 33 0.015
612 228 17 27 0.014
831 228 14 16 0.014
50 191 12 12 0.014
853 205 12 29 0.014
233 175 9 10 0.014
899 188 8 9 0.014
194 317 20 26 0.014
321 184 9 49 0.014
869 292 14 17 0.014
752 205 16 30 0.013
783 270 14 19 0.013
402 278 15 22 0.013
79 278 13 16 0.013
272 194 11 31 0.013
597 184 12 30 0.013
207 272 16 21 0.013
850 171 7 36 0.013
81 172 9 13 0.012
950 288 16 21 0.012
227 267 14 16 0.012
637 188 16 40 0.012
667 176 9 23 0.012
396 190 19 43 0.012
285 179 10 22 0.012
804 198 12 21 0.012
551 192 9 11 0.012
882 184 17 28 0.012
105 243 13 15 0.012
-2 342 11 20 0.012
105 196 11 13 0.012
1 229 10 14 0.012
746 163 14 31 0.012
498 178 13 31 0.012
417 195 15 31 0.012
212 598 36 43 0.012
27 273 16 20 0.012
364 179 7 44 0.011
940 312 22 26 0.011
284 186 11 10 0.011
914 214 23 17 0.011
439 181 10 30 0.011
760 192 25 119 0.011
807 197 6 12 0.011
779 164 9 22 0.011
869 191 21 12 0.011
0 233 9 26 0.011
827 321 22 27 0.011
992 331 15 20 0.011
898 158 18 108 0.011
883 189 14 7 0.011
448 250 16 17 0.011
222 180 23 11 0.011
614 182 15 31 0.011
307 173 13 117 0.011
303 194 19 31 0.011
704 179 11 22 0.010
766 200 20 40 0.010
842 316 17 18 0.010
688 192 19 31 0.010
238 162 16 99 0.010
561 183 11 30 0.010
970 198 21 116 0.010
730 328 25 33 0.010
719 178 14 32 0.010
