2_Demonstration_Political_Rally_2_545
39
452 101 60 79 0.874
193 84 53 64 0.872
718 138 43 58 0.858
108 75 74 89 0.856
330 81 64 73 0.855
676 189 48 59 0.831
917 149 65 98 0.824
537 156 37 48 0.815
930 83 57 72 0.801
590 144 27 33 0.783
659 146 36 42 0.716
290 138 31 35 0.670
786 144 34 50 0.479
575 167 18 26 0.239
771 147 40 44 0.218
643 156 15 21 0.134
313 129 31 40 0.130
762 149 25 38 0.126
644 153 21 27 0.123
759 162 21 29 0.116
507 149 27 41 0.098
598 92 15 19 0.098
398 143 21 25 0.094
-1 136 38 98 0.075
270 156 17 19 0.073
315 136 22 27 0.071
549 161 34 40 0.064
898 224 34 48 0.051
783 154 21 30 0.043
772 160 25 44 0.032
285 146 23 27 0.030
786 127 65 60 0.027
824 127 41 56 0.021
641 162 17 22 0.020
835 127 27 37 0.018
781 163 20 29 0.018
760 149 19 30 0.017
956 122 50 83 0.015
752 165 26 36 0.013
