2_Demonstration_Political_Rally_2_117
150
64 197 20 26 0.821
791 214 22 26 0.819
587 196 33 40 0.818
837 204 27 35 0.783
380 215 27 34 0.760
287 197 20 27 0.759
729 219 26 35 0.758
176 198 8 11 0.697
454 196 11 14 0.677
25 205 18 21 0.677
478 193 10 12 0.671
957 190 22 30 0.670
372 183 8 10 0.656
637 203 19 28 0.652
806 189 14 17 0.648
123 217 15 24 0.644
145 209 11 19 0.613
880 191 22 40 0.591
415 210 14 18 0.488
358 197 10 13 0.378
779 202 19 23 0.353
486 177 8 11 0.277
421 186 9 11 0.268
790 193 16 19 0.252
794 193 13 14 0.247
265 186 11 15 0.230
399 190 9 11 0.222
779 204 13 17 0.217
262 213 14 19 0.201
530 195 10 12 0.187
510 194 8 10 0.179
526 191 9 10 0.179
695 205 18 28 0.164
198 196 10 11 0.158
534 195 10 12 0.139
626 191 16 20 0.135
544 184 9 11 0.131
526 193 13 12 0.122
865 189 11 15 0.122
263 191 13 42 0.121
477 183 10 33 0.120
528 188 12 23 0.109
198 229 16 20 0.100
84 227 12 14 0.099
871 204 18 31 0.095
727 184 11 10 0.094
204 198 9 13 0.092
746 194 8 11 0.087
516 193 17 11 0.082
767 183 9 11 0.078
867 187 12 22 0.072
402 187 15 13 0.070
472 173 9 10 0.068
482 173 11 24 0.067
868 172 7 9 0.065
261 187 11 13 0.064
747 228 18 27 0.063
416 185 12 12 0.063
139 184 7 10 0.060
763 182 10 11 0.054
850 200 24 35 0.053
822 176 12 15 0.052
409 151 7 9 0.051
349 189 8 10 0.050
875 199 20 30 0.050
795 187 9 15 0.047
848 170 12 16 0.044
362 202 10 14 0.042
87 181 11 13 0.040
626 189 13 15 0.040
201 189 12 70 0.039
721 187 11 11 0.039
413 161 16 75 0.035
844 187 27 47 0.033
266 218 12 14 0.033
825 175 11 13 0.032
728 184 14 15 0.032
733 180 7 8 0.031
583 190 10 20 0.031
749 185 12 21 0.030
396 199 16 19 0.029
544 187 11 12 0.029
682 232 15 21 0.029
79 222 14 19 0.029
2 206 8 14 0.029
769 180 8 8 0.028
497 174 10 10 0.028
950 167 10 12 0.027
13 199 20 25 0.027
726 183 17 9 0.026
542 226 13 17 0.026
959 184 19 25 0.026
354 195 12 15 0.025
100 176 9 12 0.024
867 173 8 29 0.023
854 190 13 17 0.023
92 176 11 20 0.022
374 216 21 27 0.022
754 182 25 9 0.022
763 205 12 15 0.021
354 198 14 17 0.020
6 198 12 21 0.020
522 182 11 11 0.020
376 185 13 11 0.020
866 171 11 14 0.020
736 177 11 21 0.019
136 190 10 14 0.019
197 192 8 10 0.019
261 219 11 14 0.019
620 196 19 27 0.018
468 178 10 13 0.018
342 192 11 14 0.018
203 226 13 18 0.017
369 180 11 22 0.017
89 231 11 14 0.016
760 179 8 9 0.016
431 146 7 8 0.016
283 187 13 15 0.016
0 204 14 15 0.016
406 152 8 9 0.015
694 196 12 20 0.015
500 196 13 14 0.015
400 196 14 28 0.015
471 176 8 14 0.015
680 205 17 24 0.015
785 177 8 9 0.015
499 171 13 20 0.015
92 227 12 15 0.014
859 164 18 24 0.014
10 193 12 20 0.013
302 747 45 21 0.013
518 180 12 24 0.013
583 182 11 14 0.013
947 168 15 16 0.013
665 195 18 26 0.013
888 202 25 40 0.012
851 166 8 9 0.012
420 183 13 15 0.012
200 195 12 16 0.012
851 161 8 27 0.011
207 229 12 17 0.011
90 177 10 10 0.011
884 205 21 29 0.011
454 73 7 9 0.011
542 179 8 10 0.011
580 190 20 26 0.010
850 171 28 11 0.010
73 190 17 25 0.010
334 196 14 17 0.010
951 165 7 10 0.010
