2_Demonstration_Political_Rally_2_491
41
651 503 30 48 0.834
542 496 31 55 0.821
632 376 25 38 0.819
387 460 22 28 0.785
746 537 19 25 0.775
968 536 16 21 0.775
585 487 51 83 0.769
790 526 18 24 0.757
565 388 23 34 0.754
863 525 19 25 0.750
906 542 18 21 0.729
250 624 16 23 0.274
169 630 39 47 0.250
274 616 13 16 0.145
328 593 37 53 0.139
184 635 32 39 0.091
287 634 17 26 0.089
259 620 26 19 0.077
288 637 23 33 0.059
275 613 28 48 0.054
453 633 25 25 0.052
289 626 23 32 0.048
452 637 15 18 0.047
249 634 18 26 0.034
194 640 19 26 0.034
188 637 21 24 0.029
94 658 42 52 0.028
222 581 19 26 0.025
288 650 20 29 0.017
107 355 26 31 0.017
281 631 35 45 0.015
222 607 15 20 0.014
38 636 42 55 0.014
160 624 37 50 0.014
224 616 18 23 0.014
55 565 21 29 0.013
52 649 36 53 0.012
62 654 54 53 0.012
289 625 15 21 0.011
198 658 28 34 0.010
570 384 18 23 0.010
