2_Demonstration_Protesters_2_508
49
956 110 24 30 0.820
987 146 25 31 0.794
952 177 30 36 0.780
935 157 22 28 0.744
717 167 35 38 0.715
867 141 27 41 0.682
182 210 26 27 0.681
787 141 25 29 0.679
653 157 22 26 0.671
317 182 28 35 0.666
238 185 26 35 0.659
27 183 22 29 0.617
95 174 25 36 0.537
271 75 17 19 0.502
372 84 14 15 0.491
176 88 13 14 0.230
543 169 26 34 0.158
346 163 26 38 0.121
779 148 21 24 0.091
452 200 22 31 0.082
864 137 20 27 0.077
670 155 21 22 0.071
445 217 27 39 0.069
85 174 26 34 0.067
775 157 16 21 0.064
366 85 16 15 0.057
615 192 21 27 0.055
663 153 22 25 0.054
777 151 15 20 0.047
865 122 17 23 0.041
181 87 11 13 0.036
360 87 12 13 0.035
172 88 13 15 0.034
323 170 33 43 0.033
768 167 14 19 0.032
764 172 15 21 0.026
491 207 14 18 0.022
107 185 20 28 0.021
683 159 16 18 0.019
674 161 15 20 0.019
829 165 20 24 0.015
462 199 14 21 0.013
998 151 19 26 0.013
863 127 14 23 0.012
495 206 14 16 0.011
620 198 19 26 0.011
689 164 15 18 0.011
637 151 17 23 0.010
610 180 22 30 0.010
