2_Demonstration_Protesters_2_884
35
935 428 88 134 0.851
365 85 21 28 0.839
525 154 30 37 0.831
584 94 23 23 0.791
699 46 22 31 0.755
888 181 32 40 0.727
664 259 25 58 0.690
33 77 21 24 0.680
515 221 30 33 0.643
290 99 17 23 0.599
549 66 14 18 0.381
12 158 32 38 0.310
201 90 16 21 0.295
410 351 44 41 0.290
870 160 22 26 0.274
208 92 20 22 0.136
297 135 22 31 0.097
1015 132 9 49 0.085
191 569 100 92 0.072
214 96 18 20 0.072
880 171 34 44 0.065
196 93 15 22 0.040
299 147 21 22 0.034
0 75 11 26 0.033
10 364 29 35 0.033
283 100 18 24 0.028
303 133 21 26 0.024
218 100 19 23 0.016
0 81 7 26 0.014
550 59 14 17 0.014
164 90 17 23 0.012
219 91 21 25 0.011
818 127 15 16 0.011
553 63 15 16 0.010
28 81 21 25 0.010
