2_Demonstration_Demonstration_Or_Protest_2_200
187
73 264 38 52 0.853
807 492 54 56 0.848
277 215 37 51 0.833
853 324 37 51 0.828
86 131 29 39 0.827
788 380 45 58 0.823
177 221 33 41 0.809
14 367 40 50 0.801
401 49 12 18 0.794
388 221 24 36 0.792
316 361 42 59 0.785
224 188 30 40 0.781
937 297 44 55 0.773
949 172 37 44 0.771
355 25 14 16 0.769
842 131 24 28 0.739
23 70 15 20 0.735
284 170 26 33 0.730
462 11 13 16 0.720
309 97 15 18 0.689
904 -1 15 16 0.684
402 473 48 54 0.675
884 162 27 36 0.656
274 67 14 18 0.652
661 377 47 69 0.636
1002 79 22 32 0.634
355 153 22 29 0.621
680 36 20 23 0.620
904 117 20 23 0.612
397 167 21 29 0.611
500 7 12 14 0.601
542 171 20 28 0.553
91 31 13 17 0.521
352 119 15 20 0.466
15 128 19 25 0.376
362 113 16 18 0.357
527 88 11 14 0.349
0 88 14 23 0.337
353 1 11 11 0.316
904 152 20 26 0.277
923 74 20 24 0.246
56 159 25 30 0.200
892 294 36 47 0.168
407 340 25 33 0.165
401 140 19 23 0.157
268 207 29 38 0.154
290 76 12 14 0.136
488 39 12 15 0.134
942 10 14 16 0.132
874 24 16 19 0.114
356 129 16 26 0.113
1007 24 15 19 0.112
812 -1 10 11 0.106
77 85 15 18 0.103
0 473 14 49 0.102
1 15 10 12 0.088
55 257 39 45 0.082
406 138 15 18 0.079
650 38 12 15 0.078
673 40 16 19 0.077
27 41 10 13 0.075
524 113 11 18 0.071
618 17 11 12 0.069
0 44 7 14 0.067
527 81 11 14 0.061
388 142 17 22 0.061
64 0 8 8 0.060
30 144 22 28 0.059
511 173 22 25 0.059
901 116 16 22 0.057
560 26 12 14 0.054
576 17 12 14 0.054
900 287 35 44 0.053
32 137 19 25 0.052
485 42 14 17 0.050
360 145 18 26 0.049
294 178 23 27 0.049
263 209 16 25 0.047
504 164 23 29 0.046
410 143 15 20 0.046
477 33 15 16 0.043
314 84 14 17 0.042
508 169 52 30 0.042
402 329 28 35 0.040
314 172 18 23 0.040
570 57 13 15 0.040
47 253 27 37 0.039
896 150 23 27 0.037
767 29 19 25 0.037
1 324 15 34 0.033
281 75 16 19 0.033
261 181 27 33 0.033
297 356 39 51 0.033
286 165 22 27 0.032
363 81 13 20 0.029
63 156 21 26 0.028
63 -2 10 17 0.027
366 79 18 22 0.025
379 80 16 20 0.025
1014 330 11 33 0.025
79 80 12 16 0.024
977 6 17 22 0.024
401 320 25 30 0.023
82 11 10 13 0.023
533 74 14 15 0.022
84 88 13 14 0.022
812 0 13 15 0.022
524 22 12 17 0.021
1 78 12 18 0.021
560 19 29 16 0.021
578 56 13 16 0.019
393 22 12 14 0.019
854 125 22 27 0.019
664 36 17 24 0.019
29 44 11 15 0.019
473 22 14 18 0.018
12 42 13 17 0.018
24 7 10 14 0.018
66 79 16 19 0.018
385 146 19 29 0.017
880 30 18 23 0.017
586 54 13 16 0.017
545 188 19 27 0.017
54 259 25 37 0.017
927 67 22 27 0.017
864 28 20 22 0.017
787 83 17 22 0.016
841 62 16 20 0.016
65 53 10 14 0.016
521 118 13 18 0.016
757 68 15 19 0.016
28 302 25 31 0.016
29 37 11 14 0.016
343 206 26 30 0.015
83 14 11 22 0.015
669 39 15 19 0.015
116 260 28 40 0.015
16 53 14 19 0.015
360 24 13 16 0.015
476 28 12 16 0.015
47 79 14 26 0.015
910 145 19 25 0.015
677 45 19 20 0.014
277 63 12 16 0.014
526 26 12 16 0.014
520 18 13 16 0.014
1015 334 8 21 0.014
574 11 12 14 0.013
884 299 33 45 0.013
698 42 18 22 0.013
365 112 18 24 0.013
502 162 17 24 0.013
395 458 40 53 0.013
316 79 14 17 0.013
27 13 10 54 0.013
841 66 25 29 0.013
471 31 13 16 0.012
919 2 15 18 0.012
0 489 12 56 0.012
905 118 26 60 0.012
574 54 13 16 0.012
450 14 15 15 0.012
263 180 20 24 0.012
542 73 11 14 0.012
519 92 15 22 0.012
10 34 13 21 0.012
429 10 11 15 0.011
814 -1 13 12 0.011
3 13 11 13 0.011
90 0 10 9 0.011
369 86 16 19 0.011
628 3 13 16 0.011
182 207 59 40 0.011
134 200 33 44 0.011
944 5 15 14 0.011
481 27 11 15 0.011
214 196 29 36 0.010
938 11 18 24 0.010
541 204 19 22 0.010
312 75 15 19 0.010
383 226 23 35 0.010
92 26 11 15 0.010
632 3 9 11 0.010
70 81 18 22 0.010
705 38 17 23 0.010
402 49 16 23 0.010
920 11 13 17 0.010
