2_Demonstration_Political_Rally_2_135
35
150 548 68 99 0.834
938 636 71 87 0.824
525 442 86 99 0.763
47 673 55 77 0.553
54 321 30 36 0.352
3 647 23 52 0.140
0 1030 26 47 0.101
139 910 33 45 0.080
373 684 16 24 0.075
140 285 30 41 0.063
829 785 12 16 0.052
909 907 19 23 0.046
337 681 12 17 0.045
254 960 26 35 0.038
2 637 21 29 0.030
137 886 28 29 0.030
-3 1022 22 37 0.027
145 892 29 46 0.026
0 461 23 28 0.024
12 644 88 106 0.024
884 784 24 28 0.023
189 1013 19 28 0.022
151 886 21 27 0.022
21 1041 26 33 0.022
373 668 18 44 0.020
379 662 15 18 0.018
-1 653 22 75 0.013
209 655 39 57 0.013
1 485 24 38 0.013
143 271 24 30 0.012
874 776 26 34 0.011
120 880 33 45 0.011
860 781 24 29 0.010
441 694 14 18 0.010
284 530 14 17 0.010
