2_Demonstration_Protesters_2_56
60
390 397 68 91 0.889
626 331 66 83 0.871
235 393 59 66 0.861
487 467 80 86 0.855
743 441 77 80 0.843
881 283 62 80 0.841
816 200 56 73 0.838
683 235 18 25 0.806
70 402 46 62 0.773
712 250 37 51 0.663
601 247 31 48 0.571
109 401 33 58 0.391
83 401 52 61 0.382
983 274 41 60 0.222
894 211 23 39 0.219
656 232 17 23 0.138
313 710 50 58 0.125
654 241 18 26 0.112
695 218 17 19 0.076
603 252 22 27 0.073
626 209 14 17 0.072
897 221 18 25 0.065
892 196 38 54 0.058
0 548 12 75 0.055
894 189 24 35 0.044
603 261 19 29 0.043
662 216 15 38 0.043
289 537 57 79 0.040
610 249 18 23 0.035
670 68 9 12 0.031
653 269 25 36 0.030
667 164 12 15 0.026
607 270 16 25 0.024
657 221 15 18 0.022
648 68 8 10 0.022
887 204 24 40 0.021
892 194 19 37 0.020
905 174 33 46 0.020
889 190 20 29 0.018
675 198 11 14 0.018
994 215 29 57 0.018
900 217 23 35 0.015
1001 231 25 69 0.014
707 246 19 24 0.014
706 238 16 24 0.014
669 161 11 31 0.014
24 530 21 26 0.013
629 206 43 46 0.013
674 200 12 22 0.013
661 218 18 19 0.013
714 264 24 30 0.013
319 725 71 45 0.013
853 168 24 29 0.013
614 252 19 24 0.012
849 162 23 25 0.011
100 428 34 47 0.011
464 318 42 63 0.010
655 262 20 26 0.010
961 258 54 72 0.010
12 521 33 51 0.010
