2_Demonstration_Protesters_2_293
118
861 461 77 85 0.894
291 433 53 75 0.862
543 461 67 94 0.862
222 529 85 103 0.861
89 342 42 70 0.858
163 375 39 54 0.852
352 360 35 54 0.839
455 436 53 76 0.832
797 460 56 72 0.816
480 364 42 53 0.795
835 595 69 89 0.794
407 472 44 85 0.784
607 388 34 48 0.781
563 410 51 64 0.724
408 336 33 43 0.710
731 513 41 95 0.694
242 461 53 69 0.690
672 355 33 44 0.670
0 366 26 93 0.610
751 420 45 53 0.567
858 394 41 54 0.555
56 309 32 38 0.531
46 328 34 44 0.529
269 362 26 42 0.479
0 423 29 90 0.440
679 446 46 58 0.395
128 356 29 51 0.260
584 330 18 22 0.258
299 353 16 19 0.222
562 360 22 32 0.194
342 312 21 28 0.191
134 363 33 49 0.152
1014 423 10 52 0.137
599 325 15 21 0.136
441 267 16 22 0.112
844 406 44 52 0.110
98 304 23 41 0.102
756 339 27 38 0.100
1011 504 13 54 0.099
114 276 14 21 0.093
804 341 15 25 0.082
630 336 25 36 0.081
791 381 23 34 0.077
587 300 13 18 0.077
889 346 16 22 0.077
601 286 20 27 0.069
5 146 17 22 0.068
299 355 21 24 0.059
72 268 17 22 0.057
780 332 17 27 0.046
799 338 17 24 0.044
118 274 15 21 0.042
634 326 23 34 0.042
788 404 41 50 0.041
563 333 35 63 0.040
253 467 37 49 0.040
12 280 15 20 0.035
798 382 17 25 0.034
0 302 23 31 0.032
0 226 15 27 0.031
705 341 18 29 0.031
709 338 14 20 0.029
750 346 28 37 0.028
776 328 14 21 0.027
27 347 33 71 0.026
31 250 15 20 0.026
724 340 46 51 0.025
61 307 23 27 0.025
762 338 20 27 0.025
815 348 16 26 0.024
25 312 39 45 0.023
38 334 32 46 0.023
779 324 15 28 0.023
780 324 9 13 0.022
560 376 43 65 0.022
433 328 26 33 0.022
108 273 20 41 0.021
281 370 18 28 0.021
164 284 19 26 0.021
884 348 17 28 0.020
536 429 63 97 0.020
16 284 15 22 0.020
314 344 20 23 0.020
680 367 23 30 0.020
10 284 22 30 0.019
849 397 36 44 0.019
588 306 15 24 0.018
626 344 21 27 0.018
557 364 38 43 0.018
773 337 22 29 0.018
638 342 46 55 0.018
114 280 17 27 0.017
1 277 24 60 0.016
100 297 20 28 0.016
310 347 18 19 0.016
891 339 16 22 0.016
635 322 19 26 0.016
843 335 11 15 0.016
810 469 61 68 0.016
329 318 33 34 0.015
756 334 21 30 0.015
805 334 12 19 0.015
1011 429 13 74 0.014
34 343 44 77 0.014
339 320 18 24 0.014
567 352 19 27 0.014
441 328 18 23 0.014
79 307 42 64 0.014
879 327 11 14 0.013
821 498 45 52 0.012
606 294 18 21 0.012
26 245 23 44 0.011
692 426 46 67 0.011
417 366 46 60 0.011
834 407 38 47 0.010
784 330 15 18 0.010
69 267 32 73 0.010
135 381 18 27 0.010
