2_Demonstration_Demonstrators_2_425
417
791 427 63 75 0.877
18 474 43 49 0.868
431 562 67 102 0.860
578 386 26 34 0.842
562 461 43 62 0.827
699 313 18 24 0.823
616 331 18 24 0.816
634 393 35 46 0.815
223 424 37 49 0.809
865 305 28 34 0.804
351 433 46 57 0.803
486 370 18 23 0.798
403 371 17 22 0.793
786 306 39 47 0.793
700 376 30 33 0.782
526 330 17 22 0.774
728 336 20 25 0.768
613 304 13 16 0.750
991 350 33 75 0.746
643 305 12 16 0.735
46 432 23 28 0.725
202 404 21 27 0.718
446 350 17 21 0.713
658 305 17 21 0.704
138 376 12 15 0.692
576 331 15 19 0.689
467 407 28 33 0.685
739 305 13 15 0.667
770 312 19 25 0.638
92 379 13 17 0.627
362 342 9 11 0.605
515 316 10 12 0.580
83 441 26 38 0.580
400 348 12 15 0.573
288 350 12 15 0.567
775 268 8 11 0.563
794 273 18 20 0.560
253 369 13 18 0.556
623 389 24 32 0.549
484 316 10 11 0.525
466 345 12 17 0.506
620 390 17 21 0.504
868 276 21 22 0.500
212 348 9 10 0.493
844 286 16 18 0.488
109 380 16 18 0.482
591 309 12 14 0.449
710 278 11 14 0.440
234 366 10 13 0.436
578 294 11 13 0.429
198 331 6 9 0.421
170 395 16 19 0.420
126 426 23 27 0.417
268 334 8 9 0.412
191 354 9 11 0.399
16 373 10 12 0.399
157 351 8 10 0.395
457 345 17 20 0.384
47 400 14 18 0.378
792 270 26 35 0.375
279 416 21 32 0.371
226 329 6 9 0.368
82 356 9 12 0.365
0 378 9 18 0.365
279 367 13 16 0.364
182 334 5 7 0.347
509 348 13 17 0.343
235 392 17 20 0.343
17 398 17 22 0.335
152 426 18 19 0.335
346 395 26 31 0.332
362 324 7 11 0.331
451 323 10 13 0.327
772 311 32 32 0.324
734 282 10 12 0.310
393 338 12 13 0.297
445 313 10 12 0.288
938 265 12 15 0.278
559 326 12 18 0.273
623 298 11 14 0.252
382 324 9 12 0.247
736 269 8 11 0.239
261 348 10 13 0.239
286 353 12 17 0.230
269 332 9 16 0.228
199 393 13 16 0.228
264 347 11 13 0.223
394 332 11 15 0.213
431 331 10 12 0.207
230 349 10 13 0.198
244 368 18 17 0.198
131 349 9 11 0.195
240 378 19 23 0.189
488 296 7 10 0.188
552 303 8 11 0.188
841 282 28 23 0.187
179 330 9 17 0.182
909 279 12 14 0.180
172 366 12 12 0.179
503 289 7 9 0.174
191 342 8 28 0.171
709 299 13 17 0.169
935 310 18 25 0.166
169 367 12 14 0.163
734 277 9 11 0.159
457 290 6 9 0.157
305 323 7 9 0.157
215 365 10 11 0.157
49 396 12 17 0.155
46 379 9 12 0.154
808 261 11 13 0.153
607 287 9 11 0.151
231 352 10 24 0.150
166 371 12 16 0.150
862 277 20 23 0.148
160 337 8 9 0.138
577 317 16 37 0.134
966 352 41 63 0.130
454 319 9 12 0.125
348 360 11 13 0.121
197 396 19 24 0.116
455 409 25 34 0.116
626 295 11 13 0.115
703 299 16 19 0.115
325 327 7 9 0.114
422 337 13 15 0.112
154 337 10 39 0.112
347 401 33 47 0.107
325 326 10 15 0.107
336 326 10 10 0.104
535 310 12 19 0.103
358 342 10 12 0.103
315 354 10 13 0.103
286 326 8 18 0.101
551 306 13 25 0.100
484 312 10 26 0.100
345 391 22 24 0.100
412 315 11 12 0.099
376 318 14 22 0.096
734 268 8 28 0.092
924 288 15 17 0.092
511 317 10 13 0.091
199 383 13 17 0.090
559 321 12 14 0.090
567 329 16 19 0.090
579 281 10 42 0.089
693 295 12 15 0.089
63 366 16 13 0.089
843 279 44 23 0.086
67 364 11 12 0.085
263 373 15 18 0.084
651 288 15 15 0.082
52 394 13 15 0.082
231 395 18 22 0.082
667 282 13 18 0.081
-2 376 30 17 0.081
747 263 8 11 0.080
208 360 17 21 0.079
826 330 20 25 0.079
316 356 13 14 0.078
321 359 11 13 0.078
1014 301 10 15 0.077
175 332 12 17 0.077
694 282 11 22 0.076
823 272 10 14 0.075
313 337 9 12 0.074
45 377 8 11 0.074
162 377 12 16 0.073
909 281 15 17 0.073
938 260 13 28 0.073
305 319 8 23 0.073
156 345 14 25 0.072
705 264 9 9 0.071
639 292 14 12 0.071
446 314 16 19 0.071
43 429 19 26 0.070
609 284 10 19 0.069
770 306 14 18 0.069
692 265 9 9 0.067
23 398 34 38 0.066
399 314 11 72 0.066
244 323 7 9 0.065
142 332 11 98 0.064
287 326 8 9 0.064
507 326 11 14 0.063
289 319 9 74 0.062
364 315 7 8 0.062
13 397 33 24 0.062
370 316 15 22 0.062
54 368 13 14 0.062
192 352 13 29 0.061
196 371 12 16 0.061
668 269 9 11 0.060
692 265 21 12 0.059
562 289 9 9 0.059
735 289 11 13 0.058
108 350 10 14 0.057
826 273 10 14 0.056
394 340 13 16 0.056
780 269 13 15 0.056
684 264 9 10 0.055
745 262 9 10 0.055
106 352 9 10 0.053
469 297 9 17 0.053
682 319 12 16 0.053
92 372 13 17 0.052
83 455 23 29 0.052
864 265 19 26 0.052
376 364 12 16 0.051
807 255 23 37 0.051
175 481 33 34 0.051
44 404 18 23 0.051
490 345 13 18 0.050
556 289 8 8 0.049
454 292 9 10 0.049
594 282 10 11 0.049
244 319 9 24 0.049
1000 302 25 24 0.048
478 329 10 16 0.048
867 258 8 10 0.048
161 340 19 10 0.048
775 263 8 11 0.047
694 270 11 29 0.047
365 320 17 10 0.047
941 270 12 26 0.047
286 422 22 29 0.047
871 283 21 23 0.046
932 265 11 15 0.045
284 364 12 17 0.045
239 360 27 44 0.045
942 282 12 16 0.045
23 406 19 21 0.045
130 345 9 11 0.044
234 313 9 100 0.044
820 279 11 16 0.044
689 262 17 18 0.043
85 400 14 18 0.043
755 303 15 15 0.042
164 333 15 23 0.042
669 273 9 26 0.041
503 283 11 25 0.041
337 335 10 20 0.041
428 364 13 17 0.041
131 432 22 25 0.041
647 271 7 10 0.041
488 291 7 38 0.040
615 261 11 96 0.040
331 321 16 24 0.040
437 300 7 9 0.040
579 307 15 16 0.038
530 289 8 8 0.037
414 308 14 26 0.037
943 264 11 16 0.037
721 255 9 14 0.036
414 335 17 23 0.036
157 393 14 19 0.036
395 315 14 19 0.036
604 279 11 21 0.035
373 348 11 20 0.035
160 389 16 22 0.035
35 412 17 23 0.035
314 336 12 15 0.035
614 277 8 9 0.035
458 289 8 8 0.035
560 285 18 22 0.035
620 278 18 36 0.035
508 354 14 17 0.034
226 313 9 46 0.034
680 263 17 16 0.034
613 275 11 21 0.034
114 369 13 18 0.034
278 400 19 28 0.034
446 276 11 91 0.034
198 366 28 12 0.034
131 359 11 14 0.033
677 325 15 17 0.033
84 377 13 16 0.033
989 310 15 23 0.033
916 277 14 23 0.033
134 346 17 26 0.033
129 355 15 20 0.032
486 294 26 9 0.032
700 261 16 24 0.032
213 344 15 29 0.032
156 366 19 16 0.031
327 363 13 14 0.031
344 384 18 23 0.031
804 266 18 23 0.030
233 351 14 15 0.030
777 269 9 12 0.030
363 283 7 106 0.029
744 264 9 11 0.029
406 339 25 14 0.029
0 366 38 68 0.028
119 385 13 18 0.028
487 336 16 26 0.028
55 366 10 10 0.027
671 281 14 23 0.027
325 327 23 13 0.027
809 262 24 14 0.026
580 285 10 12 0.026
110 349 15 16 0.026
958 360 37 48 0.026
15 403 16 21 0.026
289 322 15 22 0.026
732 306 17 19 0.025
40 406 15 22 0.025
336 355 14 16 0.025
349 362 13 16 0.024
674 266 25 10 0.024
347 343 14 84 0.024
643 266 10 26 0.024
277 393 16 26 0.024
204 328 25 43 0.024
713 281 13 15 0.024
61 369 12 17 0.023
440 296 9 29 0.023
277 413 18 26 0.023
365 318 23 17 0.023
942 490 33 47 0.023
504 336 19 26 0.022
49 343 12 97 0.022
529 292 14 30 0.022
364 390 19 21 0.022
653 276 11 27 0.022
65 369 12 14 0.022
235 321 17 112 0.021
566 292 16 26 0.021
286 348 24 18 0.021
117 349 11 12 0.021
245 330 15 26 0.021
556 290 30 12 0.021
842 251 10 14 0.020
820 257 17 23 0.020
413 320 12 27 0.020
535 286 12 29 0.020
908 279 22 14 0.020
529 283 11 29 0.019
843 253 7 8 0.019
292 429 19 23 0.019
450 415 24 32 0.019
108 352 24 12 0.019
284 324 31 18 0.019
553 283 10 30 0.019
749 360 21 29 0.019
865 238 6 7 0.019
843 325 18 24 0.019
391 317 25 15 0.019
13 367 52 83 0.018
372 384 14 19 0.018
911 276 9 11 0.018
628 279 11 19 0.018
605 274 8 10 0.018
707 230 24 102 0.018
122 418 19 24 0.018
51 400 17 20 0.018
177 332 34 11 0.017
469 299 28 12 0.017
771 263 14 24 0.017
343 317 17 27 0.017
215 369 11 12 0.017
80 396 14 17 0.017
823 235 7 8 0.017
537 293 17 31 0.017
28 419 14 18 0.017
386 313 23 23 0.017
93 402 17 20 0.016
424 348 14 26 0.016
780 240 8 10 0.016
594 327 13 18 0.016
999 559 26 71 0.016
599 210 13 16 0.015
893 284 18 19 0.015
1011 303 14 18 0.015
248 386 18 22 0.014
373 390 18 19 0.014
457 402 20 31 0.014
641 303 18 23 0.014
939 310 20 30 0.014
505 345 19 24 0.014
214 340 23 39 0.014
879 297 20 26 0.013
98 361 17 25 0.013
86 406 19 21 0.013
478 290 17 30 0.013
0 398 13 23 0.013
626 303 11 16 0.013
520 292 26 34 0.013
709 257 24 27 0.013
100 409 16 20 0.013
683 299 15 21 0.012
997 304 18 19 0.012
851 288 16 21 0.012
543 314 19 16 0.012
351 346 26 90 0.012
758 294 12 22 0.012
158 416 18 25 0.012
827 262 16 23 0.011
168 324 20 31 0.011
771 318 21 26 0.011
371 314 9 11 0.011
170 475 28 34 0.011
534 287 25 43 0.011
646 266 13 18 0.011
725 252 15 22 0.011
668 325 18 17 0.011
328 348 24 27 0.011
940 277 15 40 0.011
383 279 26 109 0.010
273 388 16 21 0.010
1 463 38 35 0.010
867 252 13 41 0.010
339 318 28 14 0.010
431 295 9 16 0.010
341 398 18 23 0.010
80 442 21 27 0.010
88 466 21 26 0.010
