2_Demonstration_Demonstration_Or_Protest_2_615
52
0 266 36 42 0.840
116 252 36 41 0.832
558 244 27 32 0.826
286 222 35 39 0.824
36 252 32 40 0.822
608 257 28 33 0.818
759 257 27 32 0.815
897 246 30 30 0.788
826 251 29 33 0.779
505 270 26 31 0.775
944 248 30 31 0.771
430 252 30 38 0.769
717 270 20 25 0.701
176 245 34 37 0.626
677 255 22 28 0.605
653 264 23 28 0.406
538 285 22 25 0.291
494 241 21 27 0.106
495 231 24 31 0.102
736 268 19 25 0.079
1012 236 13 29 0.066
667 258 22 28 0.059
854 264 19 26 0.057
84 277 20 24 0.047
932 247 21 27 0.045
419 217 28 32 0.043
159 260 22 27 0.042
552 246 23 28 0.036
511 225 21 26 0.033
799 258 22 27 0.032
535 245 18 23 0.030
388 223 24 34 0.029
913 247 23 27 0.028
811 256 22 28 0.027
78 281 18 23 0.025
885 261 17 21 0.023
169 253 23 29 0.023
684 251 19 29 0.023
637 262 22 26 0.020
968 249 21 26 0.017
620 258 22 29 0.016
815 251 24 29 0.015
710 270 21 28 0.014
463 263 23 28 0.014
1006 234 20 24 0.013
528 237 20 24 0.012
304 230 27 33 0.012
527 283 20 26 0.012
701 262 20 29 0.012
922 250 22 21 0.011
90 271 28 29 0.011
976 253 18 23 0.010
