2_Demonstration_Demonstration_Or_Protest_2_102
167
979 511 18 25 0.770
266 582 21 27 0.743
78 607 22 25 0.729
425 608 24 32 0.712
670 543 21 27 0.709
951 488 18 21 0.706
759 577 16 19 0.669
240 584 18 27 0.632
845 580 18 27 0.593
774 541 14 16 0.586
1004 498 13 19 0.462
222 509 16 20 0.431
96 470 16 17 0.397
400 604 20 27 0.386
436 570 15 22 0.363
799 527 14 17 0.361
634 585 16 24 0.343
623 650 20 29 0.246
18 499 11 14 0.246
702 534 11 14 0.222
842 523 12 17 0.210
0 632 7 19 0.208
972 489 12 14 0.202
864 541 11 17 0.192
446 580 18 23 0.180
888 503 11 17 0.164
862 501 11 17 0.163
36 658 19 21 0.158
703 536 11 18 0.154
174 471 11 14 0.152
562 607 22 27 0.139
681 515 11 14 0.132
778 518 10 11 0.126
785 554 12 20 0.108
799 515 11 28 0.097
754 533 13 17 0.095
598 588 16 23 0.083
702 515 12 50 0.083
570 613 16 22 0.082
903 512 14 21 0.078
83 613 20 23 0.076
453 587 17 22 0.073
632 567 15 23 0.073
715 549 14 21 0.073
731 616 20 26 0.070
447 489 10 13 0.060
1003 474 9 13 0.059
1003 471 11 25 0.059
554 604 22 25 0.057
88 587 18 23 0.056
804 498 11 12 0.055
664 574 17 24 0.054
277 644 20 27 0.052
439 365 18 18 0.051
422 513 11 16 0.051
239 575 16 22 0.048
598 650 17 24 0.048
938 469 11 13 0.048
714 512 12 12 0.048
706 513 12 12 0.047
676 516 11 15 0.044
19 502 12 16 0.043
859 502 41 18 0.039
59 643 17 22 0.039
237 515 12 16 0.037
236 596 18 24 0.037
15 505 13 18 0.037
635 556 16 20 0.035
423 483 9 11 0.035
523 407 10 12 0.035
630 644 17 25 0.035
225 498 15 20 0.034
386 607 21 26 0.033
705 511 11 22 0.033
745 561 16 20 0.032
861 546 12 17 0.032
312 580 15 19 0.031
243 583 29 27 0.031
632 560 14 20 0.030
799 499 11 12 0.029
705 554 14 22 0.029
899 525 13 17 0.029
233 562 16 18 0.029
117 447 13 17 0.029
399 517 16 21 0.029
844 501 33 37 0.028
47 542 13 16 0.027
937 465 17 29 0.027
743 558 14 18 0.026
65 523 14 17 0.025
92 584 15 19 0.025
684 513 15 20 0.024
658 577 19 25 0.023
775 514 11 13 0.022
927 464 9 11 0.022
357 539 17 19 0.022
1002 539 14 18 0.022
1012 511 12 15 0.022
683 500 9 12 0.022
982 487 13 13 0.021
665 370 14 15 0.021
793 535 14 21 0.021
137 541 9 11 0.020
903 523 15 19 0.020
981 489 16 26 0.020
719 545 14 20 0.020
422 517 13 18 0.019
836 553 16 22 0.019
933 464 11 15 0.019
641 553 13 17 0.019
230 596 20 28 0.019
757 583 15 19 0.019
915 438 10 10 0.018
132 541 11 12 0.018
768 548 16 19 0.018
11 518 13 18 0.018
449 491 11 15 0.018
433 466 8 10 0.018
0 597 6 28 0.017
849 515 27 49 0.017
748 545 13 18 0.016
604 586 16 21 0.016
607 588 20 24 0.016
277 619 19 31 0.016
81 584 16 17 0.016
841 509 29 23 0.015
820 495 11 14 0.015
707 560 14 18 0.015
724 552 18 22 0.015
333 541 15 19 0.015
692 540 19 24 0.015
1012 528 12 26 0.015
667 355 9 9 0.015
787 550 15 37 0.015
361 535 15 17 0.015
406 514 29 21 0.014
261 468 13 16 0.014
182 448 10 13 0.014
839 536 16 39 0.014
284 645 17 24 0.014
849 516 13 20 0.014
701 542 14 20 0.014
844 505 15 22 0.014
280 612 16 23 0.014
205 567 16 19 0.014
836 546 16 22 0.014
18 493 10 13 0.014
24 663 18 20 0.014
851 579 17 27 0.013
208 512 17 21 0.013
454 492 13 15 0.013
419 484 10 23 0.013
279 479 13 18 0.013
668 535 16 28 0.013
986 513 16 22 0.013
858 496 16 17 0.013
845 543 16 21 0.012
332 549 17 23 0.012
914 434 9 22 0.012
891 530 12 16 0.012
342 540 20 20 0.012
793 499 13 29 0.011
549 601 20 24 0.011
0 590 8 47 0.011
316 640 15 20 0.010
923 436 12 17 0.010
843 499 14 18 0.010
