2_Demonstration_Demonstrators_2_499
48
813 349 21 28 0.836
259 357 24 29 0.833
633 364 20 24 0.823
759 342 26 28 0.822
602 365 21 24 0.819
455 363 20 25 0.814
978 325 40 47 0.780
360 364 20 25 0.780
550 360 17 23 0.777
515 388 17 22 0.748
426 361 18 25 0.708
696 380 19 23 0.688
906 352 28 43 0.646
960 347 20 27 0.645
485 383 16 19 0.644
831 326 21 30 0.473
654 370 13 18 0.325
712 379 15 19 0.312
517 376 18 28 0.131
524 368 16 20 0.103
968 340 43 35 0.080
476 386 19 19 0.070
866 305 12 17 0.048
965 342 21 31 0.042
562 353 17 23 0.041
582 366 17 21 0.036
468 393 13 14 0.036
578 371 12 17 0.031
983 355 19 22 0.027
419 363 17 25 0.027
527 362 15 17 0.025
971 352 21 24 0.023
734 352 9 11 0.023
597 350 20 23 0.019
613 347 18 21 0.018
575 362 14 26 0.018
609 359 21 29 0.017
418 372 16 22 0.017
587 372 15 17 0.016
520 371 16 19 0.016
733 350 14 16 0.015
697 372 19 22 0.015
904 359 19 28 0.014
681 278 9 9 0.012
565 358 19 21 0.012
905 365 23 35 0.012
655 364 12 17 0.012
378 376 12 17 0.010
