2_Demonstration_Demonstration_Or_Protest_2_395
47
979 302 44 77 0.815
871 338 55 79 0.814
807 481 92 113 0.780
737 339 53 74 0.724
827 318 28 40 0.510
959 246 28 42 0.510
246 32 33 58 0.291
709 519 34 48 0.183
962 248 22 27 0.120
859 331 53 71 0.118
902 290 23 32 0.098
814 279 22 30 0.088
551 324 47 90 0.084
325 561 86 122 0.051
955 264 22 29 0.051
854 274 19 26 0.044
896 233 18 26 0.041
858 232 15 22 0.041
911 275 24 34 0.040
955 241 24 31 0.028
906 281 23 32 0.027
744 322 43 60 0.022
0 -10 47 187 0.020
967 278 24 25 0.020
1012 228 12 66 0.020
898 232 13 17 0.019
956 274 22 27 0.017
1010 199 14 62 0.016
832 287 37 68 0.015
-1 -12 77 265 0.015
951 242 14 17 0.015
912 231 14 20 0.015
112 24 128 231 0.014
828 315 21 29 0.014
1014 271 11 24 0.013
757 301 24 43 0.013
1012 261 13 25 0.012
953 256 18 25 0.012
855 228 45 27 0.011
914 177 27 37 0.011
989 197 21 30 0.011
1014 149 10 43 0.011
757 320 21 26 0.011
1017 224 7 34 0.011
752 316 32 45 0.011
914 235 23 56 0.010
902 282 19 25 0.010
