2_Demonstration_Protesters_2_460
36
805 178 37 47 0.890
639 61 43 47 0.877
272 234 41 49 0.849
840 69 28 35 0.848
483 240 34 39 0.841
884 205 28 36 0.836
163 82 18 24 0.833
484 99 35 42 0.829
33 68 28 29 0.814
75 89 26 35 0.810
789 71 29 34 0.795
133 76 15 19 0.775
958 95 19 33 0.761
437 76 19 22 0.745
995 91 15 18 0.727
707 66 21 29 0.688
280 73 17 20 0.656
749 92 13 16 0.492
1 67 11 23 0.484
151 197 22 25 0.456
976 75 9 12 0.325
961 85 14 22 0.085
973 74 9 12 0.072
0 88 6 22 0.065
920 76 11 15 0.033
747 96 13 17 0.028
979 60 6 10 0.024
803 69 24 28 0.022
918 79 12 16 0.021
978 63 7 10 0.021
688 25 22 24 0.020
814 72 14 21 0.019
442 81 16 20 0.014
0 94 6 22 0.013
160 204 19 22 0.011
929 74 13 17 0.011
