2_Demonstration_Demonstration_Or_Protest_2_476
1468
44 379 17 20 0.863
328 616 22 29 0.831
122 360 16 20 0.829
991 592 25 33 0.829
137 496 20 25 0.826
227 427 18 24 0.826
281 361 17 18 0.823
390 605 19 27 0.822
275 501 21 27 0.821
876 534 24 33 0.815
81 343 18 21 0.815
915 320 19 22 0.814
604 335 17 20 0.813
577 327 18 22 0.812
237 311 19 22 0.811
822 587 26 32 0.811
428 367 16 21 0.810
522 567 23 30 0.809
282 406 19 22 0.809
63 440 18 24 0.807
690 377 22 25 0.807
8 331 16 20 0.806
643 326 20 22 0.806
193 501 20 24 0.806
920 623 24 33 0.805
540 364 20 23 0.803
903 387 22 26 0.803
948 444 24 29 0.803
190 327 16 18 0.802
695 604 27 29 0.801
474 283 16 20 0.800
769 404 21 25 0.800
199 447 20 24 0.800
781 505 25 28 0.796
519 301 18 21 0.795
185 430 17 21 0.793
750 469 22 27 0.791
321 253 15 19 0.791
35 417 21 24 0.791
515 399 22 25 0.790
193 553 20 27 0.790
622 561 27 31 0.790
756 578 29 33 0.790
173 304 18 21 0.788
461 428 20 26 0.788
107 427 21 23 0.786
989 375 23 25 0.785
332 222 14 17 0.783
88 263 13 17 0.783
514 607 22 26 0.781
424 491 23 26 0.779
983 322 20 24 0.778
784 444 24 26 0.778
217 481 18 23 0.778
883 417 20 26 0.778
676 464 23 27 0.777
468 543 22 25 0.776
515 105 15 17 0.775
99 304 17 20 0.775
500 495 23 26 0.774
575 363 19 22 0.773
650 495 22 26 0.773
131 406 16 19 0.771
126 291 15 19 0.767
303 611 22 26 0.767
880 474 21 27 0.766
165 349 19 21 0.762
455 172 15 19 0.759
827 435 22 25 0.759
728 508 21 25 0.759
954 500 23 26 0.758
50 255 17 18 0.758
626 457 22 27 0.758
996 521 23 28 0.756
26 224 15 16 0.756
421 341 16 21 0.756
489 649 28 32 0.755
277 552 22 28 0.755
457 265 14 18 0.754
385 278 15 18 0.754
743 376 20 23 0.754
523 467 19 23 0.754
929 403 23 26 0.754
529 250 17 20 0.753
301 276 16 19 0.752
986 415 21 26 0.748
493 295 17 20 0.747
905 238 18 20 0.745
952 102 14 16 0.743
318 201 14 17 0.743
556 227 18 21 0.743
376 376 17 21 0.743
907 189 15 17 0.742
331 493 21 27 0.742
580 437 22 23 0.740
383 224 16 18 0.740
944 289 20 25 0.739
753 263 19 22 0.739
27 359 17 21 0.739
479 215 16 20 0.737
993 113 13 16 0.735
372 295 16 19 0.735
292 245 15 18 0.733
360 248 17 20 0.732
553 257 14 17 0.730
811 291 18 20 0.730
623 305 18 20 0.730
220 406 17 21 0.730
324 294 18 21 0.729
206 376 18 22 0.729
168 271 16 18 0.727
418 407 21 21 0.724
553 470 22 27 0.724
137 382 18 21 0.723
621 175 14 19 0.722
630 235 17 21 0.722
945 243 19 22 0.722
732 283 18 19 0.722
275 294 19 21 0.722
655 531 23 29 0.721
259 265 17 20 0.720
181 403 16 20 0.720
943 359 21 24 0.719
848 325 20 23 0.718
590 387 22 25 0.717
268 228 14 17 0.715
196 262 15 18 0.715
638 373 20 24 0.715
650 41 11 13 0.713
360 440 20 24 0.712
905 291 20 23 0.711
527 163 13 17 0.711
415 266 17 21 0.711
80 381 16 18 0.710
1006 445 18 27 0.709
510 216 15 17 0.708
640 431 19 21 0.708
435 211 16 18 0.702
701 146 12 15 0.701
214 649 25 26 0.700
433 300 18 23 0.699
261 431 18 25 0.699
739 236 17 18 0.695
707 549 23 29 0.694
588 625 28 32 0.694
76 100 12 16 0.692
662 244 17 19 0.692
867 295 19 23 0.690
252 189 15 17 0.690
503 182 13 16 0.690
261 205 14 17 0.690
388 304 15 20 0.688
498 350 19 24 0.688
229 199 13 16 0.686
181 223 15 16 0.684
440 345 18 23 0.684
243 587 22 29 0.682
304 345 18 19 0.681
314 372 18 20 0.681
755 295 17 20 0.679
46 325 18 21 0.679
989 151 16 19 0.677
926 164 15 16 0.677
239 387 19 22 0.677
236 164 14 16 0.675
563 552 24 30 0.674
506 332 17 19 0.673
801 414 23 26 0.673
326 335 19 20 0.672
89 130 12 14 0.671
717 128 13 15 0.671
803 222 17 19 0.671
94 232 16 18 0.671
171 120 12 15 0.669
793 132 13 16 0.669
698 245 17 19 0.669
623 51 13 15 0.667
808 248 17 19 0.667
552 298 17 19 0.667
900 76 13 15 0.663
141 104 10 14 0.663
143 209 15 16 0.663
252 345 18 20 0.663
447 151 15 17 0.661
825 179 17 19 0.660
941 193 16 18 0.660
215 223 14 17 0.660
365 324 17 19 0.658
387 345 18 19 0.657
396 114 12 15 0.656
443 462 18 22 0.655
19 163 15 16 0.654
801 320 18 21 0.654
974 225 16 19 0.652
92 481 18 22 0.650
254 165 13 15 0.650
542 207 16 17 0.650
887 360 20 22 0.649
332 112 13 16 0.648
133 156 12 16 0.648
724 149 15 20 0.646
178 160 14 16 0.642
402 171 13 17 0.642
4 535 24 27 0.639
967 207 15 19 0.638
455 240 16 19 0.638
397 433 20 22 0.634
885 177 14 19 0.634
622 265 17 19 0.634
578 123 14 17 0.632
477 181 13 17 0.632
1004 216 17 24 0.632
12 251 16 19 0.632
337 356 17 19 0.632
671 429 23 26 0.632
480 100 14 18 0.630
111 133 12 15 0.630
654 187 12 15 0.630
673 179 14 16 0.630
757 148 16 19 0.627
661 213 17 21 0.627
46 233 15 17 0.626
469 374 17 22 0.626
147 430 20 22 0.626
601 84 13 15 0.624
808 641 26 30 0.622
588 290 17 21 0.622
1 487 15 22 0.622
74 131 12 14 0.617
62 550 22 23 0.616
568 53 13 14 0.615
601 157 13 16 0.613
403 225 15 19 0.613
63 64 12 15 0.611
781 184 16 18 0.609
732 420 21 23 0.605
733 104 14 16 0.605
953 387 19 22 0.603
737 448 20 24 0.603
112 179 14 15 0.601
625 196 14 18 0.601
734 205 16 19 0.601
135 234 18 20 0.601
114 156 12 15 0.597
933 226 17 20 0.597
580 255 16 19 0.597
192 237 14 17 0.594
599 133 13 15 0.591
536 117 12 15 0.586
421 150 13 16 0.586
924 259 17 20 0.586
169 98 10 14 0.584
23 117 13 15 0.580
681 156 14 17 0.580
364 405 19 22 0.580
20 272 16 17 0.578
337 271 17 21 0.578
259 76 13 15 0.575
87 193 15 17 0.575
19 74 10 12 0.573
799 163 15 21 0.573
689 212 17 20 0.573
81 421 15 19 0.573
571 506 24 26 0.572
432 73 11 14 0.571
688 173 13 16 0.571
855 177 15 19 0.571
609 65 13 15 0.569
245 486 22 25 0.569
801 65 14 15 0.567
402 127 12 16 0.563
364 204 13 16 0.560
40 163 15 18 0.556
286 210 17 20 0.556
879 207 16 20 0.556
676 118 13 16 0.554
974 171 14 16 0.554
863 264 16 20 0.552
188 283 17 19 0.552
138 470 20 23 0.552
560 149 14 18 0.550
878 143 16 17 0.545
865 392 19 24 0.544
16 99 10 13 0.543
304 111 12 15 0.543
425 127 15 18 0.543
940 150 14 17 0.543
385 189 15 18 0.543
206 104 12 16 0.541
89 71 12 13 0.539
556 313 18 22 0.539
316 97 11 14 0.535
503 243 16 19 0.533
261 135 13 14 0.532
314 167 14 18 0.532
537 180 14 17 0.530
622 93 13 15 0.528
767 113 14 17 0.528
860 117 12 14 0.528
647 72 12 17 0.525
77 52 10 13 0.519
170 66 13 15 0.513
444 85 11 15 0.508
194 186 17 20 0.504
295 159 14 16 0.501
920 98 13 14 0.499
38 204 15 17 0.499
270 114 12 14 0.497
351 129 11 14 0.497
202 45 10 13 0.495
333 179 16 19 0.495
302 88 13 15 0.490
643 60 12 16 0.488
711 95 15 17 0.488
321 129 13 17 0.488
211 138 12 15 0.488
500 68 12 15 0.486
553 303 19 22 0.486
402 460 22 27 0.484
516 199 15 19 0.482
189 76 12 13 0.479
662 362 18 23 0.479
371 556 20 25 0.479
151 162 16 18 0.475
523 44 12 15 0.473
207 60 10 13 0.473
100 60 10 13 0.468
207 78 10 14 0.468
9 180 14 19 0.468
292 30 12 16 0.466
490 141 15 17 0.466
57 111 12 14 0.464
505 40 12 15 0.462
140 73 10 13 0.462
67 299 14 17 0.460
522 130 13 16 0.455
611 115 13 15 0.453
396 258 16 18 0.453
212 282 16 18 0.453
240 139 13 15 0.451
56 87 12 14 0.449
414 87 13 15 0.444
332 433 19 23 0.443
645 139 14 16 0.442
393 150 13 16 0.442
897 199 15 19 0.440
466 127 13 17 0.438
204 165 13 17 0.438
682 88 14 17 0.431
975 266 18 20 0.431
685 329 18 19 0.429
373 104 11 15 0.425
409 42 11 13 0.423
828 73 12 13 0.423
172 183 13 14 0.423
565 80 14 16 0.421
843 130 14 18 0.421
862 222 17 20 0.421
612 223 15 20 0.418
65 194 13 15 0.416
779 251 17 19 0.416
220 262 16 17 0.416
521 284 16 19 0.414
11 50 10 14 0.412
640 164 14 18 0.412
890 108 13 15 0.405
340 396 18 22 0.405
186 643 22 27 0.404
243 234 14 17 0.403
251 244 15 18 0.403
705 183 15 18 0.401
512 64 14 18 0.399
43 10 10 12 0.397
673 275 15 18 0.397
773 546 24 28 0.396
425 50 13 16 0.395
102 107 10 13 0.395
131 185 14 16 0.395
1003 267 15 22 0.388
805 28 11 13 0.386
587 108 14 16 0.386
211 240 14 17 0.386
362 133 14 16 0.382
93 166 15 18 0.382
358 178 16 19 0.382
59 212 14 16 0.378
247 108 12 16 0.376
271 157 14 15 0.376
574 211 16 18 0.376
557 111 14 16 0.374
910 218 14 18 0.374
286 94 13 15 0.368
311 243 13 17 0.368
188 96 13 14 0.364
253 178 14 21 0.361
540 143 13 16 0.359
1004 89 13 17 0.358
7 288 15 19 0.357
131 249 16 19 0.355
685 53 12 13 0.353
491 475 22 26 0.353
377 32 13 16 0.347
236 287 17 20 0.347
270 468 19 22 0.347
273 91 12 16 0.345
291 208 18 21 0.345
748 66 12 15 0.343
662 200 17 20 0.343
81 27 9 12 0.341
149 95 11 14 0.341
677 55 11 13 0.339
626 127 14 18 0.339
624 135 14 19 0.339
478 80 13 16 0.337
860 34 12 14 0.333
440 101 13 17 0.331
382 88 12 15 0.329
285 129 13 15 0.327
257 200 16 18 0.326
553 100 14 16 0.325
342 153 13 17 0.325
563 74 14 17 0.324
232 113 12 16 0.324
280 431 18 23 0.322
408 60 11 15 0.322
353 99 12 14 0.322
115 104 10 13 0.322
154 311 17 20 0.322
738 47 11 14 0.316
334 89 10 14 0.316
756 179 17 18 0.316
605 370 20 22 0.316
277 46 11 14 0.314
296 188 15 18 0.306
234 89 12 14 0.304
326 74 12 16 0.302
863 252 18 22 0.302
39 145 14 15 0.299
43 282 16 18 0.299
811 275 18 21 0.299
440 50 10 14 0.297
764 154 17 19 0.288
183 225 17 20 0.283
123 63 10 13 0.282
322 71 13 16 0.282
200 238 16 17 0.280
100 404 19 21 0.280
102 30 9 10 0.279
319 66 12 15 0.279
601 176 15 19 0.279
153 187 15 16 0.277
486 383 18 21 0.277
636 97 14 15 0.275
835 48 13 15 0.270
40 149 14 17 0.270
175 35 9 12 0.268
257 46 11 12 0.268
255 253 15 24 0.266
412 199 18 16 0.264
443 198 15 18 0.264
983 153 17 20 0.263
899 192 15 20 0.263
689 105 14 17 0.261
370 374 18 21 0.261
478 380 21 22 0.261
701 59 13 17 0.259
203 171 16 18 0.259
1001 190 16 20 0.259
866 216 19 20 0.259
629 30 10 13 0.258
922 129 15 19 0.256
890 227 14 18 0.256
687 99 14 17 0.254
272 163 14 16 0.252
587 136 15 17 0.251
863 236 18 21 0.251
604 186 16 20 0.249
398 118 13 18 0.247
698 112 14 17 0.247
693 122 14 17 0.247
484 162 13 16 0.247
645 66 13 19 0.247
179 94 12 14 0.244
661 94 13 16 0.244
44 59 11 13 0.243
840 265 14 17 0.241
47 29 13 15 0.236
627 122 14 16 0.236
511 129 11 14 0.236
245 236 16 21 0.236
812 268 17 21 0.234
141 579 26 31 0.234
126 83 12 15 0.233
772 59 11 15 0.231
434 463 23 40 0.230
810 238 17 43 0.230
562 174 14 16 0.230
100 100 12 15 0.228
421 140 14 29 0.228
555 193 15 17 0.228
316 337 21 21 0.228
534 58 11 15 0.227
518 136 14 19 0.227
439 228 14 18 0.227
488 34 11 14 0.225
604 197 17 20 0.225
298 59 11 14 0.223
81 131 18 15 0.221
171 113 13 29 0.221
473 48 14 15 0.220
814 170 17 19 0.220
713 176 17 18 0.220
551 12 10 13 0.219
125 78 11 14 0.217
314 246 16 19 0.217
139 131 11 15 0.216
840 147 16 18 0.216
575 344 17 43 0.215
70 328 17 20 0.213
398 437 22 29 0.211
120 16 8 11 0.211
12 280 18 20 0.211
553 460 22 26 0.211
814 136 14 16 0.208
344 245 15 18 0.208
953 65 17 15 0.207
832 239 16 19 0.204
2 653 21 26 0.203
285 135 13 16 0.202
376 8 10 13 0.201
369 71 11 14 0.201
838 202 15 18 0.201
73 209 15 17 0.201
431 50 19 15 0.199
484 448 20 23 0.199
236 63 10 14 0.197
999 94 14 25 0.197
775 224 16 19 0.196
701 8 10 11 0.195
283 78 13 17 0.195
400 128 15 23 0.195
420 176 13 17 0.195
836 42 12 17 0.195
756 137 15 45 0.193
691 9 11 13 0.192
880 59 10 12 0.192
926 120 14 15 0.192
152 175 17 24 0.192
27 17 10 13 0.191
152 211 17 18 0.191
583 258 19 20 0.190
241 45 12 13 0.188
744 114 15 17 0.188
228 66 13 16 0.187
711 123 16 17 0.187
152 68 11 14 0.186
106 357 33 22 0.185
327 55 11 13 0.183
71 298 18 18 0.183
913 57 12 14 0.180
360 366 16 20 0.180
288 35 13 17 0.179
702 53 14 16 0.179
648 16 10 14 0.178
514 304 21 31 0.177
593 54 10 12 0.176
577 167 14 18 0.176
567 49 13 29 0.175
234 97 13 24 0.175
552 126 14 17 0.175
158 215 14 17 0.175
47 57 11 13 0.174
147 90 11 16 0.174
761 115 17 15 0.172
774 27 11 14 0.171
584 104 15 17 0.171
184 144 14 15 0.171
360 173 15 18 0.171
468 120 14 27 0.170
27 91 12 15 0.170
94 92 13 14 0.170
807 96 13 16 0.170
691 149 15 18 0.169
557 219 20 20 0.169
844 126 19 19 0.168
426 26 10 14 0.168
190 268 18 22 0.166
272 116 13 15 0.165
656 96 17 16 0.164
151 270 17 19 0.164
233 280 17 18 0.164
345 71 11 14 0.163
517 147 13 16 0.163
227 69 12 21 0.159
158 20 11 14 0.158
348 73 11 13 0.158
771 94 13 15 0.158
617 116 16 20 0.158
330 32 11 14 0.157
90 455 19 23 0.157
770 152 14 17 0.155
939 99 32 18 0.155
918 482 22 27 0.155
998 247 17 19 0.154
640 147 15 24 0.153
81 28 15 13 0.151
971 213 15 29 0.151
712 238 46 18 0.150
836 37 11 14 0.150
499 91 12 15 0.150
529 193 16 18 0.148
555 451 26 49 0.148
694 8 12 12 0.148
851 166 15 20 0.147
789 101 16 17 0.146
692 205 16 19 0.146
409 266 48 19 0.146
414 82 13 30 0.146
459 2 12 14 0.145
449 151 18 31 0.145
720 168 15 19 0.145
181 26 12 14 0.144
210 60 15 18 0.144
477 199 16 20 0.144
309 12 11 14 0.144
561 140 13 48 0.143
693 108 15 24 0.142
212 302 15 18 0.140
944 155 18 21 0.139
678 55 18 12 0.137
586 21 10 14 0.135
946 142 16 18 0.134
805 167 20 21 0.134
43 5 11 23 0.134
301 672 26 22 0.134
264 122 14 17 0.133
950 139 13 16 0.133
649 270 18 21 0.133
168 138 14 17 0.132
15 154 15 42 0.132
519 82 14 17 0.130
238 142 15 21 0.128
17 85 9 36 0.127
774 32 11 15 0.126
226 50 10 13 0.126
800 157 15 19 0.126
660 158 15 18 0.126
31 201 20 18 0.126
852 232 15 18 0.126
430 203 23 41 0.125
277 91 21 17 0.125
720 184 19 21 0.125
922 93 12 39 0.125
623 175 14 48 0.124
901 190 43 16 0.124
559 282 16 19 0.124
600 73 13 40 0.123
772 16 12 15 0.123
138 206 16 59 0.123
204 44 9 22 0.123
649 367 22 25 0.122
321 244 14 45 0.122
717 51 13 15 0.121
576 61 14 16 0.121
677 61 12 15 0.121
214 74 17 15 0.121
841 137 14 18 0.121
470 50 13 16 0.120
503 162 13 17 0.120
605 169 13 59 0.120
695 59 13 22 0.119
232 149 15 28 0.119
17 260 16 27 0.118
960 67 15 15 0.118
545 176 20 17 0.118
476 65 15 18 0.117
680 74 13 26 0.117
587 240 19 21 0.117
193 119 13 15 0.115
534 165 15 25 0.115
240 236 13 17 0.115
303 134 16 16 0.114
725 191 15 20 0.114
73 89 14 27 0.113
724 130 13 65 0.112
309 101 15 18 0.112
316 157 14 16 0.112
426 108 13 53 0.112
125 88 12 15 0.111
649 302 17 20 0.110
527 241 16 57 0.110
145 36 11 14 0.110
419 165 13 24 0.109
221 395 34 25 0.108
634 131 15 17 0.108
142 86 9 55 0.108
41 141 15 16 0.106
745 91 11 15 0.105
627 231 18 35 0.105
400 200 14 17 0.105
15 163 30 17 0.105
244 14 11 13 0.104
387 57 12 15 0.104
63 60 12 30 0.104
319 177 16 64 0.104
727 32 11 14 0.104
93 34 10 18 0.104
81 361 14 67 0.104
992 151 16 30 0.103
933 143 16 18 0.103
-1 330 55 19 0.102
401 292 14 19 0.101
622 141 14 17 0.100
595 252 18 21 0.100
218 189 26 32 0.100
594 377 22 32 0.098
231 43 12 14 0.098
508 43 15 18 0.098
474 129 19 18 0.098
578 162 15 18 0.098
613 281 15 18 0.098
37 542 21 25 0.098
13 234 18 69 0.097
321 54 13 15 0.097
760 298 19 20 0.097
863 215 17 64 0.096
331 59 14 16 0.096
751 43 13 14 0.096
842 234 19 21 0.095
728 34 14 19 0.094
182 414 19 28 0.094
690 181 14 68 0.094
195 215 13 76 0.094
474 405 17 20 0.093
203 190 15 19 0.092
608 189 19 22 0.092
773 220 17 18 0.092
594 260 16 20 0.092
31 366 18 21 0.092
416 188 15 20 0.091
7 317 15 19 0.091
878 416 19 25 0.091
58 127 12 16 0.090
289 138 18 17 0.090
593 245 17 19 0.090
275 471 19 22 0.090
531 142 13 63 0.090
622 24 12 15 0.089
700 65 13 16 0.089
80 296 16 17 0.089
784 316 17 20 0.088
329 333 19 37 0.088
551 1 13 36 0.088
995 90 15 43 0.088
444 67 12 16 0.087
476 187 15 18 0.087
265 217 15 32 0.086
69 149 12 16 0.086
15 221 15 17 0.085
918 138 14 17 0.085
692 263 18 22 0.085
40 71 12 14 0.083
924 123 14 17 0.083
486 390 19 21 0.083
344 26 11 14 0.082
414 5 11 12 0.082
7 310 14 18 0.082
526 144 13 57 0.081
608 146 16 21 0.081
144 264 21 20 0.081
645 267 18 19 0.081
331 100 13 45 0.081
529 160 15 26 0.080
247 246 14 17 0.080
353 185 16 18 0.080
87 218 18 18 0.078
412 183 19 41 0.078
799 149 13 40 0.078
534 94 14 16 0.078
578 149 16 20 0.078
1001 91 14 19 0.078
482 71 13 74 0.078
5 539 39 26 0.077
153 123 12 16 0.077
648 136 14 16 0.077
368 217 16 19 0.077
43 543 23 27 0.076
597 97 15 16 0.075
13 196 14 17 0.075
607 210 18 23 0.075
224 198 43 17 0.075
950 433 22 61 0.075
364 69 13 15 0.075
434 5 12 13 0.074
670 10 10 13 0.074
585 57 13 24 0.074
560 124 19 19 0.074
577 92 13 71 0.074
720 89 29 39 0.074
861 41 23 17 0.074
494 142 15 21 0.073
639 201 17 20 0.073
778 307 22 23 0.073
531 38 11 14 0.072
241 221 19 51 0.072
950 170 16 20 0.072
831 245 17 21 0.072
296 133 13 72 0.071
377 188 17 21 0.071
324 204 15 19 0.071
143 17 10 13 0.070
132 259 15 18 0.070
190 239 31 16 0.070
87 47 15 22 0.070
865 140 16 18 0.070
384 278 16 56 0.070
19 46 18 64 0.070
452 173 28 23 0.069
774 302 17 20 0.069
627 5 12 12 0.069
870 87 13 16 0.069
131 137 12 50 0.068
115 15 9 11 0.068
640 209 17 18 0.068
692 2 16 28 0.068
587 74 13 16 0.068
1008 83 12 20 0.068
602 37 12 84 0.067
217 140 13 15 0.067
378 557 19 26 0.067
47 100 12 14 0.066
98 110 14 18 0.066
167 97 30 13 0.066
609 195 16 73 0.066
865 201 32 44 0.066
555 228 16 55 0.066
882 173 15 74 0.065
201 26 12 13 0.065
768 181 21 20 0.065
479 626 27 32 0.065
627 208 16 84 0.065
565 61 13 41 0.065
81 17 14 31 0.064
894 120 15 20 0.064
642 186 30 27 0.064
58 189 16 16 0.064
341 90 17 19 0.063
699 45 12 14 0.062
285 86 16 20 0.062
579 212 18 19 0.062
736 230 18 21 0.062
144 201 18 27 0.061
189 147 16 16 0.061
148 291 17 19 0.061
797 103 11 96 0.061
272 42 15 16 0.061
31 93 15 14 0.061
309 155 17 18 0.061
572 190 17 20 0.061
477 440 21 26 0.060
1003 244 16 49 0.060
405 230 18 25 0.060
733 7 12 12 0.059
786 98 35 18 0.059
648 18 15 17 0.059
316 39 13 15 0.059
130 289 19 21 0.059
62 390 15 18 0.059
478 61 13 39 0.058
304 94 19 29 0.058
723 40 13 16 0.058
484 63 19 23 0.058
709 55 13 16 0.058
670 8 15 12 0.058
148 176 15 71 0.058
487 215 44 21 0.058
476 151 16 20 0.058
498 59 19 31 0.057
756 152 21 26 0.057
908 274 23 70 0.057
166 22 18 25 0.057
270 54 13 15 0.057
865 78 13 16 0.057
149 221 16 19 0.057
91 232 33 20 0.056
282 70 13 15 0.056
766 148 16 19 0.056
654 150 16 21 0.056
1003 214 14 91 0.056
640 15 15 22 0.056
676 73 12 17 0.056
49 182 29 60 0.055
369 166 16 20 0.055
498 66 38 16 0.055
322 35 16 17 0.055
27 191 15 18 0.055
813 318 19 21 0.054
807 216 19 20 0.054
469 420 19 24 0.054
227 88 11 15 0.054
289 217 18 21 0.053
662 152 17 22 0.053
204 129 12 93 0.052
377 5 10 12 0.052
962 163 18 21 0.052
644 110 12 86 0.052
402 86 13 17 0.052
495 283 17 19 0.052
172 79 10 92 0.051
21 121 13 15 0.051
645 18 12 15 0.051
900 44 12 91 0.051
347 35 12 24 0.051
9 114 9 15 0.051
80 177 45 33 0.050
845 198 16 19 0.050
389 139 16 20 0.050
67 324 17 20 0.050
218 17 11 13 0.049
695 43 13 16 0.049
483 45 17 21 0.049
482 453 17 21 0.049
423 34 30 44 0.049
397 244 18 21 0.049
265 184 12 87 0.049
526 33 13 39 0.048
230 42 16 27 0.048
198 647 24 26 0.048
377 2 11 80 0.048
183 25 18 16 0.048
479 86 17 28 0.048
360 104 14 22 0.048
864 176 19 21 0.048
260 36 10 90 0.048
914 53 13 16 0.047
957 177 19 21 0.047
825 44 16 65 0.047
600 109 13 86 0.047
221 176 15 92 0.047
646 646 21 28 0.047
100 99 22 22 0.047
740 9 13 13 0.047
471 335 16 20 0.047
328 386 18 20 0.047
242 78 14 16 0.046
892 205 18 21 0.046
122 57 10 17 0.046
425 28 12 30 0.046
362 293 18 20 0.046
660 26 12 14 0.045
796 64 17 21 0.045
371 404 17 20 0.045
781 151 16 71 0.045
261 210 14 98 0.045
37 385 17 19 0.045
558 195 19 19 0.045
90 60 15 35 0.044
509 44 27 16 0.044
144 17 10 24 0.044
125 41 12 13 0.044
443 166 13 16 0.044
748 152 17 20 0.044
664 434 21 25 0.044
949 130 17 17 0.043
474 336 45 67 0.043
664 185 15 81 0.043
566 27 11 94 0.043
36 125 31 56 0.043
459 32 12 13 0.042
955 184 16 19 0.042
902 150 20 82 0.042
747 173 20 23 0.042
101 408 21 26 0.042
748 55 12 36 0.042
667 145 14 16 0.042
390 340 17 19 0.042
364 170 13 70 0.041
380 71 15 26 0.041
441 106 14 17 0.041
65 133 16 15 0.041
441 67 13 60 0.041
263 108 12 57 0.040
11 101 12 16 0.040
474 211 50 33 0.040
876 664 25 21 0.040
971 167 14 18 0.040
462 83 15 16 0.040
113 128 11 95 0.040
456 299 13 19 0.040
551 318 18 20 0.040
122 47 11 26 0.039
617 170 17 20 0.039
1003 204 17 23 0.039
5 460 16 20 0.039
852 149 17 19 0.039
581 242 19 20 0.039
743 461 22 28 0.039
57 101 35 66 0.039
410 -6 10 94 0.038
435 37 15 28 0.038
857 79 15 16 0.038
852 83 16 17 0.038
404 289 15 17 0.038
272 543 22 30 0.038
707 170 17 18 0.038
63 15 12 103 0.038
743 13 11 86 0.038
144 40 11 15 0.038
75 109 19 50 0.037
458 75 18 22 0.037
368 226 13 18 0.037
558 69 12 16 0.037
517 84 13 72 0.036
624 23 15 21 0.036
845 80 15 15 0.036
872 268 18 19 0.036
12 521 22 26 0.036
649 527 22 28 0.036
171 49 12 24 0.036
748 29 10 86 0.036
357 687 30 16 0.035
253 132 14 89 0.035
160 209 14 17 0.035
147 282 16 20 0.035
302 432 20 24 0.035
91 159 15 19 0.035
818 146 17 18 0.035
556 168 15 19 0.035
689 67 17 25 0.034
720 227 14 18 0.034
506 38 25 71 0.034
320 227 24 66 0.034
666 271 18 22 0.034
410 23 12 23 0.034
908 122 18 20 0.034
954 122 14 17 0.034
870 442 19 24 0.034
4 444 14 44 0.034
437 55 16 54 0.034
331 90 25 14 0.033
377 150 15 18 0.033
366 60 15 35 0.033
306 51 18 17 0.033
536 73 16 17 0.033
206 0 8 105 0.033
334 332 20 91 0.033
478 49 14 108 0.033
953 154 15 21 0.033
991 254 18 21 0.033
387 276 15 105 0.033
427 23 14 20 0.033
209 103 12 97 0.032
690 345 17 20 0.032
3 429 15 20 0.032
408 458 20 24 0.032
397 101 12 104 0.032
100 53 12 25 0.032
170 143 17 22 0.032
878 232 17 20 0.032
659 302 20 22 0.032
235 580 21 27 0.032
167 142 13 17 0.032
118 38 15 16 0.032
847 85 17 18 0.032
679 145 16 18 0.032
413 258 19 24 0.032
408 45 11 16 0.032
574 512 25 28 0.032
931 75 13 14 0.032
19 166 18 21 0.032
391 134 23 87 0.032
937 143 17 22 0.031
773 67 13 19 0.031
328 56 18 26 0.031
133 3 12 12 0.031
566 4 13 13 0.031
371 39 15 18 0.031
898 57 12 14 0.031
463 59 15 18 0.031
453 102 15 16 0.031
28 113 17 16 0.031
502 231 19 20 0.031
586 228 18 26 0.031
215 194 11 103 0.031
852 120 15 16 0.030
125 337 17 20 0.030
961 386 18 23 0.030
237 126 12 71 0.030
604 11 16 15 0.030
289 190 16 18 0.030
334 478 24 27 0.030
829 79 15 18 0.030
834 16 36 59 0.030
143 38 13 27 0.030
478 1 15 11 0.029
277 327 17 19 0.029
809 321 19 24 0.029
194 375 17 21 0.029
136 9 13 14 0.029
772 5 11 94 0.029
896 160 14 17 0.029
680 323 18 21 0.029
649 13 11 77 0.029
965 68 14 16 0.029
375 166 14 18 0.029
514 290 20 21 0.029
422 107 12 90 0.029
401 12 11 14 0.028
568 47 12 16 0.028
176 7 12 12 0.028
178 48 14 24 0.028
776 47 13 20 0.028
424 97 16 21 0.028
293 -5 10 100 0.028
43 29 16 23 0.028
934 72 13 14 0.028
425 15 12 23 0.028
351 292 17 20 0.028
291 187 14 102 0.028
544 4 12 12 0.027
466 317 22 37 0.027
970 64 12 15 0.027
675 137 17 82 0.027
861 200 16 105 0.027
352 42 13 16 0.027
623 -17 16 91 0.027
555 260 15 19 0.027
141 413 21 25 0.027
523 230 15 19 0.027
676 49 39 23 0.027
48 177 16 17 0.026
399 81 23 96 0.026
489 149 28 93 0.026
292 96 13 110 0.026
424 6 19 12 0.026
812 88 14 17 0.026
879 440 21 75 0.026
358 143 15 16 0.026
472 389 19 23 0.026
194 407 54 78 0.026
502 7 13 87 0.026
77 37 11 38 0.026
115 10 11 11 0.026
164 17 13 15 0.026
322 134 15 18 0.026
284 49 19 100 0.026
824 315 20 22 0.025
154 408 18 21 0.025
673 36 12 17 0.025
432 170 18 18 0.025
830 206 16 19 0.025
165 405 18 22 0.025
407 5 31 13 0.025
570 4 15 14 0.025
457 141 37 91 0.025
500 33 40 40 0.025
667 32 14 20 0.025
405 427 21 22 0.025
4 464 15 28 0.025
712 658 23 24 0.024
535 31 11 15 0.024
871 92 14 17 0.024
966 180 17 21 0.024
318 46 19 64 0.024
373 68 11 75 0.024
512 3 14 15 0.024
403 44 16 21 0.024
629 111 16 17 0.024
147 314 20 20 0.024
34 141 15 16 0.024
152 117 15 92 0.024
919 76 15 16 0.024
416 245 13 17 0.024
787 668 30 21 0.024
62 129 17 25 0.023
612 10 16 25 0.023
525 281 17 19 0.023
843 266 18 25 0.023
402 9 13 12 0.023
847 93 13 16 0.023
155 13 21 17 0.023
910 227 47 57 0.023
521 188 19 26 0.023
294 17 14 17 0.023
334 159 18 23 0.023
981 315 19 26 0.023
471 25 16 57 0.023
206 368 21 22 0.022
823 66 14 18 0.022
32 129 13 15 0.022
743 161 17 23 0.022
328 28 19 17 0.022
583 49 17 37 0.022
296 154 33 17 0.022
394 74 15 22 0.022
476 624 22 26 0.022
622 76 15 108 0.022
781 191 17 20 0.022
36 368 18 27 0.022
742 134 19 20 0.022
233 268 18 18 0.022
428 -13 13 91 0.022
443 32 16 23 0.021
797 113 13 16 0.021
980 201 17 21 0.021
362 293 27 105 0.021
653 103 14 16 0.021
100 360 17 20 0.021
439 25 14 109 0.021
638 133 26 102 0.021
574 3 16 22 0.021
213 307 19 18 0.021
142 433 19 23 0.021
134 212 16 18 0.021
112 117 15 80 0.021
263 72 12 111 0.021
537 109 41 89 0.021
208 288 19 22 0.020
474 375 19 23 0.020
429 101 15 19 0.020
10 42 9 14 0.020
628 209 19 21 0.020
370 333 19 20 0.020
607 7 13 14 0.020
152 318 17 19 0.020
526 10 15 15 0.020
24 70 12 15 0.020
30 397 14 18 0.020
859 30 12 14 0.020
359 80 19 103 0.020
444 23 16 21 0.020
697 194 16 19 0.020
526 300 18 21 0.020
308 358 19 22 0.020
575 221 19 21 0.019
723 32 11 30 0.019
319 93 11 111 0.019
877 390 17 20 0.019
588 32 13 26 0.019
614 185 60 36 0.019
718 78 16 103 0.019
201 38 12 18 0.019
332 132 20 95 0.018
212 11 16 14 0.018
709 263 15 18 0.018
987 187 19 20 0.018
224 23 12 19 0.018
668 304 17 20 0.018
140 590 23 26 0.018
665 422 21 26 0.018
150 139 15 22 0.018
457 33 18 16 0.018
412 2 11 27 0.018
655 289 18 23 0.018
66 178 17 22 0.018
66 332 16 19 0.018
608 278 17 19 0.018
351 46 19 15 0.018
714 235 19 18 0.018
171 2 10 116 0.017
505 6 32 90 0.017
715 79 14 18 0.017
617 4 15 14 0.017
257 190 15 18 0.017
561 104 21 96 0.017
805 21 11 15 0.017
12 218 11 15 0.017
536 61 16 112 0.017
221 344 17 20 0.017
355 19 17 15 0.017
333 48 11 115 0.017
781 68 16 23 0.017
895 153 16 18 0.017
272 315 19 25 0.017
223 41 13 16 0.017
339 15 12 15 0.017
304 663 26 25 0.016
429 132 18 19 0.016
473 21 17 112 0.016
172 3 13 11 0.016
630 5 16 13 0.016
801 32 14 16 0.016
134 26 19 104 0.016
887 136 16 18 0.016
497 261 18 28 0.016
919 124 14 19 0.016
718 115 12 30 0.016
8 393 15 20 0.016
153 582 19 25 0.016
978 221 17 22 0.016
59 218 18 23 0.016
873 74 33 65 0.016
949 213 19 18 0.016
810 28 11 13 0.016
650 434 21 25 0.016
641 526 21 27 0.016
253 42 41 22 0.016
670 283 17 26 0.016
325 10 33 53 0.016
445 126 18 20 0.016
795 305 20 25 0.016
362 410 18 22 0.015
616 33 15 23 0.015
491 201 15 18 0.015
213 613 19 23 0.015
773 242 18 22 0.015
259 32 12 15 0.015
134 200 18 24 0.015
747 196 19 19 0.015
605 255 18 21 0.015
377 332 19 21 0.015
448 465 18 23 0.015
749 118 19 22 0.015
265 469 17 20 0.015
321 73 13 109 0.015
618 49 17 105 0.015
314 162 22 110 0.015
554 3 17 28 0.015
179 -13 20 90 0.015
721 9 33 89 0.015
826 121 34 63 0.015
338 388 18 21 0.015
344 95 14 111 0.015
249 -20 12 99 0.015
364 208 15 134 0.015
737 186 20 24 0.014
257 540 20 24 0.014
343 4 13 21 0.014
641 72 16 117 0.014
681 435 22 33 0.014
185 126 24 101 0.014
5 298 15 25 0.014
522 10 13 12 0.014
694 14 12 28 0.014
1002 77 16 25 0.014
362 241 17 23 0.014
278 5 14 12 0.014
81 161 18 19 0.014
719 197 20 24 0.014
807 204 17 20 0.014
910 79 17 21 0.014
147 296 19 22 0.014
110 71 11 117 0.014
363 26 20 103 0.014
520 373 17 20 0.014
207 47 11 114 0.014
169 220 19 17 0.014
716 256 17 21 0.014
79 -4 9 114 0.013
204 249 15 26 0.013
290 13 24 43 0.013
147 554 22 37 0.013
87 643 25 25 0.013
68 27 14 16 0.013
771 125 28 113 0.013
560 22 13 17 0.013
16 245 16 17 0.013
409 309 14 18 0.013
579 186 16 20 0.013
79 47 10 114 0.013
44 5 11 14 0.013
692 332 18 21 0.013
379 -25 13 108 0.013
769 -3 15 62 0.013
842 308 18 21 0.013
8 400 15 20 0.013
767 99 12 18 0.013
595 38 25 55 0.013
28 270 18 19 0.013
533 290 20 21 0.013
219 4 13 12 0.013
483 436 19 23 0.013
273 325 17 18 0.013
492 22 25 106 0.013
332 333 18 20 0.013
204 34 19 91 0.013
343 9 15 27 0.013
525 370 19 21 0.013
283 437 20 24 0.013
525 90 13 126 0.013
290 373 41 35 0.013
232 47 19 113 0.013
564 30 11 135 0.013
673 25 12 22 0.013
468 330 27 22 0.013
936 202 36 86 0.012
90 372 18 21 0.012
477 2 34 15 0.012
409 303 18 19 0.012
437 119 49 74 0.012
148 53 14 20 0.012
487 252 18 20 0.012
917 274 20 25 0.012
681 18 11 117 0.012
675 48 16 115 0.012
351 396 21 23 0.012
133 110 12 127 0.012
685 70 46 68 0.012
752 9 18 19 0.012
673 5 13 12 0.012
726 17 14 37 0.012
494 11 15 23 0.012
569 271 20 20 0.012
780 440 19 23 0.012
95 447 21 23 0.012
223 3 11 10 0.012
567 497 20 24 0.012
413 15 30 76 0.012
390 128 12 18 0.012
219 35 16 26 0.012
324 22 24 114 0.012
717 214 18 24 0.012
860 389 17 23 0.012
922 75 20 15 0.012
304 49 21 104 0.012
9 167 13 17 0.012
514 329 18 21 0.012
55 301 18 21 0.011
554 342 18 22 0.011
589 12 29 98 0.011
312 366 27 44 0.011
5 381 14 21 0.011
11 90 9 13 0.011
79 72 16 115 0.011
768 9 12 14 0.011
508 324 18 22 0.011
20 364 18 21 0.011
397 49 10 121 0.011
164 295 18 21 0.011
499 477 23 27 0.011
738 377 18 22 0.011
525 -1 34 112 0.011
490 4 15 24 0.011
846 150 30 21 0.011
798 653 24 25 0.011
875 76 17 121 0.011
453 179 19 21 0.011
725 92 16 17 0.011
698 269 18 20 0.011
138 375 19 22 0.011
6 117 13 16 0.011
846 175 26 23 0.011
5 419 16 22 0.011
385 127 14 17 0.011
279 8 20 14 0.011
677 131 46 99 0.011
464 112 17 29 0.010
17 329 17 20 0.010
602 13 15 18 0.010
874 276 19 21 0.010
73 177 16 19 0.010
72 221 16 18 0.010
948 279 21 22 0.010
813 107 44 87 0.010
149 120 36 105 0.010
802 59 14 16 0.010
472 262 16 20 0.010
525 289 19 19 0.010
43 6 23 13 0.010
587 204 19 20 0.010
259 90 14 128 0.010
909 594 26 40 0.010
177 6 17 29 0.010
403 18 14 24 0.010
588 439 18 22 0.010
143 422 21 26 0.010
246 6 13 14 0.010
453 450 20 23 0.010
