25_Soldier_Patrol_Soldier_Patrol_25_1029
36
121 438 62 74 0.890
254 360 58 69 0.886
247 178 44 55 0.854
154 196 51 64 0.841
457 178 45 54 0.839
660 311 36 40 0.838
610 297 39 41 0.835
554 329 31 38 0.828
579 142 32 44 0.827
516 387 40 62 0.827
871 170 44 50 0.818
736 143 58 70 0.814
656 190 30 43 0.774
717 185 37 46 0.771
498 185 33 42 0.769
434 162 10 12 0.617
389 182 8 10 0.378
551 164 12 16 0.225
409 183 7 10 0.202
397 186 8 9 0.130
549 167 10 13 0.092
504 154 15 17 0.088
406 177 11 21 0.076
385 181 8 11 0.073
408 166 9 10 0.070
422 175 9 11 0.062
407 163 11 21 0.047
627 150 10 14 0.025
460 154 12 15 0.023
543 172 12 14 0.019
674 189 40 45 0.017
620 143 13 16 0.014
456 153 18 23 0.014
623 148 13 19 0.013
553 166 18 23 0.011
405 165 8 11 0.010
