25_Soldier_Patrol_Soldier_Patrol_25_614
40
386 296 12 15 0.188
389 301 10 12 0.157
318 328 10 12 0.117
284 100 25 35 0.112
384 292 12 14 0.103
607 69 7 7 0.095
975 173 49 157 0.093
94 182 9 10 0.088
313 30 18 18 0.074
42 198 9 13 0.060
826 105 13 12 0.049
174 20 22 21 0.049
169 12 18 22 0.041
383 287 13 15 0.037
843 108 13 14 0.035
838 109 16 17 0.034
92 180 10 10 0.032
288 96 20 25 0.027
834 123 10 12 0.026
277 90 34 50 0.026
836 116 13 15 0.025
180 25 17 20 0.021
332 25 18 15 0.021
334 20 19 17 0.020
189 17 21 23 0.019
387 306 11 11 0.017
39 199 9 11 0.017
88 180 9 9 0.017
95 187 9 10 0.017
823 104 10 11 0.015
840 108 25 14 0.015
957 134 9 8 0.014
825 88 25 54 0.014
185 24 20 20 0.014
313 326 11 14 0.012
825 107 28 16 0.012
291 89 18 21 0.011
42 205 9 12 0.011
376 288 14 15 0.011
286 113 19 26 0.011
