25_Soldier_Patrol_Soldier_Patrol_25_700
49
80 427 27 32 0.810
477 416 20 24 0.767
542 369 29 42 0.748
219 403 21 29 0.625
583 416 16 23 0.584
885 382 23 29 0.582
432 415 15 22 0.545
172 389 24 36 0.503
56 394 16 21 0.455
107 399 18 27 0.317
444 417 20 21 0.168
456 421 14 19 0.158
594 407 14 20 0.149
624 419 16 19 0.132
61 391 14 21 0.118
410 425 14 19 0.116
114 411 19 30 0.106
241 420 18 20 0.089
120 421 16 21 0.059
67 394 14 20 0.056
598 408 11 13 0.052
404 419 19 20 0.049
109 395 19 23 0.049
593 414 14 20 0.044
625 425 16 19 0.039
428 413 15 22 0.036
502 412 15 18 0.028
407 429 13 17 0.028
557 397 16 23 0.027
418 421 17 21 0.026
180 392 19 27 0.025
391 413 13 15 0.023
689 411 41 34 0.020
397 416 17 17 0.020
386 412 13 17 0.019
458 417 15 19 0.018
579 420 16 21 0.018
181 400 20 27 0.017
891 393 18 24 0.015
34 398 19 30 0.015
232 409 19 26 0.014
46 394 16 24 0.014
424 411 16 18 0.014
552 386 20 29 0.013
251 424 20 19 0.012
708 416 27 28 0.012
55 419 16 21 0.010
630 431 13 18 0.010
897 388 17 25 0.010
