25_Soldier_Patrol_Soldier_Patrol_25_679
33
200 173 47 55 0.889
597 150 84 105 0.888
121 199 38 44 0.878
307 128 39 51 0.867
868 38 40 48 0.853
434 61 39 43 0.850
492 150 28 37 0.828
85 180 28 34 0.803
310 98 27 29 0.763
33 123 15 18 0.709
52 186 15 20 0.372
179 152 7 10 0.359
144 153 7 8 0.357
134 155 8 9 0.184
138 153 9 11 0.168
146 154 9 10 0.165
161 161 8 10 0.160
90 159 11 12 0.123
65 168 13 15 0.104
278 134 17 30 0.093
178 149 8 9 0.046
106 143 9 9 0.042
93 159 11 14 0.040
111 142 8 8 0.038
103 144 9 13 0.033
56 173 14 18 0.029
71 180 21 26 0.025
307 103 37 52 0.025
60 164 11 15 0.021
87 152 18 27 0.020
319 97 18 23 0.018
782 194 7 8 0.017
121 159 8 9 0.012
