25_Soldier_Patrol_Soldier_Patrol_25_515
46
787 308 17 24 0.821
834 313 18 25 0.807
56 308 15 21 0.782
804 294 19 25 0.777
372 319 14 19 0.765
476 320 14 19 0.762
366 296 12 19 0.754
636 310 19 24 0.747
535 312 16 20 0.745
414 316 15 20 0.730
884 328 19 25 0.720
721 301 19 25 0.718
440 332 12 18 0.717
521 315 14 19 0.702
669 312 17 22 0.684
615 323 14 17 0.681
577 323 15 19 0.681
910 310 16 23 0.679
699 316 16 22 0.679
393 312 14 17 0.677
561 337 14 18 0.650
861 302 15 22 0.615
458 315 13 18 0.613
735 325 14 19 0.370
650 300 18 19 0.179
762 315 18 22 0.150
589 321 42 18 0.142
663 308 18 22 0.127
700 306 16 21 0.090
175 302 8 10 0.085
673 309 17 22 0.078
759 319 16 20 0.059
621 307 12 15 0.052
376 314 51 19 0.044
705 321 15 21 0.036
919 308 16 21 0.035
617 308 19 19 0.031
617 313 14 19 0.026
860 299 14 19 0.024
753 310 16 20 0.023
906 312 14 23 0.020
369 311 15 24 0.017
763 323 16 20 0.014
387 310 13 18 0.012
177 301 9 14 0.010
781 314 18 20 0.010
